1
Iris-virginica
3
0.0
4.077587427438764
136.83443992289574
4.077587427438764
0.0
9.912400741009666
136.83443992289574
9.912400741009666
0.0
0.7357315520753492
2.317397635258795
0
1.8149038542027502
-0.3805324047700974
25
4.077587427438764
1.1568635759385515
0.5044334671331527
0.11563455035558812
12
0.5024937810560448
0.5024937810560446
1.0616999244972611
2
0.5415771275856897
0.3449020081418247
-0.3805324047700974
11
4
0.5930711031009084,0.34399612400917173,0.4762002379951815,0.25670995305986594
6.344000000000001,2.88,5.352,1.9560000000000002
5.916666666666667,2.6333333333333333,5.033333333333333,1.75
7.7,3.4,6.4,2.25
6.5636363636363635,3.0545454545454547,5.509090909090909,2.1272727272727274
0.38098755248894617,0.22696949467968416,0.31139957766460863,0.21105794120443497
0.0,0.5656854249492382,0.42426406871190303,0.07071067811864772
0.2110579412044328,0.18635254955935646,0.22563042992710466,0.09045340337332723
Iris-virginica
