2
Iris-setosa
3
0.0
37.59090588152216
8.85277081352122
37.59090588152216
0.0
261.02137667142955
8.85277081352122
261.02137667142955
0.0
0.4512650028135713
1.2209239437519521
0
0.9127032436035027
-2.4714055161028767
21
8.85277081352122
0.3082207001484493
0.30822070014844893
4.456651227967063
2
0.5569990429832871
0.3176200809813891
-2.4714055161028767
11
0.5699506557589002
0.2211387962829429
1.070062248029196
8
4
0.3458598670257067,0.3627933952252378,0.13540064007726477,0.09486832980505142
5.019047619047619,3.447619047619048,1.4666666666666666,0.2
5.550000000000001,4.15,1.6,0.4
5.109090909090909,3.563636363636363,1.4818181818181815,0.21818181818181823
4.7625,3.1125000000000003,1.4125,0.125
0.21213203435593478,0.35355339059326374,0.14142135623730487,0.0
0.28793938756113885,0.21105794120443955,0.11677484162423314,0.06030226891555274
0.21998376563477995,0.06408699444615226,0.1457737973711315,0.046291004988627635
Iris-versicolor
3
0.0
133.09738888003707
142.26999683844448
133.09738888003707
0.0
32.489653401797156
142.26999683844448
32.489653401797156
0.0
0.6895556270420716
1.6363836943068903
1
0.9043773191069651
-1.0559460048913727
29
32.489653401797156
0.42883563284783105
0.2842637458001153
-1.0559460048913727
10
0.667991779703523
0.4128499499081736
1.3501305325625412
13
0.7320063751999253
0.6128236217345162
3.428685987559443
6
4
0.518737573297666,0.3055722242555039,0.4723643496473196,0.19336277449803296
5.886206896551724,2.713793103448276,4.220689655172414,1.310344827586207
5.59,2.6900000000000004,4.04,1.29
6.323076923076924,2.923076923076923,4.638461538461539,1.453846153846154
5.433333333333334,2.3000000000000003,3.6166666666666667,1.0333333333333334
0.17919573407622183,0.23309511649395542,0.08432740427117087,0.056764621219754584
0.34194016570604424,0.16408253082847402,0.21031112483833345,0.1506396617505076
0.5006662228138283,0.1999999999999961,0.4167333280008546,0.0516397779494311
Iris-setosa
Iris-versicolor
