2
Iris-versicolor
2
0.0
478.7064524719214
478.7064524719214
0.0
0.7068702040152196
1.5839930737640115
0
0.6150422058150457
4.043106344773066
50
478.7064524719214
0.9689508679489659
0.4887355690937826
8.425685394525228
23
0.8842548962467487
0.5077755309745656
4.043106344773066
27
4
0.5161711470638861,0.313798323378411,0.4699109772399491,0.19775268000454643
5.935999999999999,2.77,4.26,1.3259999999999998
5.539130434782608,2.5869565217391304,3.8565217391304345,1.1695652173913045
6.274074074074073,2.925925925925926,4.603703703703704,1.459259259259259
0.31296112223665395,0.25814785725536443,0.3461818846115501,0.1362977442909987
0.40152841895074004,0.272583921576445,0.21923201878986567,0.13376000109053138
Iris-virginica
3
0.0
155.40761243685412
438.0737139478326
155.40761243685412
0.0
49.033249838258904
438.0737139478326
49.033249838258904
0.0
0.8193394076348904
2.0938834826546113
1
1.2208092425156252
-0.7194297955470805
50
49.033249838258904
0.6549653363627231
0.4154109447661031
-0.7194297955470805
21
0.8406019094957686
0.598424184270203
0.46855789318551055
11
1.2795398478446136
0.5138125125826722
0.572659804213175
18
4
0.6358795932744126,0.3224966381726396,0.5518946956639624,0.2746500556366686
6.588000000000001,2.9739999999999998,5.552,2.026
6.600000000000001,3.119047619047619,5.538095238095239,2.195238095238095
7.5090909090909115,3.1363636363636362,6.336363636363637,2.045454545454546
6.01111111111111,2.7055555555555557,5.088888888888887,1.8166666666666664
0.24289915602980552,0.16917165134575954,0.2597617956439806,0.19615348703551053
0.2547726259021063,0.4153859103838927,0.3500649290423784,0.26594599588501355
0.39539836782800264,0.2127473569953302,0.31787694416866175,0.22029392130675624
Iris-versicolor
Iris-virginica
