1
Iris-versicolor
3
0.0
51.72189421988061
114.48763250883395
51.72189421988061
0.0
142.38539156942812
114.48763250883395
142.38539156942812
0.0
0.6235015611877466
1.6720610403892053
0
0.76483694703875
-0.5688887094164541
25
51.72189421988061
0.9072240933504553
0.5693900956226413
4.7351691117390615
6
0.7456778815001681
0.41936057962885
0.5781557739260959
13
0.31578825535827376
0.2160640243453709
-0.5688887094164541
6
4
0.43730233629988086,0.3188521078284849,0.42339894504671133,0.19148542155126635
5.896,2.76,4.248,1.3
5.583333333333333,2.35,3.75,1.0333333333333334
6.138461538461538,2.9538461538461536,4.56923076923077,1.4384615384615385
5.683333333333334,2.75,4.05,1.2666666666666666
0.4400757510550504,0.2588435821108933,0.42308391602612266,0.0516397779494311
0.4011202262382621,0.1898042176181601,0.15483655567840596,0.11929278784054743
0.11690451944497236,0.18708286933869556,0.10488088481703521,0.05163977794943282
Iris-versicolor
