2
Iris-setosa
3
0.0
380.8583418556264
195.3677050852136
380.8583418556264
0.0
43.667377398720646
195.3677050852136
43.667377398720646
0.0
0.4516934373044651
1.1018152753639665
0
0.5509636619506987
-1.8236915980196482
27
43.667377398720646
0.48643830258545867
0.29081361000442574
-1.8236915980196482
15
0.3691205765058353
0.28532320926996496
-0.3125234787871065
4
0.5508516134132677
0.2720017215708155
12.600870021059634
8
4
0.3248054425322472,0.3180245291476824,0.1648620246736295,0.13117917978085242
5.037037037037037,3.5037037037037035,1.4555555555555555,0.2518518518518519
5.239999999999999,3.633333333333333,1.4466666666666665,0.22000000000000003
5.125,3.675,1.7000000000000002,0.5
4.6125,3.175,1.3499999999999999,0.18750000000000003
0.15491933384831272,0.25260547066429245,0.10600988273786328,0.07745966692414837
0.18929694485999812,0.20615528128088695,0.141421356237308,0.1154700538379252
0.1726888200533835,0.23145502494314224,0.15118578920369097,0.06408699444616552
Iris-versicolor
3
0.0
575.7962253841752
21.188723564867885
575.7962253841752
0.0
53.36607735775769
21.188723564867885
53.36607735775769
0.0
0.7378819551481365
2.1710004473138302
1
1.5730874101587609
-0.9283753683238513
50
21.188723564867885
0.7964003215859595
0.36668667130209687
0.17610784042934058
24
0.8131791503589542
0.5153110896705745
-0.9283753683238513
22
0.5979130371550694
0.4225766874401493
4.916292940441534
4
4
0.5795177446174813,0.2977534934423844,0.4583956049224809,0.17889684634630576
6.1259999999999994,2.846,4.426,1.3939999999999997
6.604166666666665,3.0500000000000003,4.675,1.4833333333333332
5.777272727272727,2.709090909090909,4.354545454545455,1.3636363636363635
5.175000000000001,2.375,3.325,1.025
0.30571252006999383,0.14744195615490133,0.17754362599213686,0.14345630047135707
0.31912352912287284,0.2524340383604054,0.37509017674771467,0.12552918289217044
0.35939764421411197,0.26299556396765805,0.2362907813126282,0.050000000000000946
Iris-setosa
Iris-versicolor
