4
Walking
5
0.0
1461334.5166668426
5162094.060427067
3819248.217041281
4807914.791485591
1461334.5166668426
0.0
79181.91155141935
82232.21015577824
113791.66554142973
5162094.060427067
79181.91155141935
0.0
289388.08783796366
369174.2086151067
3819248.217041281
82232.21015577824
289388.08783796366
0.0
168623.80455871037
4807914.791485591
113791.66554142973
369174.2086151067
168623.80455871037
0.0
7.488076478955005
45.05321429986381
0
13.625667930583068
-0.1872457112677235
81496
79181.91155141935
13.759513726157367
5.285766899353792
-0.1872457112677235
55053
25.010474704749033
9.16620960744045
-0.013913063134097126
4618
21.41358785267475
5.761824954521116
-0.02802591885388772
7981
17.472370468491157
5.2610053429153325
-0.012869655229467925
6073
35.978381058743
7.556098346796128
0.12801914100625883
7771
3
5.7738102032717284,5.017102497765132,4.036365451191515
1.6315267018381256,8.70217290874399,-0.10323506283304557
1.9558533450856488,8.453380054365766,-0.4179788497423526
13.99625378951924,3.3400086617583264,-2.1081154059042864
-4.060494979200621,15.142186749780937,-2.4623979159473786
-4.397326775234641,2.2342646285196808,-3.333398936106377
2.543351154420276,12.091842709947246,8.265236312551783
3.979674565126636,3.5223804557295892,2.1322341949513444
3.0101937199190956,7.88745206968251,5.643621876857473
4.121307125104467,2.6515435728097763,3.9904118901136187
4.7877837251213595,2.734861310067003,2.7664570514482794
6.52414909400277,4.663859973088023,3.2253037148423083
Sitting
5
0.0
1396.3525864512485
5025.330837700894
925.945459475617
1834.0518745464653
1396.3525864512485
0.0
66210.92328409442
13953.170017196078
57412.45972040305
5025.330837700894
66210.92328409442
0.0
48447.93388776411
256764.22610710008
925.945459475617
13953.170017196078
48447.93388776411
0.0
77072.28187667545
1834.0518745464653
57412.45972040305
256764.22610710008
77072.28187667545
0.0
5.928355056598226
22.00423636506002
1
16.541735275554377
-0.16547496580878662
10999
925.945459475617
4.992541462676371
1.0182673516591336
-0.013157565517852743
264
14.361823131410098
4.807465525336225
-0.036210777547074524
1388
8.911359505373202
3.2091696251653543
-0.16547496580878662
5454
3.34600090152944
0.5940285727204275
-0.0407112132968005
1214
3.145579266046097
1.1308341477359012
-0.09063691315799516
2679
3
4.404535484234096,3.126291037276843,3.7647293757550417
1.9150904627693395,2.181386489680885,6.759290868506262
-7.067007575757574,-0.9744696969696978,-6.768143939393948
3.884495677233438,7.500763688760793,1.6375578269452469
-1.4924220755408875,1.8621543821048832,8.960721366703412
8.133616144975257,-2.385790774299815,3.8656507413508985
5.899048152295629,2.4559275849197526,7.575448176521081
0.5905959353718533,1.0821881891079634,0.8083424116596416
1.9939295304959956,1.9343698527173918,4.528306665925703
2.1758876978980974,2.4733532843290695,0.5801417699935457
0.14577655468001807,0.48698679064169914,0.7679353353225513
0.9536443350877243,0.3678921195573034,0.775807712969771
Standing
5
0.0
17650.306283696344
84763.43887986339
26509.070914124462
1391.285879620101
17650.306283696344
0.0
1214410.0548285113
117447.57561301351
5684.783949095956
84763.43887986339
1214410.0548285113
0.0
2335707.6570368935
26419.967234528955
26509.070914124462
117447.57561301351
2335707.6570368935
0.0
6834.519531574592
1391.285879620101
5684.783949095956
26419.967234528955
6834.519531574592
0.0
2.7729223337509916
14.807731187235106
2
8.28836982719188
-0.4886245786127868
8854
1391.285879620101
8.512479789123029
1.5561843859974596
0.08298579247878202
748
3.2004653817727005
1.2607900423129959
-0.10594577756141643
1154
6.3594046562859115
1.466561669400149
-0.4886245786127868
5218
6.748328525106992
3.752954098316205
-0.14327698389691768
1389
6.078793214318992
1.6489116233039247
0.008853976529920815
345
3
2.967997359966423,1.0999157843961522,1.3433869251063357
-0.7204337022814549,9.149540320758854,0.688115928584819
-6.645721925133697,7.033943850267367,0.901191538649731
-0.35945407279029373,9.44012998266901,2.798114954766021
-0.4205825986968184,9.716667305480804,0.5894446929819851
-0.8555363570914329,8.710079193664532,-0.7891919172066224
6.927623188405805,5.956115942028992,0.6084859942028983
1.1135375508061458,0.9916794846742005,0.8914859884974001
1.4863297158913313,0.11145447190924898,0.232173036443111
1.217108334807633,0.2522618951113665,1.0288677607286671
3.7409706400276588,0.4797340245981745,0.8999556966863876
0.8911415644176156,1.07830157601847,1.1026919284839745
Stairs
5
0.0
19919.93450070443
91826.41994139766
373729.71769103827
258449.5965477623
19919.93450070443
0.0
131071.58536748281
389052.115096988
564474.4115125091
91826.41994139766
131071.58536748281
0.0
2591536.622987348
2863749.169987351
373729.71769103827
389052.115096988
2591536.622987348
0.0
2.63099133815326E7
258449.5965477623
564474.4115125091
2863749.169987351
2.63099133815326E7
0.0
6.73333492292268
40.536452371676326
3
11.13328776391124
-0.07815890151037166
43488
19919.93450070443
29.40316460776509
10.207642528496848
-0.0036457946646201167
2390
30.30327011982557
9.080943121393924
-0.007681628362844972
3108
19.06925019319631
6.921550343610342
-0.032341136154018846
7901
11.976680599918547
4.183617023477781
-0.07815890151037166
14810
12.846087068480822
4.742531413249408
-0.07750148738391005
15279
3
5.113908719184088,4.867630673869867,3.627180367817699
0.5212839304175884,8.442249092094384,0.5265730752712952
-8.939327623012549,2.5736050548117237,0.6036615492903785
10.129148202380952,5.4243646042470965,-0.4757902486898325
-0.3126734998101506,13.959382607138364,1.8634792646518172
-0.4415532480081028,7.263932437069526,1.3097412251508518
1.4112856140454269,8.263287248772867,-0.7320506791659169
5.748061460193757,7.942491084277772,5.784065895376954
4.249420343930035,6.7355233682829,5.814551215608983
4.348080528643806,3.0152504419694517,5.158160253039655
1.311618663045533,3.767753377135166,2.416692372204573
4.396128301787455,2.351629992120983,1.616760579780643
Walking
Sitting
Standing
Stairs
