1
Iris-setosa
3
0.0
135.47840812870447
192.5469432630269
135.47840812870447
0.0
235.87528382344783
192.5469432630269
235.87528382344783
0.0
0.4261592704450802
0.8453207232046225
0
0.4074702443123911
-3.1793536201288113
25
135.47840812870447
0.4147288270665543
0.2968392893205805
1.1994497257912329
10
0.375832409459323
0.27718155311127596
-2.311840646793149
4
0.49065650067322303
0.24472738977566078
-3.1793536201288113
11
4
0.30751693720292883,0.30099833886584765,0.17048949136726,0.09780933834080803
4.896,3.3679999999999994,1.436,0.20400000000000001
4.64,3.08,1.32,0.14
4.875,3.375,1.65,0.35000000000000003
5.136363636363637,3.627272727272727,1.4636363636363634,0.2090909090909091
0.2716206504995147,0.09189365834726415,0.1475729574745236,0.05163977794943228
0.22173557826081913,0.049999999999977264,0.2081665999466139,0.1290994448735805
0.12862913567868356,0.2284333998823706,0.0674199862463278,0.053935988997059384
Iris-setosa
