2
Iris-setosa
3
0.0
37.59090588152216
8.85277081352122
37.59090588152216
0.0
261.02137667142955
8.85277081352122
261.02137667142955
0.0
0.4512650028135713
1.2209239437519521
0
0.9127032436035027
-2.4714055161028767
21
8.85277081352122
0.3082207001484493
0.30822070014844893
4.456651227967063
2
0.5569990429832871
0.3176200809813891
-2.4714055161028767
11
0.5699506557589002
0.2211387962829429
1.070062248029196
8
4
0.3458598670257067,0.3627933952252378,0.13540064007726477,0.09486832980505142
5.019047619047619,3.447619047619048,1.4666666666666666,0.2
5.550000000000001,4.15,1.6,0.4
5.109090909090909,3.563636363636363,1.4818181818181815,0.21818181818181823
4.7625,3.1125000000000003,1.4125,0.125
0.21213203435593478,0.35355339059326374,0.14142135623730487,0.0
0.28793938756113885,0.21105794120443955,0.11677484162423314,0.06030226891555274
0.21998376563477995,0.06408699444615226,0.1457737973711315,0.046291004988627635
Iris-virginica
3
0.0
164.11118812242375
17.02256244963739
164.11118812242375
0.0
48.28692081090101
17.02256244963739
48.28692081090101
0.0
0.739689738913956
1.9278300752652404
1
1.275143320382012
-0.6367293087919613
29
17.02256244963739
0.6336706254344299
0.34309093998293283
0.6227285103584821
13
0.56224167622059
0.3522900552836931
-0.6367293087919613
11
0.6526867548832286
0.4681806391830743
4.985080293859259
5
4
0.5596004908500342,0.2894278371311328,0.4973823102620065,0.21108446235169726
6.462068965517242,2.93448275862069,5.389655172413794,1.9793103448275864
5.992307692307692,2.7384615384615385,4.953846153846154,1.830769230769231
6.590909090909091,3.0727272727272723,5.527272727272727,2.1
7.4,3.14,6.22,2.1000000000000005
0.2059997510578328,0.259930957302323,0.11266014242980919,0.12506408613597175
0.24271195048677388,0.17372915179042103,0.20538212722099167,0.12649110640673664
0.23452078799118603,0.27928480087537455,0.23874672772627095,0.30822070014844555
Iris-setosa
Iris-virginica
