3
Walk
5
0.0
0.17065795531933545
0.05424123985547275
0.21252196934406895
0.049822089728998854
0.17065795531933545
0.0
0.03856010913527582
0.3901228614677992
0.026375813190610112
0.05424123985547275
0.03856010913527582
0.0
0.03802380432840437
0.044504590885888595
0.21252196934406895
0.3901228614677992
0.03802380432840437
0.0
0.03836995046566453
0.049822089728998854
0.026375813190610112
0.044504590885888595
0.03836995046566453
0.0
7324.893703433172
35384.79303449049
0
5269.828355820206
-1.3813344031366165E-11
6543
0.026375813190610112
15829.556396212398
6512.042667018084
-1.3813344031366165E-11
2208
10083.837669343939
4866.896023888954
-5.859856626218434E-12
881
19371.235768990435
9118.05254511616
-4.661413675342617E-12
555
18333.90952905
6231.828737147212
-1.0667991009286967E-11
1705
30114.964678670283
8046.77527434723
9.081432893533835E-11
1194
110
385.5555941970653,382.25301857905384,720.3198914484099,190.8260702124954,163.33728374563907,152.0500375742403,203.91876232148212,150.89389070296855,155.95518832947707,278.4535568140455,411.64476276057945,235.8043650046485,271.67844956628164,352.0919441810238,339.73126814351224,156.6148136805431,187.7163441995127,180.05382595425078,390.61316553195695,355.0379295357099,300.97992333374475,306.1970249209627,480.9494889745081,408.2902855595811,178.0042445077894,196.1430314162896,248.0993834444782,253.46949666743868,210.10319512320783,151.6730706722314,291.29211808340756,318.0229477830209,205.21340183478546,139.77976611129924,133.519488496132,158.62294751555808,823.9464977925996,358.69464146785754,277.5528897585395,207.15163248403056,383.84600299880526,387.4858072041207,171.5745654568808,246.56138988588498,155.24835233483975,953.8997813236476,325.0715815969164,556.3170224474968,230.0899126218356,433.26960978322745,364.49560556720104,407.72309838742666,261.9861329499793,246.95247204542505,856.4549812160576,801.1529647677556,854.0943264665111,440.8365296040708,349.9427551407497,394.53505128110953,147.72534529257362,191.18569600693232,161.80093288770914,943.7709537963929,341.86650066556973,381.7258978257495,205.64188390970392,381.6076316714104,396.5624648591949,285.70251442770564,202.06166306440306,325.0180322313185,956.1042303314265,642.4359398515512,756.5564235595352,342.48003878013253,363.93289359054603,422.2915839948899,107.45784689068832,18.719959035255144,26.284982764953302,667.4624195777752,713.623587828252,682.2617142557023,507.79981604944084,708.4825139959088,604.0705364768708,2682.760511312334,1583.7705508526926,1375.2833833685431,1583.7705508526926,2682.760511312334,1375.2833833685431,98.69189079185288,107.76811795471217,18.765822181493576,30.215206207567512,648.2689464362483,679.1382198091087,650.0454895812974,529.6408456341659,678.6476831197593,531.3565912210341,2501.339995912958,1320.0555702726917,1538.7178714488016,1320.0555702726917,2501.339995912958,1538.7178714488016,85.4249773001959
57.04342883707918,899.5802514122838,19.242977962686815,-205.41082072443834,978.8648937796117,143.44169341280758,190.68042182485098,982.1497783891182,41.54607977991747,434.26668772865264,585.8414413156328,510.1514203771285,294.0312767094469,873.6379193202599,134.5521912552287,54.6050741250191,850.0408069692802,-507.1609353507565,345.423390054613,892.6409275679821,-120.06378081932417,-561.0096634964758,586.0917181065472,42.544317184441134,-353.97340669417696,991.864435274339,142.03668042182485,-375.60215130993976,864.458272895738,288.5921750817325,-194.80589943451017,817.6895919303072,393.09766162310865,-950.399510927709,-219.4591166131744,191.60568546538286,-192.87085434815833,-66.09628610729024,38.07871007183249,561.4837230628152,63.9266391563503,-109.45193336390035,-940.8335625859697,-0.7392633348616843,249.8980589943451,-167.39569005043558,-16.241326608589333,110.12303224820418,497.95170411126395,-13.989301543634419,-243.95552498853738,-532.6613174384838,622.4190738193489,333.83203423506035,-142.89744765398135,84.491517652453,119.08543481583372,281.4024147944368,-329.8896530643436,-292.20739721840135,-953.5558612257374,233.7331499312242,112.81048448723827,-190.49961791227267,46.817209231239495,44.78648937796118,526.5086351826379,-180.9813541189057,-18.946966223444903,-792.5965153599267,-468.7470579244995,21.455142900810024,-189.50099342809108,-69.39003515207092,30.68271435121504,428.6394620204799,191.10912425492893,16.42411737734984,28.493963013907994,-34.17484334403179,-1.0305670181873758,-0.7198532783127006,-1.0518110958276008,-18.195170411126394,-39.69494115848999,714.9993886596362,-905.1043863671099,56.12532477456824,219.35809261806511,-100.11340363747516,219.35809261806511,-56.12532477456824,-100.11340363747516,-20.325385908604616,30.498395231545164,-36.312242090784046,19.123796423658874,-23.699526211218096,12.006266238728411,99.14137245911661,-327.79229711141676,594.3883539660706,-795.6863823933975,-11.536451169188446,56.497631056090476,-98.9411584899893,56.497631056090476,11.536451169188446,-98.9411584899893,28.111416781292984
57.91624482282559,873.7634606534745,-25.87252646111367,-224.22690217391303,993.4211956521739,91.60054347826087,263.1779891304348,952.46875,78.23777173913044,449.1452564684521,601.9182932364957,518.8107126645483,309.6304945054945,897.4203296703297,49.131410256410255,143.85960144927537,838.8215579710145,-511.8455615942029,321.8902494331066,867.3111111111111,-122.60544217687075,-570.6305555555556,570.7523148148148,38.230555555555554,-331.58378623188406,1020.8654891304348,116.25317028985508,-322.01595259799456,858.3846855059253,348.69553327256153,-111.16304347826087,856.0946557971015,391.9026268115942,-970.304347826087,-220.37228260869566,201.8736413043478,-220.5769927536232,-45.71784420289855,28.073822463768117,579.2776268115942,40.85009057971015,-121.32835144927536,-956.9719202898551,16.160326086956523,264.4470108695652,-225.0638586956522,5.806159420289855,159.48097826086956,509.1014492753623,-32.77853260869565,-277.1616847826087,-541.3328804347826,623.7463768115942,377.6449275362319,-169.23460144927537,121.6725543478261,155.7264492753623,293.82246376811594,-315.84375,-339.5294384057971,-970.9655797101449,258.3695652173913,118.51585144927536,-212.05751811594203,30.459692028985508,78.66032608695652,545.549365942029,-204.481884057971,2.366394927536232,-838.8985507246376,-459.6227355072464,53.36594202898551,-166.97373188405797,-90.74048913043478,167.0144927536232,461.3858695652174,188.4701086956522,32.95199275362319,29.435235507246375,-40.905797101449274,-4.552536231884058,-5.4646739130434785,-23.910326086956523,85.26177536231884,33.280797101449274,923.3953804347826,-763.8378623188406,1884.0720108695652,353.96286231884056,-373.3138586956522,353.96286231884056,-1884.0720108695652,-373.3138586956522,-17.984148550724637,34.625452898550726,-29.741847826086957,19.12409420289855,-34.38858695652174,18.1268115942029,90.86820652173913,-252.69021739130434,361.90579710144925,-818.4497282608696,-128.15172101449275,-18.41394927536232,34.06929347826087,-18.41394927536232,128.15172101449275,34.06929347826087,30.176177536231883
-55.65856481481482,1003.1076388888889,341.2974537037037,-379.93416572077183,928.7468785471056,121.20090805902383,125.14074914869467,1010.3507377979569,10.169125993189557,494.7366628830874,593.2179341657207,496.35527809307604,400.99533255542593,695.512252042007,232.86464410735124,17.30533484676504,688.0794551645857,-685.3575482406357,400.43359818388194,864.5323496027241,-126.4994324631101,-622.55,556.4174418604651,-51.7906976744186,-425.75255391600456,948.3427922814983,35.8161180476731,-523.1214528944381,818.1782065834279,225.29171396140748,-361.0624290578888,670.0295119182747,505.5425652667423,-910.8615209988649,-266.51759364358685,265.40295119182747,-247.11350737797957,-222.5209988649262,42.40068104426788,500.8070374574347,26.986379114642453,-17.545970488081725,-941.1078320090805,-60.97616345062429,242.56867196367764,-256.683314415437,-33.79568671963678,57.996594778660615,410.9455164585698,-115.26106696935301,-231.95800227014755,-448.1702610669694,737.1396140749149,268.87741203178206,-246.92735527809307,191.77979568671964,-35.53121452894438,86.44040862656072,-342.72417707150964,-276.4347332576618,-952.6458569807038,153.81271282633372,154.60045402951192,-278.2917139614075,59.03178206583428,112.29284903518729,452.5096481271283,-42.10215664018161,45.04426787741203,-608.4313280363224,-600.1464245175937,-128.5550510783201,-197.20998864926221,-175.2905788876277,35.51532349602724,220.71623155505108,284.1010215664018,116.54483541430193,12.32349602724177,-27.37684449489217,5.641316685584563,-7.343927355278093,13.381384790011351,-16.854710556186152,-92.98524404086265,494.11350737797954,-896.3813847900113,-14.23950056753689,-3.4040862656072646,-4.024971623155505,-3.4040862656072646,14.23950056753689,-4.024971623155505,-37.29625425652667,3.8070374574347334,-38.77071509648127,17.667423382519864,-50.22928490351873,10.090805902383655,112.98751418842225,-307.4994324631101,518.8059023836549,-724.1509648127128,825.8694665153236,54.99772985244041,-464.0068104426788,54.99772985244041,-825.8694665153236,-464.0068104426788,24.422247446083997
-30.944144144144143,1059.6864864864865,396.85225225225224,-109.98198198198199,963.2396396396397,152.11891891891892,-54.13153153153153,971.7981981981982,89.4918918918919,726.8810810810811,259.49009009009006,383.23783783783784,372.42676311030743,248.2603978300181,629.6618444846293,30.436036036036036,873.590990990991,-461.4342342342342,354.5441441441441,918.2144144144144,-91.97117117117116,-673.027027027027,162.07567567567568,351.2558558558558,-292.13513513513516,991.8090090090091,183.36216216216215,-771.0990990990991,578.5333333333333,108.99459459459459,-669.9135135135135,231.8936936936937,533.2900900900901,-952.6396396396397,-226.6036036036036,147.85045045045044,-124.02702702702703,31.230630630630632,40.31891891891892,525.30990990991,139.23783783783784,-93.0018018018018,-955.9711711711711,-34.10630630630631,228.72792792792794,-3.5225225225225225,-0.6702702702702703,65.19279279279279,485.8288288288288,51.394594594594594,-170.76936936936937,-206.92612612612612,900.6450450450451,85.46666666666667,14.837837837837839,-9.255855855855856,37.83963963963964,109.26846846846847,-517.6216216216217,-51.65405405405406,-973.8108108108108,86.44144144144144,47.88828828828829,-173.12972972972972,62.836036036036035,6.4198198198198195,495.86306306306307,-55.07027027027027,-84.75315315315315,-372.1981981981982,-620.6054054054053,-548.5711711711712,-133.32252252252252,-45.01801801801802,-61.072072072072075,199.97837837837838,305.73873873873873,173.2990990990991,-8.273873873873875,-33.49189189189189,0.7765765765765765,-109.6972972972973,-40.56216216216216,23.515315315315316,-13.475675675675676,762.2054054054054,-972.9585585585586,-960.3333333333334,296.0486486486486,-148.23063063063063,296.0486486486486,960.3333333333334,-148.23063063063063,17.06126126126126,-4.906306306306306,-35.08828828828829,21.275675675675675,-48.623423423423425,47.34594594594594,61.5009009009009,-408.9189189189189,805.6504504504504,-885.536936936937,-1055.8396396396397,161.85585585585585,224.9207207207207,161.85585585585585,1055.8396396396397,224.9207207207207,38.65945945945946
111.31585150265174,908.3824395992929,-123.9469652327637,-188.53607038123167,966.2240469208211,197.6533724340176,228.9067448680352,989.1372434017595,-31.870381231671555,321.15176470588233,637.2323529411765,557.3694117647059,221.8557184750733,1030.6985337243402,91.10439882697948,-28.409384164222875,875.0821114369502,-462.12199413489736,315.5261904761905,940.8946428571429,-107.025,-494.6008279124778,671.445298639858,-22.785334121821407,-382.1982404692082,943.9636363636364,193.50791788856304,-260.8838709677419,946.5296187683284,270.52609970674484,-128.2258064516129,965.6680351906158,310.85395894428154,-977.4739002932552,-205.2117302052786,193.80821114369502,-174.09677419354838,-24.88856304985337,40.417008797653956,575.0346041055718,53.551319648093845,-149.5307917888563,-954.9055718475073,14.285630498533724,271.4873900293255,-113.97360703812316,-38.794721407624635,67.40645161290323,503.84633431085047,13.603519061583578,-267.8340175953079,-619.3026392961876,553.4703812316716,402.7812316715542,-135.7683284457478,62.116715542521995,44.929618768328446,356.03636363636366,-266.8797653958944,-330.0469208211144,-966.5929618768329,297.2932551319648,126.26862170087976,-122.09208211143695,60.69442815249267,20.81642228739003,526.5483870967741,-254.66510263929618,-34.603519061583576,-937.1847507331378,-406.9571847507331,160.10850439882697,-157.78475073313783,-5.7900293255131965,40.712609970674485,519.5859237536657,115.2475073313783,-38.18768328445748,42.950146627565985,-27.097360703812317,4.864516129032258,17.60410557184751,1.967741935483871,-19.038123167155426,-101.44281524926686,491.69032258064516,-899.6258064516129,-108.65043988269795,36.94193548387097,22.26217008797654,36.94193548387097,108.65043988269795,22.26217008797654,-25.620527859237537,46.75190615835777,-44.77360703812317,15.79765395894428,52.15659824046921,-1.8574780058651026,222.72140762463343,-391.0064516129032,793.0434017595308,-674.8205278592376,1683.5554252199413,-67.95483870967742,-930.5366568914956,-67.95483870967742,-1683.5554252199413,-930.5366568914956,18.965395894428152
101.98639455782313,783.9430272108843,-106.00765306122449,-110.2964824120603,1014.2403685092128,174.27303182579564,164.18174204355108,1011.0628140703518,79.39614740368509,387.64527027027026,628.9797297297297,495.8842905405405,252.88506711409397,1027.501677852349,51.87919463087248,46.8500837520938,943.5871021775545,-452.58375209380233,386.80520570948784,879.4298908480268,-142.29219143576827,-540.5720268006701,711.5636515912897,69.91959798994975,-330.8542713567839,1038.7738693467336,175.38358458961474,-345.8263422818792,925.5469798657718,333.4320469798658,-101.04187604690117,916.6038525963149,364.6164154103853,-903.0611390284757,-200.07202680067002,135.35929648241205,-160.4212730318258,-92.44556113902847,49.0108877721943,570.8132328308208,113.66666666666667,-105.71775544388609,-883.6566164154104,6.510050251256281,207.41289782244556,-147.32914572864323,-19.09212730318258,139.1926298157454,538.748743718593,25.68676716917923,-191.32244556113903,-606.6557788944724,504.44807370184253,317.72696817420433,-100.93383584589614,12.097989949748744,309.06951423785597,375.7252931323283,-349.10804020100505,-274.1164154103853,-894.000837520938,224.8467336683417,82.38442211055276,-191.61390284757118,40.79145728643216,-15.60217755443886,560.0862646566164,-193.30402010050253,-52.63149078726968,-831.8031825795645,-406.31323283082077,140.09882747068676,-296.8743718592965,-53.916247906197654,-196.66666666666666,497.9187604690117,182.42043551088778,-82.94974874371859,35.132328308207704,-37.16750418760469,-8.698492462311558,37.43132328308208,44.62311557788945,-228.6859296482412,-59.33752093802345,789.5427135678392,-1149.0603015075376,-2564.5092127303183,359.64489112227807,181.81909547738692,359.64489112227807,2564.5092127303183,181.81909547738692,-21.949748743718594,35.80820770519263,-35.13484087102177,23.94723618090452,-81.0929648241206,5.471524288107203,-54.74874371859296,-353.67001675041877,698.2010050251256,-937.2026800670017,-2348.899497487437,324.8760469011725,961.4128978224455,324.8760469011725,2348.899497487437,961.4128978224455,35.17252931323283
422.8461285321428,422.2367555353689,776.5759417000772,171.82323205246325,147.26395532001226,152.17711951630852,207.53601949645525,127.61201862156122,162.24873386304665,285.71672829464825,462.58032137198586,257.1533963227365,284.43555730885134,308.50513941136563,310.3659649456364,148.77211749372125,170.0987635148202,168.9934061881465,412.75857838354216,374.5665435452776,314.6498765262041,317.3994982557079,537.0070336470413,435.545191981434,169.03109708125473,201.27490240724163,255.86518691108398,245.01032897595582,176.2036934870114,138.9525545303137,261.6661674573549,268.75342399221444,216.60400504121176,139.74877043919318,131.77930154323295,162.54646646086871,876.5703017116642,368.5075591114924,279.9335597972175,208.00194617476438,384.67217130266727,370.77152746068845,182.91334909052802,258.43288766803494,152.3299185257347,962.6205336460339,328.4605336614898,597.3596189598705,228.13552248114414,424.30180113031713,357.05858029067184,433.2186805323115,253.71204272011178,247.23543261544756,864.5734365690778,801.5170782702357,939.953726549389,435.43096807545595,344.25567882483665,392.5927156296075,151.22767411203165,190.1530807676048,169.05884022085,1008.0099906401063,349.10207584931015,396.15749045953635,201.1470557181124,360.51360009926157,403.8415163908966,269.13325552995724,210.29497347082383,297.2607202503113,1043.4834069188305,653.7312640600476,755.2758557484135,328.7236422949891,352.3406052981976,435.00112177473693,106.92766895506426,22.3353402585743,31.60174917440867,826.0881424221938,904.0789033346146,764.8385849512861,565.2245019549655,860.2228064697398,657.6007267966035,2676.90764060595,1810.316191863761,1988.1553052186844,1810.316191863761,2676.90764060595,1988.1553052186844,98.00848479863087,105.33838121985083,8.229458871739052,9.661464947593487,134.23366306268255,153.22523925010003,42.199359895343456,53.18466903821884,45.63291210164887,40.99483550660267,198.41036157007753,132.25819109635816,80.56372070502208,132.25819109635816,198.41036157007753,80.56372070502208,82.5919061251182
213.1202889513617,130.51865069897866,251.51325684993404,176.75717865585278,133.7454015943419,150.2705947134639,222.43614136499318,128.9014450075067,184.43405387165004,332.2864640805035,333.13938209895406,259.515137494111,368.0387112367987,363.22768103850416,475.5697914262344,201.52491066673207,255.3549188654758,164.58599704432012,393.88416381754024,374.23052164049096,299.01007935602394,347.8216074446139,392.6039471268956,513.2685989110873,215.00786469958408,220.04861156306035,278.6352744162236,276.087123939454,199.01801260863067,189.70345287721116,380.8034143969375,314.7096050197599,249.78273434991658,141.09032046546483,177.35691408626525,172.2302104753155,841.4391707132045,446.2767280785048,305.0761856405547,175.12494629279487,327.5348798853847,444.17664686805534,173.53388048800818,269.304884883439,182.11569154893806,908.7456681431842,417.7370519504866,641.585588237334,241.88679119671497,418.1945963339928,325.36234599094564,365.3054830935709,271.2618908735716,290.17975769046126,761.5878428940553,796.6258812245409,708.6748287790392,492.12060273678304,368.3964421760704,308.3906364594526,130.70487882743,194.95210978834692,188.11324973819987,946.3282872799816,352.0692163192652,454.6695233965256,199.9451463640344,468.0056147753494,316.38097588471487,289.20452045879665,232.26524832818058,417.5830940445793,942.9654662962935,741.4819218753482,662.062061121378,475.54623981495877,320.8964892741905,388.6209687632685,112.6411881899992,8.646523712116897,8.923198575052757,112.9777370969978,109.3084972093711,30.269235111953492,46.84290486893074,28.523049874821933,19.148161990793213,77.68428577333977,92.51526990233364,57.11136897867632,92.51526990233364,77.68428577333977,57.11136897867632,100.08040902216763,120.10280253886934,16.327322487220382,21.567113934579528,437.9334783498536,355.39817736194243,333.0773914686551,349.19642533334536,368.95422820531115,271.2463550691007,1874.161584060702,1063.8301951372453,1422.736807241887,1063.8301951372453,1874.161584060702,1422.736807241887,89.08486074288723
452.4081558435588,372.21115433193717,671.2897224660903,164.83993888296095,200.6145122900786,135.40578239117536,133.648937986452,203.97323830886765,156.8164250951643,252.3342582578233,261.6262411610718,233.34933993947843,365.59003650220654,296.82667227605936,424.43074784828616,123.64383809579866,169.443014898085,167.32137061406368,379.31209744958534,351.8658196337159,332.4566352621847,239.10604641933728,273.81922025670235,458.16374917950185,128.90328045768447,209.23251431133977,183.46233938783178,180.720437259404,215.30649018830846,150.98662876093255,313.563574495298,224.09250091731968,238.9310214776644,168.97235545975315,112.15883522540953,143.04825236370195,1007.1431040920684,406.98073043394504,315.33784687842245,154.41665409035764,319.0733667468311,386.92817129803313,193.33065677669669,187.42149609483394,136.86177061080292,1067.003253548872,332.4548791606534,524.7358736851121,229.61316841513406,368.9107651971003,333.0833594324835,245.1583956080886,224.71188562532376,275.2628482373443,808.7723274365201,1042.851516084684,616.2766806900329,420.1392089181797,253.55817531312954,310.9391665646708,189.343741883635,175.14715240136903,134.48070382078367,1256.234638470987,299.7683403977749,414.8597892454985,134.16465443486206,404.3777192409578,301.8570476629529,266.53506145705734,215.42673033775088,325.30995477609304,767.6845410949896,1116.1519504843736,777.6573808667008,324.4935229909367,377.42731415163956,349.4258528267988,103.40996861334125,23.003402413285944,33.02690882705449,921.8628714147475,897.0131490343065,894.8412063111031,648.7337491570373,910.1823959149863,797.7631408917233,3099.9920179626283,2108.778707788767,1622.0194773740075,2108.778707788767,3099.9920179626283,1622.0194773740075,110.1919552345195,120.74857615089788,23.51037384799945,39.409788720195344,976.9418469768508,959.0117239135146,1032.0457399239706,748.6226791893652,1015.1627905478873,800.0015749000662,3179.4773940867854,1691.9794222940625,2016.4964364411817,1691.9794222940625,3179.4773940867854,2016.4964364411817,84.36523055181607
339.7372499443665,379.31676940870676,627.953783914728,152.48855115892812,147.41765508830662,133.87494634057853,161.12720999484907,148.367196677394,114.71047028031941,223.75302332515832,416.6417431027482,224.89697073373395,168.36533624122345,192.84687825946656,161.5373607147749,104.28903118047381,121.00094212665955,147.92310729591043,326.0580677096248,275.1114976218835,242.08261938827172,310.76562408307035,487.10124926505415,330.5548366688041,174.2582620661376,156.42907343246048,244.95620493775002,139.50098651453308,174.4932111124281,109.13483145609447,119.7745438414005,196.82380545038382,128.33339118599037,128.4796230910807,122.95898149353371,154.0354173289133,720.9155356392127,287.96164082843217,262.5601859314405,216.82987121399918,404.3696985992701,371.0321685380416,155.2761469311714,243.8187436443647,154.9716920592971,889.0375202043904,288.9197259979174,496.2045566573872,220.02368329041138,448.8386775204574,385.21278342428565,412.52958340220545,225.33811157268383,204.9650081772998,862.1867000852169,661.5131705036335,839.6803611454424,413.76680975558406,360.2610851900221,411.03431901991837,134.44148402368995,168.56979749354647,152.62649062469916,769.117877184097,319.6653709919555,307.0324545286802,213.0942013502453,346.0674882734728,418.77669768364643,179.6765005161941,138.88289616266582,102.70580771405353,850.0303481200361,442.2077552962965,746.1984693239539,246.14914424022223,370.01830429274986,419.1254867870726,102.79732658760294,6.346778327837182,8.58271352059749,124.42926458250422,114.79778921874248,41.385401774581176,68.66370672471523,47.80312526813054,32.95155129424487,166.16830242654726,148.77299650939065,99.63920774206485,148.77299650939065,166.16830242654726,99.63920774206485,95.88196198815358,97.45172169444645,22.839825663434926,43.39797808118617,820.7518020999972,887.1957047491416,746.3708960542946,588.7308776681028,830.2712439262056,595.0163434658793,2691.3211126842516,1831.7324980890373,2014.727733553964,1831.7324980890373,2691.3211126842516,2014.727733553964,92.4368168881163
414.1691254736228,392.4850225442388,847.8324086356159,198.35738920399228,198.52796926440791,150.46777855047625,151.32763554324302,168.93359694016542,126.26625237867515,166.71185555933053,340.35664939255366,154.84410164377107,182.68135636462654,218.51446777096038,159.05794402788206,122.53618506911428,166.86422406225185,174.25550443378856,425.78039552869893,395.3500692088386,332.9888916276014,243.76009241374675,371.16574208742895,244.31748044323726,165.8999654232133,191.27906031311838,206.3158905763769,167.75765939649392,192.85768533267915,95.58936673386937,109.57963535556482,222.97909723955155,138.26570481671996,119.63360009053085,112.55010174553244,124.67295981275825,747.2228252859962,292.7190576996111,252.6744405169971,223.97276985229036,408.6327532378191,385.23903366938106,146.22101796995383,225.80883468869794,136.60754245269638,989.7851992690862,280.4106494534474,492.8513032556812,222.79544673067085,451.13862732569845,378.0317389985161,352.12863125065394,201.46555509939753,147.04481241453507,907.4525444968774,843.746674407864,862.935203918119,388.29353693644117,337.6604968266133,422.4382909430304,133.22499544958467,169.98282283975368,135.70752335296123,867.6832373297364,367.801425469535,361.9565371906361,219.22345253517483,344.9673364771371,432.0394682693387,173.6772467591323,142.10530212122637,108.35987640752084,1010.6537671291727,440.2654286130636,770.5520556863711,257.24860712424515,371.6915378109644,418.72020216251184,107.63000128668472,21.015072608719983,33.2388225896624,864.2014861172712,935.5653460247028,1015.0964811641143,775.3065072604429,894.8329126680419,897.1601893828594,2850.113213792083,2334.287059246462,1254.6074605512806,2334.287059246462,2850.113213792083,1254.6074605512806,92.56052588074404,103.13814936183482,20.460443520427688,32.19335543267558,843.6814105148751,916.6760644587445,946.1973519590118,817.0607504320367,875.1659786339111,799.1018779599474,2445.6110041297006,1567.4078754938203,1224.1841916103058,1567.4078754938203,2445.6110041297006,1224.1841916103058,76.12122759121041
Sit
5
0.0
0.8900545680940668
1.2543765962633742
1.72628773988294
0.19751608133035023
0.8900545680940668
0.0
0.3652133319442037
6.673106321023166
0.3235206165647705
1.2543765962633742
0.3652133319442037
0.0
0.6878983226164623
0.10024354165558544
1.72628773988294
6.673106321023166
0.6878983226164623
0.0
0.5066885970656775
0.19751608133035023
0.3235206165647705
0.10024354165558544
0.5066885970656775
0.0
2242.261014708994
11254.839582747132
1
2062.8191344445636
-5.817398282838082E-10
7456
0.10024354165558544
6247.320606465788
1556.027367310256
-3.149495101221896E-10
1667
10572.75649856293
2795.7975197343567
2.101232971523998E-9
1238
4163.689680825261
870.779565331726
-2.3478337673967884E-10
1322
7302.425176181071
2035.1661129373733
-5.817398282838082E-10
2332
5724.94467400786
1807.4545861947454
-2.6357860257765113E-10
897
110
102.57839919406906,83.72680033185421,39.82405801202601,60.56054808235401,23.641833670913517,72.94510446747822,134.7463811228888,140.06360567720273,172.6373023492696,248.05166242025723,276.50039736003714,115.6999201150919,250.1016971062712,490.91480443236793,439.8449419846794,79.99509573075638,50.538014725698964,107.02025096339342,93.45132545516645,51.122139562259534,74.45437800549685,368.0203667634195,494.4285190694569,333.1134992663836,144.94220579814294,141.67625056091694,190.33310193829658,112.68284975523652,340.0928162670671,129.4016190869643,330.0199769929329,374.32259127599275,160.564959739272,23.57357341266696,75.56592921750777,152.58866064804442,169.34222444298356,118.22702416651948,96.28487232807939,75.63559077028061,136.8307705842616,69.40648367682883,144.70656434226947,211.36815736505434,131.59757763094163,401.2662341135737,283.905527808967,378.9461291132496,271.56176697178904,70.29082532745518,150.2045152108007,281.3242041337123,273.49451316038466,160.02236105102077,415.6987387220804,386.933105309843,563.5440723670903,183.2957109033167,224.5165946135822,165.25397801407635,112.53703760618761,198.50528577492108,134.1595188201576,333.9830885971084,203.5608871991894,261.84781262597687,261.4850606589132,142.56975604216237,205.45301924890953,364.52904987647275,191.74064269573802,309.8121694828651,485.71318517636615,318.3408424532685,343.49346347465485,251.10810381197356,385.9337348772985,246.8768901337588,138.85235120370712,11.437762641454354,39.714218661714874,50.55990961585826,40.98684976560269,37.829663530651686,225.9079877939298,140.7792962538366,347.04946753940834,266.9182387142814,120.0957877603602,189.7111573395861,120.0957877603602,266.9182387142814,189.7111573395861,27.796814092004425,136.45151436319958,16.044256323328707,43.888740785410754,57.68659242916458,45.80040609880233,54.67157193838156,64.06977870250728,149.48162793623985,408.4492769694113,290.68793519488605,108.91629867032383,213.24076958780654,108.91629867032383,290.68793519488605,213.24076958780654,4.7501370109001435
-122.29871301305688,101.17664837297292,1010.5304226107719,-40.11359978540773,1002.1782457081545,173.04841738197425,-279.8344957081545,804.3193401287554,497.0081813304721,334.30244098712444,-389.13707081545067,764.7607296137339,644.0040036495537,-250.73935206498658,-246.57047481325276,20.285944206008583,930.0556598712446,-385.07953326180257,309.54633823947523,881.9479031858529,-260.4269427559791,-559.7978101622043,-359.33260270900337,-361.535417079773,-241.9220761802575,796.6893776824035,649.9932939914163,-818.6177575107296,-78.13653433476395,464.4282457081545,182.16590665236052,-261.7089592274678,794.0823497854077,-960.0622317596567,-214.96338519313304,83.09428648068669,-8.18535407725322,-5.09549356223176,-5.023605150214593,557.8669527896996,196.2136534334764,704.6478004291846,-715.9108100858369,565.9400482832618,310.97921137339057,15.01931330472103,-14.064780042918455,-1.802843347639485,-27.26864270386266,-777.0348712446352,156.5968347639485,509.03299356223175,520.4159066523605,561.3206813304721,2.9349517167381975,7.279238197424893,17.882913090128756,-566.2227736051502,325.3858637339056,-186.99624463519314,-864.6824034334763,-429.25321888412014,58.2325643776824,-28.208020386266096,1.421807939914163,15.277494635193133,-269.98149141630904,737.5418454935623,64.10743025751073,342.72478540772534,-749.2678379828326,286.9730418454936,-65.26166845493562,27.903567596566525,38.66993025751073,-405.8715128755365,-284.3851931330472,-521.0658530042919,-9.68857296137339,-51.88599785407725,-36.16094420600859,0.31826716738197425,0.33516630901287553,-16.870037553648068,215.88492489270385,787.3339592274679,-426.6093079399142,1.9169796137339057,0.7542918454935622,1.1471298283261802,0.7542918454935622,-1.9169796137339057,1.1471298283261802,-102.32349785407726,-19.595091201716738,-52.904774678111586,68.29734442060087,-0.5177038626609443,1.7580472103004292,134.8099517167382,-296.868428111588,651.6958154506437,-225.72800429184548,5.629425965665236,1.5964324034334765,1.3723175965665235,1.5964324034334765,-5.629425965665236,1.3723175965665235,-18.019581545064376
-0.6971830985915493,8.258002560819461,1028.112676056338,0.4487102579484103,1000.5788842231553,203.57048590281943,-280.2423515296941,864.3347330533893,408.55548890221957,301.0695860827834,-389.43131373725254,769.7006598680264,608.8980203959209,-662.7696460707858,-301.72105578884225,-11.205158968206359,873.6178764247151,-506.55728854229153,431.9764453961456,852.4325481798716,-179.04496788008566,-516.0299940011997,-566.9484103179365,-330.6880623875225,-216.8116376724655,770.3371325734853,657.6022795440912,-869.1895620875824,-145.9268146370726,451.6358728254349,298.53089382123574,-386.7780443911218,827.0923815236953,-971.0065986802639,-189.52729454109178,-102.75704859028194,-12.89742051589682,-10.14757048590282,0.9694061187762447,483.3509298140372,165.01619676064786,759.7114577084583,-690.9190161967606,587.5428914217157,273.9460107978404,18.610677864427114,-12.04379124175165,13.320935812837433,-8.54889022195561,-772.5620875824835,209.34853029394122,522.5326934613078,480.3623275344931,567.6064787042592,2.0557888422315536,4.410317936412717,1.3545290941811639,-577.4619076184763,345.748650269946,-178.62327534493102,-915.8092381523695,-345.75464907018596,7.9250149970006,-30.495500899820037,2.4223155368926217,20.48110377924415,-154.49130173965207,862.9376124775044,151.41631673665267,469.8812237552489,-753.8536292741452,397.9244151169766,-59.442711457708455,21.742051589682063,35.10317936412717,-422.25494901019795,-571.995200959808,-513.0011997600479,-100.5110977804439,-66.44811037792442,-75.87282543491301,0.7120575884823035,0.6916616676664668,-8.007798440311937,361.4589082183563,938.5968806238752,-64.00299940011998,1.534493101379724,1.3869226154769045,2.005398920215957,1.3869226154769045,-1.534493101379724,2.005398920215957,-80.13437312537492,135.05878824235154,-65.14877024595081,115.5872825434913,-0.39592081583683264,0.8122375524895021,163.84163167366526,-335.4757048590282,752.0545890821836,144.9760047990402,2.40251949610078,3.0911817636472705,-0.04799040191961608,3.0911817636472705,-2.40251949610078,-0.04799040191961608,-16.283143371325735
-168.31906300484653,63.107431340872374,1001.1017770597738,-40.264135702746366,1005.2423263327948,162.51696284329563,-248.56138933764134,801.8659127625202,517.5226171243942,430.2447495961228,-340.02988691437804,734.5864297253635,647.9870759289176,-153.88610662358644,-25.992730210016155,53.10581583198707,935.0436187399031,-369.8521809369951,230.14145543744888,919.778413736713,-224.39329517579722,-657.1745513866232,-291.09706362153344,-303.33605220228384,-244.8546042003231,851.9426494345719,594.5928917609046,-820.7221324717286,-56.67366720516963,471.51373182552504,16.619547657512115,-239.41518578352182,787.1365105008077,-956.9903069466882,-229.1486268174475,86.0799676898223,2.0193861066235863,11.727786752827141,-25.10420032310178,557.2875605815832,214.89983844911146,712.4450726978998,-763.4063004846527,523.1946688206785,308.7011308562197,16.773021001615508,-15.616316639741518,-26.619547657512115,20.40226171243942,-786.6898222940226,124.55977382875606,457.6599353796446,613.9369951534734,503.1922455573506,9.189822294022617,17.687399030694667,17.52665589660743,-609.7318255250403,238.47011308562196,-205.72455573505655,-860.8336025848142,-439.7285945072698,91.04765751211632,-5.558966074313409,-4.2124394184168015,-0.007269789983844911,-279.51534733441036,738.7092084006462,78.4951534733441,304.0064620355412,-777.7932148626818,106.24798061389338,-31.43053311793215,53.70032310177706,49.98303715670436,-393.26090468497574,-178.75686591276252,-551.4628432956381,88.17366720516962,-45.037964458804524,-9.889337641357027,-0.6494345718901454,0.9878836833602584,-24.906300484652665,68.05654281098546,714.0888529886914,-674.8012924071082,7.748788368336026,3.8295638126009695,2.7907915993537964,3.8295638126009695,-7.748788368336026,2.7907915993537964,-106.55815831987076,-98.7762520193861,-39.511308562197094,37.28190630048465,-4.3683360258481425,3.774636510500808,106.92084006462035,-305.0274636510501,531.5533117932149,-568.156704361874,36.12843295638126,-2.241518578352181,9.989499192245557,-2.241518578352181,-36.12843295638126,9.989499192245557,-14.594507269789984
-101.99394856278366,156.8252647503782,1016.3154311649016,-90.77836611195158,1008.6497730711044,120.14599092284418,-411.5295007564296,615.9205748865355,692.2435703479576,255.13464447806354,-577.8184568835098,731.3524962178517,405.61346444780634,-762.1096822995462,-433.49546142208777,12.0,938.4394856278366,-383.78668683812407,352.08444902162717,855.6889804325438,-312.40576725025744,-364.5915279878971,-777.6679273827534,-342.0998487140696,-181.6535552193646,778.875189107413,729.9939485627837,-707.3086232980332,-482.22692889561273,509.6051437216339,405.5446293494705,-643.6981845688351,615.608169440242,-957.8161875945538,-224.7284417549168,174.80484114977307,-11.263993948562783,-3.145234493192133,-6.087745839636914,619.8426626323752,185.0839636913767,646.0809379727685,-675.3888048411497,673.4183055975794,282.60665658093797,21.385779122541603,-10.668683812405446,0.8956127080181543,-240.22087745839636,-779.8456883509833,153.42965204236006,699.1384266263237,405.7178517397882,542.982602118003,-0.1989409984871407,3.1255673222390317,27.761724659606656,-442.9659606656581,452.98108925869894,-109.95158850226929,-721.6475037821483,-685.8071104387292,0.06429652042360061,-33.04614220877458,0.5953101361573374,15.612708018154311,-614.1822995461422,568.357791225416,-58.85779122541604,738.7632375189107,-517.7889561270802,402.99924357034797,-58.09077155824508,22.173978819969744,36.97655068078669,-198.2624810892587,-548.0113464447807,-294.3177004538578,-102.37594553706505,-54.0,-90.62632375189108,1.1626323751891074,0.11951588502269289,-4.804841149773071,569.8986384266263,827.5491679273828,5.1580937972768535,1.4357034795763994,-2.170196671709531,-0.4031770045385779,-2.170196671709531,-1.4357034795763994,-0.4031770045385779,-96.26096822995461,145.97049924357034,-68.1376701966717,121.79576399394857,0.6467473524962178,3.144478063540091,158.83282904689864,-252.39863842662632,747.9515885022693,289.05295007564297,-2.9568835098335855,2.3835098335854767,0.26248108925869895,2.3835098335854767,2.9568835098335855,0.26248108925869895,-20.0
-145.31861063464837,180.24442538593482,1006.0990566037735,-31.156518010291595,1007.9974271012007,144.8147512864494,-221.38679245283018,829.1878216123499,510.4339622641509,365.74442538593485,-347.4982847341338,799.9433962264151,723.5925605536332,24.169550173010382,-171.67301038062283,59.27229845626072,957.4365351629502,-318.6753859348199,303.31432246998287,872.5664665523157,-321.1192109777015,-648.4168096054889,0.25085763293310465,-469.2182675814751,-294.45368782161233,829.5205831903945,607.8091766723842,-855.9686963979417,-40.15180102915952,492.5034305317324,114.52272727272727,-242.94854202401373,850.0475986277874,-951.7590051457976,-250.41981132075472,118.9721269296741,-4.966123499142367,-9.1573756432247,-2.265008576329331,549.3434819897084,281.6140651801029,713.5025728987993,-761.3443396226415,493.31346483704976,368.8331903945112,4.691252144082333,-15.358061749571183,-0.15737564322469982,105.0090051457976,-788.2864493996569,188.61277873070327,470.2607204116638,580.2264150943396,596.4180960548885,-6.405231560891938,13.262006861063465,15.232418524871354,-651.1981132075472,313.08962264150944,-155.52058319039452,-880.5171526586621,-397.532590051458,162.1826758147513,-24.42967409948542,2.641080617495712,21.71698113207547,-279.4832761578045,730.8349056603773,-50.52272727272727,323.17109777015435,-819.0617495711836,227.85634648370498,-75.47984562607203,28.56861063464837,40.97770154373928,-330.24485420240137,-282.6998284734134,-580.1981132075472,12.485849056603774,-52.48499142367067,-6.253430531732419,-0.49271012006861065,-0.25085763293310465,-21.634648370497427,100.2671526586621,805.979845626072,-618.6252144082333,-0.8443396226415094,-0.7225557461406518,0.4391080617495712,-0.7225557461406518,0.8443396226415094,0.4391080617495712,-94.13807890222985,-147.60034305317325,-54.650514579759864,40.7958833619211,0.8580617495711835,0.7855917667238422,140.56432246998284,-316.39193825042884,701.5964837049743,-369.1715265866209,-1.2808747855917668,0.7885934819897084,-1.6350771869639795,0.7885934819897084,1.2808747855917668,-1.6350771869639795,-21.87564322469983
-254.84838350055742,38.82608695652174,993.8628762541806,-63.9041248606466,976.2552954292084,282.22965440356745,-280.09698996655516,909.1817168338907,310.4347826086956,298.5830546265329,-286.53846153846155,754.9955406911929,848.1761426978818,420.26867335562986,-367.73578595317724,-55.63099219620959,944.5161649944258,-354.8807134894091,145.12040133779263,947.6778149386845,-227.00780379041248,-564.0472440944882,-385.96512935883015,-247.87964004499437,-236.79375696767002,710.3054626532887,704.0780379041248,-788.6733556298774,515.0211817168339,338.85172798216274,41.03232998885173,454.15607580824974,859.860646599777,-968.8595317725752,-136.08584169453735,195.92530657748048,-17.34448160535117,-11.2396878483835,5.949832775919733,627.9676700111482,22.782608695652176,654.850613154961,-638.4091415830546,615.1995540691192,274.3545150501672,23.39241917502787,-17.322185061315498,-3.9130434782608696,-157.89409141583056,-738.6276477146042,24.211817168338907,375.46934225195093,479.3266443701226,565.6465997770346,24.837235228539576,-11.186176142697882,41.42251950947603,-446.02564102564105,251.4180602006689,-372.0869565217391,-944.6176142697882,-274.32775919732444,-78.08361204013377,-57.90858416945373,5.386845039018952,9.46711259754738,60.534002229654405,769.6733556298774,361.2329988851728,-372.99442586399107,-861.0813823857302,312.8985507246377,-106.77146042363434,10.465997770345597,26.180602006688964,-895.4158305462653,488.4816053511706,-674.551839464883,102.9866220735786,-29.60200668896321,3.899665551839465,1.785953177257525,0.6131549609810479,-27.64325529542921,-71.79152731326644,499.5696767001115,-895.0802675585285,2.46711259754738,3.483835005574136,1.4091415830546266,3.483835005574136,-2.46711259754738,1.4091415830546266,-167.93088071348942,-108.94983277591973,-21.64659977703456,15.870680044593088,-0.7224080267558528,1.2173913043478262,68.98327759197325,-228.64214046822744,359.4102564102564,-827.809364548495,0.1527313266443701,5.055741360089186,1.5730211817168338,5.055741360089186,-0.1527313266443701,1.5730211817168338,-13.03010033444816
32.15584814453982,16.49551071589906,19.851275485010827,38.28084100371116,20.391344948638324,39.93052540961168,87.27470425954269,115.18984595709115,142.80760405201104,272.0787038436539,277.5642500330551,82.99433596026341,191.09597134996554,149.22706327278556,148.10894260008857,67.8054638930612,47.44107096657259,83.11371200359014,36.778910875551325,36.161791458923,35.11116789412626,389.06778457818706,384.59763477463315,220.86972008123797,132.76914238860525,173.1005518168903,251.245179143441,93.17927994094138,190.82590928354827,69.17352076678722,147.9124509046956,169.13182715218673,145.92078746509344,16.56017669680919,71.05315422378578,98.39948041481621,92.31517812467139,115.75763193127447,74.46869609780097,63.33442605285579,54.04461366055609,40.70626643092409,174.49503559497293,254.71906432509178,108.14013501056455,254.38160585726283,187.45477854550262,346.21555202357575,275.916002282206,69.59473805818452,129.27631820607786,269.94000152384393,320.138785887298,92.69568979397326,402.9107359098628,251.8662578636904,616.0033069015366,202.01539220107634,236.03493047860582,126.50063325626344,92.05245170111009,172.30129507753557,60.55101936799558,122.27743511461685,105.955790147134,242.19059314148416,195.57652733787702,76.58359175194718,81.23446227344157,161.89329715972875,152.18576403210426,150.86006426280812,273.18343735216445,132.3708527825393,322.2917916290612,133.74181970400087,100.7493471410329,127.26251096548108,3.171048570150224,1.0858308063552842,1.5255013133471749,4.073586899720532,4.409930549712734,3.5565149643495415,13.61395229191672,6.272288171564858,17.33552419632773,24.241516463211966,20.074941151911542,28.31238611153716,20.074941151911542,24.241516463211966,28.31238611153716,0.4128055417689824,2.1971058602202542,0.35596864029211384,1.7348296998809216,7.995522916708654,6.857590599612249,4.667336292612404,9.345886681702398,5.548327045997611,10.825613224009452,27.116605055920502,26.33166585831411,23.44944449319693,26.33166585831411,27.116605055920502,23.44944449319693,0.4559571866118157
135.91214341499477,86.28116093400327,74.29572960420785,64.86712136214929,26.04857259576083,72.1383581689035,164.0146316067308,128.16392513873532,164.8398867118901,245.89578676209632,307.2199961363484,125.62865764498562,227.03590325939086,437.95374201660746,591.5647016416997,78.66034316094266,60.48472782104661,123.47684104373673,99.18609255324782,55.82110593253026,82.12750966464027,333.9202943463143,465.4633043686899,390.9023026819295,158.30285186711313,111.56883359902366,188.6664446537223,115.2720461996787,329.126727443249,141.5866416546262,426.6679304606174,361.7704093734414,144.5045501705334,24.349049665868193,68.8189701236573,158.67368396040746,213.88178410168587,133.76003581788314,126.62022082540429,66.50287117289315,140.93197582808006,68.25754739831967,117.55242601688214,205.97626065978423,110.51613100786734,518.4006007684042,406.64255848618933,462.97183828525436,271.6857755004302,78.1437686487315,165.68991764438465,305.9048042423076,260.85570133011936,183.01919148202333,546.7866093029197,555.5130877318828,707.0050205813303,152.2659062210299,245.80727114272335,225.43842683863255,106.5414160805393,191.7359888391622,140.43498709657038,462.43311141692976,288.0227708263656,320.32532843098033,262.24753222011094,129.13991746223863,190.40864762100702,330.77260424973736,183.87496424515194,415.67438447979066,520.5788454186082,499.8944171625884,451.71703020692667,255.3206406253409,358.62431598185265,245.80040635890282,134.70912902788962,9.222008738126208,25.63848914251394,123.37982791289605,99.50250062162127,89.91533397837759,189.0502665102207,142.3010239871308,240.55469299452744,650.9956784662367,289.86679827480987,461.70761465990876,289.86679827480987,650.9956784662367,461.70761465990876,25.689447370963826,85.16218310216723,13.577923903394721,30.522909941325747,140.8429353871964,109.19283530433607,109.91112100637586,118.01650634121548,169.50874853460186,317.15752966812084,704.420584169074,258.94190330134563,518.4924363176235,258.94190330134563,704.420584169074,518.4924363176235,6.775558972751791
24.787819522105735,14.04838174460651,15.06949496262712,35.22792726520501,14.368852598769971,24.879403661148363,47.75851878123435,59.45865210285867,42.319944726884145,141.31399164317688,156.66775703253325,72.574646302735,150.76742741409183,83.10058431108502,126.71625264705331,32.01601132363217,22.839062034546426,48.29465645708231,23.39933638983755,18.037477367529814,34.68592702689152,270.0088335464628,247.82107416336896,203.62270259313456,79.17742955357883,66.61293169755729,67.8860198928144,63.16388259813379,143.92565243982074,63.844814961305794,80.39113254222717,121.97151159557968,131.32662942869098,16.182539669285365,36.68233738869801,56.92062317102321,98.47688226551331,83.94777816432187,67.59679084720464,27.73006132622791,55.04711133507646,19.409455924525236,48.725871602728816,69.7003083773051,71.8269087154039,195.40141577632957,170.80329621560276,157.73222451814058,58.62988714601189,30.8759148840494,89.44051837256096,157.0702617360218,164.90841575156756,93.94951935812136,343.7085590501906,232.95865386407604,431.5858684018038,81.07362224698453,105.69741898905268,81.2574198634476,56.0684920767149,66.28532259705383,44.88015443963156,114.96526212437264,81.57769846220995,97.78965865712249,51.73743664992252,74.30773505385889,51.91393087201828,120.0317863948972,138.55835031188207,72.32928424230016,209.30953341344485,97.22424653454506,204.29826030109095,52.20171322654598,40.7218629359156,88.99889241291858,0.6649862503510503,0.0,1.0675177733377499,7.66096676921468,9.42973201859914,5.285751992206969,8.453032618298616,8.09001702948167,9.605620610345454,24.40568422012913,24.018960239428434,19.651276733511835,24.018960239428434,24.40568422012913,19.651276733511835,0.5426307359235334,12.480532894883632,1.914315966642108,7.93295411546084,4.842721738151864,18.07590616166663,3.9543243052511823,10.76276832865331,14.64458835036534,31.313296756220833,44.07811301776322,23.58736495246419,29.10829604440374,23.58736495246419,44.07811301776322,29.10829604440374,0.0
55.392721662413834,40.50487192061009,29.708913262003026,45.133197556043825,22.11414932600548,62.022463003433955,144.85039711096266,106.07045353388699,131.9632224388409,236.3762149738746,183.66993201583247,141.72365804704867,273.3195477071183,341.3554570339791,577.9314845754897,81.79502714250117,27.575765191802514,70.18319249855341,26.385946833821293,36.138436204312036,52.608258422886756,335.4569067357721,388.9303022770201,419.30409237186626,148.12171360508287,125.08234269769396,126.17219084764437,112.57162211248095,180.16539455776268,156.95554703886756,400.66790858642895,210.15630617855942,144.4500565601127,28.017832778813645,76.15295972775363,123.1440949466419,195.45014134978072,125.9819283260614,97.87238608208233,61.60709798441968,146.8709158398352,75.12101772170472,125.16625493745444,154.96487452598052,153.12650438566337,516.9329125521012,319.68364753228286,383.4716673025873,211.9274428126609,68.68537140689364,138.23815295460614,187.06657553308997,217.5842430213341,211.7979207316065,387.2192076057356,464.6288744299202,436.59705302887255,135.0172470539061,125.17797243472637,129.50468953908796,92.24452776025925,154.5208290979588,136.7073709357671,454.5075589891461,268.95609610514913,313.8694427880243,173.40042057301721,128.03691793637387,210.61184569629398,179.0313115749145,171.54532341966217,390.70723962320176,704.4514927534279,398.5404990664003,392.1878007534619,170.4489078773743,225.80317382083865,188.64842546543275,175.32630671972453,1.2240396825673947,1.966822906315522,6.157620624169486,6.446434679004435,4.066833362179645,31.516759338747004,12.802764956763568,19.657954982060534,44.84850563692031,27.447008290136655,32.58193218897877,27.447008290136655,44.84850563692031,32.58193218897877,3.834272650484135,12.690986605595592,3.1678463820622675,8.961446583758821,6.216114264591177,11.920996835169776,8.68277267004026,34.62593989505691,23.519730676350786,92.71376308768625,63.07494887067922,35.43246805707236,40.37894530325877,35.43246805707236,63.07494887067922,40.37894530325877,3.4923423328820205
43.21782685663299,20.560800232753103,32.1217711999436,85.02105670604762,22.881452479562242,56.37912452437422,77.37591277064398,98.47854518513815,133.80015929775865,296.9073216661429,409.50472443403044,102.4519812509023,97.72886468538303,149.86932645091073,206.5829573867806,63.83926574539974,32.2987590914537,70.57903242002904,14.770075497298343,34.00636574660082,21.112605867890597,445.2802741423168,542.0554764490761,230.55417500944264,165.37163520035165,174.95264762174446,255.6227089867356,68.80888138597206,154.9649103338001,106.890847195102,135.95522693295388,189.9490185049981,69.28782796133314,19.149969140551672,58.232488843496526,62.8775382505682,213.56369950116743,120.31854793292747,110.75633216376085,43.81148819942239,103.7826680963877,43.11477598995279,190.2343211023362,293.73352020608417,151.90989187751697,310.5456672702488,260.92363390984764,505.4363315861525,338.9593365747732,89.4987507041739,174.38266033717372,432.8105994116495,359.31211762460015,112.52022125870818,397.701998647306,243.8032036912482,689.1916597164122,236.66625369166366,366.1468410110808,166.38585754455966,71.10334092837692,128.15332282247678,78.77358440136265,215.57744947722338,106.28963947950163,221.01797074595103,106.38414437850838,108.45233941896281,100.76501075274648,154.31095755221025,76.6258233692497,123.46149526321716,301.1029875230364,192.64021219288236,211.64433488607563,51.60253202716003,194.65649674745356,423.5296569976483,11.345912547945522,1.0005112465232335,0.41588156644085955,5.543144798060887,5.609180609590401,3.49901798955431,8.47936147304756,13.160322164417297,8.557592489365772,20.703618553999085,20.108855980580955,17.759707011206718,20.108855980580955,20.703618553999085,17.759707011206718,0.37457506316113914,0.3075364288008424,0.5458570927989249,0.6870931305572235,4.495270282109988,6.389392777260747,3.6189526472805555,6.203229203901445,8.63709204387433,7.063993310657685,43.09269074125805,26.79496414848777,23.3565498975499,26.79496414848777,43.09269074125805,23.3565498975499,1.0067779731614996
Lie
5
0.0
5.921153964788471E-4
3.2559235825297783E-4
0.0012558335661134918
4.466280047334089E-4
5.921153964788471E-4
0.0
0.1448564528763469
0.029384739052507304
0.013568141876113642
3.2559235825297783E-4
0.1448564528763469
0.0
0.016049892927351227
0.007594819735840032
0.0012558335661134918
0.029384739052507304
0.016049892927351227
0.0
0.08170512137637619
4.466280047334089E-4
0.013568141876113642
0.007594819735840032
0.08170512137637619
0.0
1666.6209082968915
10617.763277576576
2
3137.570501059826
-9.886653303460554E-11
1128
3.2559235825297783E-4
6471.066479970902
3713.8524464939164
-6.1722243177175215E-12
27
4331.313713608416
559.4114762557952
-9.886653303460554E-11
284
9328.614951480107
1520.5239752427847
5.1976411045671266E-11
157
366.3668689423688
140.12798992535096
-9.849277854528118E-11
501
7437.538147921789
3089.2224141997012
-3.7784608301338816E-11
159
110
87.10866923734017,67.68932089974696,164.9683986482671,176.87187079272147,136.2404610001973,39.921608352424414,63.440234822329934,101.50505154019982,77.68629549792117,285.0875667485901,157.60020547144674,134.51120196919305,98.79814920122966,92.40370930474568,136.22171307602983,46.93630717564844,61.34398258513991,139.97412004783465,95.66933542275555,118.58631941906343,84.81048276653696,445.1238980616505,226.45445361674285,386.22524934312594,111.55810715215875,84.24509764463036,135.1092581771364,68.73667325555367,91.32857490585873,90.85038712250545,114.15035420590331,68.5349810399486,107.20479385366083,184.5644459930276,64.79298858126178,231.5620278566085,179.04987753722392,171.0887250161194,132.9051603314252,118.36494461461098,39.25449660913901,197.51806274085456,87.49990286316617,130.95068829374077,72.27270120305353,324.7102153195467,253.84479616403578,243.93171580735915,53.15114043913295,121.13037917697392,85.86969842652182,141.0139117957134,338.4845680227161,104.15584902830976,361.2866026960661,296.0720754736683,601.4738040815452,324.6669322953835,229.88305987317776,134.79899355496715,84.97568733577337,182.97564316844955,129.5405203335102,173.4229345401437,245.83483035299142,112.21178718107478,95.31355581288719,209.42635343896276,172.28061010847873,75.22323865701411,92.46836972867057,109.81324925857105,498.9017899890678,200.0473516675923,274.1457776630282,80.43155216060188,136.72461301015892,94.74451344025628,142.86231362608095,14.286657137072519,4.605987698835086,66.11639074735575,62.55728481004962,86.99752833469705,136.08143401228406,246.81780897772833,103.24787693053591,266.4825043643768,233.48483856875933,360.74918690554887,233.48483856875933,266.4825043643768,360.74918690554887,21.18587843343131,17.55683279003068,4.824398198251646,10.380757231509106,92.16908839294081,122.38746254532143,121.76467336624742,205.05784245658552,110.79474407644118,158.5291761129717,337.1358457951088,371.60505283236836,372.56646917387684,371.60505283236836,337.1358457951088,372.56646917387684,132.20173872416566
-983.8032941396044,90.67285367674505,80.71284994400895,-161.83510638297872,112.70833333333333,992.5780141843971,-962.9822695035461,26.78014184397163,-201.42641843971631,-115.18439716312056,645.4636524822695,704.052304964539,964.4663120567376,155.2695035460993,191.2659574468085,-922.6187943262412,361.8235815602837,21.90159574468085,-691.8874113475177,274.25443262411346,-625.3732269503546,-437.51418439716315,682.6356382978723,-52.809397163120565,-910.3705673758865,175.9636524822695,350.1241134751773,-884.9973404255319,-237.4964539007092,-379.02039007092196,-416.1764184397163,-308.5833333333333,837.572695035461,-341.0886524822695,836.6329787234042,-313.0390070921986,18.545212765957448,18.963652482269502,13.657801418439716,-339.52748226950354,-815.5141843971631,800.1152482269504,-246.4450354609929,66.64804964539007,954.8262411347517,44.01063829787234,-32.755319148936174,-10.14095744680851,-556.2056737588653,-180.25265957446808,-795.7437943262412,-586.4645390070922,170.51507092198582,707.9326241134752,12.15336879432624,-20.20744680851064,-10.40868794326241,330.1019503546099,585.4122340425532,-652.9609929078014,-70.87943262411348,-503.78102836879435,-829.0265957446809,-10.270390070921986,27.579787234042552,12.236702127659575,-837.7863475177305,513.9157801418439,618.697695035461,287.40425531914894,-903.0407801418439,-297.57092198581563,-74.38297872340425,29.08599290780142,67.28457446808511,-990.125,325.1985815602837,55.15691489361702,-68.11524822695036,20.461879432624112,-77.75709219858156,2.142730496453901,0.4778368794326241,-2.701241134751773,888.3687943262412,-330.8182624113475,-180.84485815602838,-8.790780141843971,13.24113475177305,-2.3838652482269502,13.24113475177305,8.790780141843971,-2.3838652482269502,-37.8031914893617,147.84574468085106,0.9663120567375887,-27.604609929078013,-6.181737588652482,-8.681737588652481,-28.74113475177305,482.02925531914894,-43.60017730496454,-884.9414893617021,2.497340425531916,-1.9175531914893618,10.324468085106384,-1.9175531914893618,-2.497340425531916,10.324468085106384,68.38386524822695
-991.8148148148148,112.85185185185185,80.44444444444444,-314.81481481481484,186.44444444444446,939.4814814814815,-843.3703703703703,147.11111111111111,-350.3703703703704,-187.0,886.9629629629629,434.18518518518516,737.9629629629629,-88.88888888888889,510.4074074074074,-876.6666666666666,392.22222222222223,-242.62962962962962,-778.0370370370371,151.14814814814815,-551.074074074074,-410.6296296296296,675.6666666666666,-516.1851851851852,-880.8518518518518,383.6296296296296,230.62962962962962,-688.2592592592592,-282.18518518518516,-611.8888888888889,-665.5925925925926,-526.6296296296297,424.2962962962963,-617.6296296296297,722.7777777777778,77.11111111111111,641.0370370370371,283.48148148148147,584.4814814814815,-12.333333333333334,-929.3703703703703,447.51851851851853,-496.6666666666667,-83.48148148148148,808.8518518518518,322.77777777777777,-728.1481481481482,-240.33333333333334,-330.6666666666667,3.3703703703703702,-891.9629629629629,-845.4444444444445,14.62962962962963,517.8888888888889,-73.22222222222223,-148.59259259259258,-882.2592592592592,415.0740740740741,740.6666666666666,-506.6296296296296,-373.0740740740741,-203.07407407407408,-820.074074074074,459.3703703703704,1216.6296296296296,72.66666666666667,-578.4444444444445,146.37037037037038,939.1481481481482,491.1111111111111,-559.4444444444445,-596.2222222222222,-1437.2592592592594,204.59259259259258,542.9629629629629,-948.0,-373.22222222222223,405.81481481481484,-162.2962962962963,3.259259259259259,-61.74074074074074,39.18518518518518,23.037037037037038,-2.185185185185185,874.2592592592592,10.592592592592593,-487.51851851851853,-53.2962962962963,-119.55555555555556,-122.66666666666667,-119.55555555555556,53.2962962962963,-122.66666666666667,-89.5925925925926,135.40740740740742,-5.814814814814815,-8.703703703703704,9.777777777777779,14.925925925925926,13.666666666666666,133.33333333333334,88.03703703703704,-970.4074074074074,-7.62962962962963,-123.4074074074074,-113.44444444444444,-123.4074074074074,7.62962962962963,-113.44444444444444,170.0
-964.3842105263158,47.52105263157895,270.40526315789475,38.859154929577464,254.83450704225353,999.4823943661971,-945.7077464788732,123.91549295774648,-269.49295774647885,-395.60915492957747,704.6197183098592,608.637323943662,971.9507042253521,167.39084507042253,166.5281690140845,-908.8345070422536,356.97535211267603,193.30281690140845,-612.7288732394367,399.8556338028169,-655.637323943662,27.133802816901408,888.4823943661971,-388.90140845070425,-897.1232394366198,179.8943661971831,376.7992957746479,-928.7183098591549,-141.1056338028169,-342.5880281690141,-394.65140845070425,-290.78521126760563,860.8556338028169,-109.45422535211267,784.4859154929577,-611.9401408450705,-7.151408450704225,-1.0774647887323943,-6.630281690140845,-485.53521126760563,-778.330985915493,1071.4894366197184,-255.7711267605634,43.36971830985915,963.2464788732394,13.288732394366198,-11.785211267605634,0.007042253521126761,-564.1760563380282,-255.42957746478874,-815.112676056338,-673.4894366197183,-175.75352112676057,715.3204225352113,8.06338028169014,5.640845070422535,18.140845070422536,83.27816901408451,836.3239436619718,-511.6056338028169,-110.83098591549296,-730.4260563380282,-673.8908450704225,-33.26056338028169,4.482394366197183,11.32394366197183,-767.9823943661971,764.4683098591549,405.5211267605634,239.2887323943662,-946.1021126760563,-232.57394366197184,-59.609154929577464,15.22887323943662,38.08450704225352,-899.9084507042254,375.7112676056338,-13.764084507042254,162.69366197183098,37.764084507042256,-79.19014084507042,-5.542253521126761,-6.591549295774648,-0.5352112676056338,773.0387323943662,-618.8838028169014,-130.0281690140845,-16.454225352112676,-0.9190140845070423,-24.366197183098592,-0.9190140845070423,16.454225352112676,-24.366197183098592,-43.16197183098591,160.0,1.380281690140845,-38.51056338028169,1.369718309859155,-4.686619718309859,-39.16549295774648,643.1338028169014,-25.992957746478872,-802.2535211267606,17.669014084507044,-67.38028169014085,-15.066901408450704,-67.38028169014085,-17.669014084507044,-15.066901408450704,-82.34154929577464
-980.6815286624204,82.31210191082802,227.52866242038218,48.261146496815286,271.7388535031847,1001.9044585987261,-963.7515923566879,87.48407643312102,-220.64968152866243,-445.13375796178343,735.0891719745223,559.8343949044586,981.9426751592357,159.42675159235668,158.54140127388536,-936.0891719745223,313.3312101910828,162.9235668789809,-616.0,412.4777070063694,-636.4649681528663,80.78343949044586,893.4140127388536,-407.2484076433121,-937.3630573248407,153.80891719745222,325.2356687898089,-932.2929936305733,-151.94267515923568,-329.78980891719743,-384.97452229299364,-278.0828025477707,875.031847133758,-145.84713375796179,819.8216560509554,-538.7898089171974,80.36305732484077,108.59872611464968,26.420382165605094,-405.8980891719745,-821.7515923566879,968.0955414012739,-222.12738853503186,38.21656050955414,972.7133757961783,26.29299363057325,27.547770700636942,45.02547770700637,-564.7898089171974,-298.656050955414,-790.0828025477707,-669.0509554140127,-213.45222929936307,712.687898089172,-25.318471337579616,2.713375796178344,49.24203821656051,30.993630573248407,814.0382165605096,-519.0828025477707,-124.40127388535032,-710.1337579617834,-691.0955414012739,2.229299363057325,-20.05095541401274,-16.03184713375796,-744.9745222929936,777.1974522292994,415.9299363057325,257.9108280254777,-939.3248407643312,-225.88535031847132,-0.9936305732484076,14.853503184713375,61.961783439490446,-896.2611464968153,353.7643312101911,-41.9171974522293,-161.38216560509554,36.97452229299363,-83.05095541401273,0.044585987261146494,7.178343949044586,-3.5859872611464967,785.2420382165606,-595.6433121019109,-115.92993630573248,35.89808917197452,44.904458598726116,60.02547770700637,44.904458598726116,-35.89808917197452,60.02547770700637,-44.40764331210191,167.43949044585986,-6.3630573248407645,-37.40764331210191,-50.095541401273884,-46.732484076433124,8.070063694267516,665.4394904458599,-19.961783439490446,-739.0636942675159,12.089171974522293,85.85987261146497,83.54777070063695,85.85987261146497,-12.089171974522293,83.54777070063695,-117.14649681528662
-991.9141716566867,117.73453093812375,-45.439121756487026,-310.94211576846305,12.696606786427147,985.7824351297405,-978.2894211576846,-35.57085828343313,-155.54091816367264,150.45908183632736,614.562874251497,793.1397205588822,972.0339321357285,163.6187624750499,195.6427145708583,-928.4451097804391,367.84031936127747,-80.02994011976048,-736.6127744510978,195.08183632734531,-617.3393213572855,-820.8662674650699,515.9441117764471,307.8862275449102,-934.5708582834332,194.31536926147706,315.84031936127747,-870.3393213572855,-292.68463073852297,-393.7824351297405,-421.4930139720559,-304.40319361277443,845.3992015968064,-478.8562874251497,868.0598802395209,-137.29141716566866,-16.632734530938123,-4.7924151696606785,1.5868263473053892,-266.94011976047904,-829.5828343313374,656.1357285429142,-258.03193612774453,59.94810379241517,962.746506986028,11.518962075848304,-10.882235528942116,-8.796407185628743,-548.9081836327346,-98.69860279441117,-817.245508982036,-528.9061876247505,489.50898203592817,692.0758483033932,2.18562874251497,11.572854291417165,19.017964071856287,604.3792415169661,397.63473053892216,-781.5449101796407,-28.37924151696607,-368.03992015968066,-929.5588822355289,-29.037924151696608,5.327345309381237,13.179640718562874,-901.2075848303393,356.562874251497,746.2654690618763,293.9061876247505,-902.0459081836327,-323.87225548902194,-66.86427145708583,27.29940119760479,41.169660678642714,-1049.7005988023952,349.6506986027944,93.08982035928143,-153.0,11.0,-77.33932135728543,0.6307385229540918,-0.6007984031936128,-1.8063872255489022,968.1177644710579,-180.05389221556885,-184.59081836327346,0.34530938123752497,-1.127744510978044,0.9241516966067864,-1.127744510978044,-0.34530938123752497,0.9241516966067864,-23.209580838323355,141.0,4.0,-22.982035928143713,0.6107784431137725,-0.5469061876247505,-39.141716566866265,413.25948103792416,-86.58483033932136,-949.4950099800399,4.063872255489022,5.62874251497006,2.684630738522954,5.62874251497006,-4.063872255489022,2.684630738522954,173.52295409181636
-994.6540880503145,86.96855345911949,-5.534591194968553,-231.9559748427673,4.427672955974843,1001.4654088050314,-965.1572327044025,-30.628930817610062,-180.1572327044025,-113.33333333333333,507.66037735849056,782.0,948.4591194968554,144.66666666666666,199.77987421383648,-923.3836477987421,394.24528301886795,-57.39622641509434,-752.6540880503145,183.7987421383648,-598.2955974842768,-575.874213836478,633.2515723270441,-160.35849056603774,-836.1383647798742,97.72955974842768,455.37106918238993,-839.7987421383648,-312.66037735849056,-406.6477987421384,-426.32704402515725,-346.6352201257862,804.5157232704403,-466.55345911949684,866.6855345911949,-176.26415094339623,8.540880503144654,-3.811320754716981,-21.60377358490566,-297.47798742138366,-812.1069182389937,663.0754716981132,-174.7987421383648,182.9056603773585,921.9559748427673,171.42138364779873,-80.59119496855345,-47.886792452830186,-594.7861635220125,-217.21383647798743,-682.6477987421383,-486.8616352201258,189.48427672955975,772.2767295597484,102.36477987421384,-167.34591194968553,-64.9748427672956,187.65408805031447,476.8050314465409,-657.3270440251572,-29.270440251572328,-373.97484276729557,-927.069182389937,-2.1635220125786163,-15.930817610062894,28.547169811320753,-898.3144654088051,364.64150943396226,743.3081761006289,347.38993710691824,-851.7798742138365,-350.8616352201258,34.503144654088054,43.716981132075475,126.20754716981132,-1063.3836477987422,248.32075471698113,95.04402515723271,-104.82389937106919,5.987421383647798,-74.00628930817611,16.41509433962264,6.056603773584905,-8.60377358490566,947.3081761006289,-87.81761006289308,-271.8301886792453,-60.459119496855344,75.09433962264151,-14.742138364779874,75.09433962264151,60.459119496855344,-14.742138364779874,-58.899371069182386,130.47169811320754,-0.9433962264150944,-16.22012578616352,-0.42138364779874216,-7.886792452830188,-20.89937106918239,289.0691823899371,14.69811320754717,-958.7610062893082,-37.289308176100626,25.18867924528302,28.465408805031448,25.18867924528302,37.289308176100626,28.465408805031448,172.25786163522014
105.63909424838067,112.25407434911754,61.8766349175353,132.83188826976203,243.85924902150694,113.4102052016251,249.79409184183731,305.8819950108127,155.62186620833603,316.97367034551576,79.98532628959147,145.89011592951016,409.7963360463793,323.6919634150455,406.06045961912724,197.83151339538324,152.10429957341094,168.18171220167883,79.2617288003589,72.032953838826,75.31979304984327,329.0300603695362,201.0652400819962,279.8752520233911,157.1979897365356,265.1970454859423,175.32588297842747,176.68629144346644,277.9691511712208,174.37897132689372,263.1567621807988,221.8697032994033,324.6000870674814,190.75359622543027,239.44588811114153,135.1521459840818,396.72878562656547,315.87368098051843,359.82959325538553,221.378026843747,47.19937104221378,156.3532416751766,279.04176693159695,163.97686759239275,183.5732307667189,431.7331203179658,387.29373703487477,378.87931912620735,184.32141659444954,60.93322205379878,57.35347986322749,97.63406299243265,337.75447934718545,110.92351257071539,379.00236789734555,482.5483044181858,417.8949621976789,185.8560083517771,142.80029088528875,71.44505589189517,353.7462069300234,243.02230444105425,252.77489619847162,596.1556423095817,899.3612326427167,573.2386400632274,325.9209830303768,179.8240909992421,136.8794258023359,288.46308033775955,292.6151756584764,234.00038351929996,2399.899158019138,766.1073061643549,1422.281333240084,173.43852823673026,223.8434090941071,244.57813554662727,4.312903847889602,2.5205706404059285,2.942952371508679,40.62022709196551,73.67416908851563,58.601678262287805,80.23791190654552,58.86115295876668,72.8826086516848,167.35839360137248,231.33264981795128,166.11881753269716,231.33264981795128,167.35839360137248,166.11881753269716,5.773009209037782,4.643102901983262,1.9421842786099803,3.5821653831040283,132.02107446375408,174.26061956955027,229.63599958998657,175.524927004685,188.47841775681894,200.6018366468684,328.95874748949535,442.16375832239936,379.5644602530372,442.16375832239936,328.95874748949535,379.5644602530372,0.5547001962252291
98.70207838983957,84.70925737249968,184.3018256423836,39.90954286889516,49.38030185627578,33.41657572925874,31.846403847423954,76.83045378219525,45.405631019988014,82.19436621905781,140.10123711665256,72.06253772973957,43.79502972344676,36.24911921421401,77.85496107134146,53.68338083145172,80.12981577540702,49.03946480789533,75.72906241885622,24.566566451773323,52.958669275866775,173.9025245377742,160.43043814687854,75.04522168907633,132.0732836327608,51.76874478240697,131.80365469791977,35.01920042700527,26.13980021781468,73.05201204582028,75.61989963378751,42.96238382154925,39.50395073438987,19.410063046119582,17.920805728466807,22.999768196279078,61.68054281511191,37.80301817248573,45.544145461146755,12.340666189662869,16.814187947653938,22.56024273654273,28.247150219901965,45.27794725184508,22.66804123794039,78.851300854482,45.597404685897246,75.33351020242388,11.964493581178937,19.727077008822157,7.273650195035094,31.187168258635694,43.98171586368632,40.0597540232136,105.20111748783279,86.12365516799288,54.93215752203241,11.805404620811858,17.713283548641304,33.82797005813576,9.60084789467159,11.272319388332992,13.195675514609636,44.244530847652015,29.727794038851318,24.70033813183948,4.529803922400699,6.070468045575194,6.744418773448459,9.710350010551931,8.822561572124114,15.709312489100444,65.52990351826959,23.126027681447965,22.14998439254656,2.1396638868780196,5.47862016869768,7.86349836773721,12.813192819024023,3.1763223294458816,0.8690443847336425,24.37751476256561,17.03774854051194,45.48943293156965,55.94206284684797,56.41721053766678,20.8141510920234,56.04700213672814,95.55423482328824,136.65524850954242,95.55423482328824,56.04700213672814,136.65524850954242,2.6680608591860038,18.519782184342155,2.9940633707511033,8.229260967865878,30.705956396508107,48.833137287780744,46.910606733848155,145.2987772960278,63.742635850293205,49.79000944528362,163.3438880101159,288.83221026670986,239.36359770053951,288.83221026670986,163.3438880101159,239.36359770053951,24.78657091944261
125.12721927213289,64.3178060347036,100.41966814385759,70.03681692023235,68.13713044171269,51.12601117293392,50.82103542509587,43.35816917903965,56.71632811543713,55.04544690426043,58.60738290284093,87.28452201717178,55.84436271141294,25.414311489449602,39.4983755663802,33.271874585190034,30.45096700393552,51.011002006011964,116.46211004838902,114.36595479084363,176.002932983371,94.43301237679337,79.39676772678712,114.7742855174359,52.97412925268386,58.372272764268615,71.31342342509963,26.859621096879938,22.272278399511396,50.182747041232055,86.17602357403794,48.7933846114304,124.74905170916307,103.07080996447051,83.87066532684787,129.9530009641126,217.88200031757492,374.5796936853942,162.89496881105805,104.2417791577176,55.406152584736,73.06370450429448,91.02202650546832,121.0465220203467,89.41010748199118,301.34389719002615,236.90297283205425,188.9982006780646,22.804079664003847,56.62661254576022,31.504163701912628,80.159999950287,89.41924059142465,116.26450025382456,361.2883825446797,256.38667839496406,191.38933340029374,50.80108226377014,52.434071589621944,57.55364964072361,31.149939266642747,43.81299063025373,56.6535561876867,271.61739853574636,180.15946626346823,163.96561632925633,42.431989179153625,32.71623126735471,15.744398535743603,37.98842195347297,65.35467500988433,94.45063614728325,417.3019182616003,148.45502708826413,105.36663008400949,11.47971817800323,24.568882791718252,55.168734384919865,6.5167781797599,5.944129882396133,3.973947495465581,144.5022111422097,126.94095655495144,199.22754818606438,225.5369775036015,176.7152937216061,130.891965368669,343.9297256915634,429.816132177462,576.0109279261247,429.816132177462,343.9297256915634,576.0109279261247,11.746224387399456,2.0391601451733417,3.611152359299925,3.2204383640389143,207.02482767741955,294.5957330397032,280.22992196083453,258.1743928983984,198.78899022002298,318.50000365351735,717.077610645943,487.84633271247344,672.3912689325056,487.84633271247344,717.077610645943,672.3912689325056,29.279995640373837
8.721617898216657,8.906143117508329,9.820325169114607,32.09265714637189,32.3710946441895,15.930680175630924,8.09061603737928,8.795536883094526,15.14994463208658,10.485648399373737,15.821205356170909,15.284516319521634,9.792080795591756,8.656579420618188,11.847788477870699,6.737913700692103,9.926250606236788,13.291993898449068,7.52421135315934,8.561734019528757,13.29739187730048,20.95366506939305,17.54060632530967,25.18716002133058,8.0623488551322,13.045165514985758,13.847109846383155,7.432135005400317,7.4027253976738985,13.237921697089387,14.536796452376164,14.61331960166634,30.552059167285748,1.9543043235958628,3.1324762067210843,10.945268666762994,20.37912771213197,26.77814075613334,14.860247175191414,5.83989787458899,5.127145867877659,4.447194724561924,9.145216128879287,12.520914559136877,3.8059969488284286,23.393634598338046,17.975541821942816,22.432977222514808,6.950651256841668,10.910498524078173,3.7801593604567976,13.315148577344178,8.354066025695353,7.380395350450131,20.790946901329246,29.521402094696086,20.60139987104533,9.094387732196648,7.680905635226689,10.229783919611108,1.7561002885805934,2.818226959210849,2.82330054157322,15.446441625249342,13.371336161301269,13.363370258683199,1.1299656434026593,2.1629930471827374,1.376729904370336,1.8278899410853202,1.6660997039579781,4.283882433329801,16.878078709324825,14.86035597288028,14.650227222969297,1.189192852639957,1.4655185126699903,2.3744296510246987,0.0,0.0,0.4739522534210144,3.740237058462072,4.992025576985503,5.29192206308412,5.167988369997457,3.756473055987345,3.643382429685151,16.653483808323465,21.74552019848214,17.369002145458506,21.74552019848214,16.653483808323465,17.369002145458506,0.5458827932368956,0.0,0.0,0.13295355093615122,4.397067612945515,3.7390233228988605,4.656809664083873,6.938914535439947,5.260350693742567,4.130190679599832,23.583297313472702,25.74035532419024,22.67713260783588,25.74035532419024,23.583297313472702,22.67713260783588,0.49997205510874915
140.14115792505217,101.6634694970261,75.58721845222563,116.53213529257698,66.78640230734239,54.65933390755856,100.67937167514128,81.74547976192838,108.85988756841306,271.26202164730995,300.66015614986173,165.0316425355292,159.8800872702695,172.13755416161408,269.5991785238664,43.40664341939547,81.2240780056162,62.15680649184663,109.97945650636424,84.77265052414478,102.71230273143482,436.7207308291291,308.15179903338566,487.12031995613046,204.67929461821592,123.43243349978307,263.05285490594105,102.32411769323447,72.3535474263229,160.46854411437494,225.12369305647093,89.10486081043035,103.32043405341574,48.97980051216969,39.167465568349066,86.36978585849856,269.34361710963344,161.3520865077253,125.61187050190117,35.816663344581414,40.320172919272835,41.50820372929987,122.02255341825776,282.636923073071,132.21249418696632,764.1331846240176,532.844578164161,583.160311688179,55.59304719070345,217.92637140016802,185.22460325288066,281.5690548209305,312.5465404401199,218.4195797301371,863.8077128780693,690.2677978525214,1538.8923065012307,533.4122421672955,277.90467079643275,115.27460317610932,31.465610227995604,38.27911313429998,42.148039204937085,197.38126936560542,124.43671155854489,76.47004030811117,15.793420503478924,25.479771827682043,31.28957234913253,95.8781473465336,122.76279730649546,186.28950105245445,558.4273563605393,399.27103088280916,380.5228593986939,26.627956837572263,166.85528941118434,77.28947280503584,122.97136306500695,6.896144053188322,6.492933700751395,92.87962141673684,101.26986414195169,101.93023295731852,130.16765964045186,164.68169740464432,155.41562111128732,610.9384018975594,413.42075285574134,744.5427720525206,413.42075285574134,610.9384018975594,744.5427720525206,37.008927244713185,21.233425798697525,6.485861237151209,8.150209905460413,106.85630856007549,100.3389812264933,115.24119972269463,194.32193435339786,148.2547309517711,120.85216720426796,483.27917798339206,739.9393506604711,637.2781299676905,739.9393506604711,483.27917798339206,637.2781299676905,1.772553891195061
Walk
Sit
Lie
