3
Walk
5
0.0
1.718007873383412
2.0190717213742055
10.77484762647473
2.9474498165685037
1.718007873383412
0.0
11.11645100273754
16.58908464582692
12.383344992468098
2.0190717213742055
11.11645100273754
0.0
19.965139395544043
12.17771014598665
10.77484762647473
16.58908464582692
19.965139395544043
0.0
87.73328559927428
2.9474498165685037
12.383344992468098
12.17771014598665
87.73328559927428
0.0
4538.26612251242
23037.539686495635
0
2462.594569393496
-2.844158713987174E-10
30748
1.718007873383412
20574.94511710214
5472.255647535915
6.40537199283432E-10
5697
14883.993509324186
5148.669365702527
-9.858107182216235E-11
4603
14373.058392612484
5100.090287093021
-1.1393403187696783E-10
5275
11909.925685836113
3487.7625693492514
-2.844158713987174E-10
10786
17252.635243054632
3416.3565798209174
-1.0801402552179966E-10
4387
55
376.22673017413706,358.0922788004452,607.6769734974147,181.09860304193649,171.93922878811284,247.24449647524048,209.20770512319555,396.5324114877979,258.2903508937202,162.03809881250845,175.50540483507584,178.57949747273364,403.30778765443347,332.4290588003451,530.3608949389793,180.66190113802867,197.58119199620438,276.0147064045948,159.4542986164635,349.6046537311886,213.14606523181578,157.01257002088394,142.04783276274813,161.24704451824482,926.7697102138663,396.9743608137574,307.32306217063706,203.80217115363948,370.652564130027,410.8312395740605,232.89509935379468,168.7312765792591,220.38736950591883,446.8458830175882,408.4555249898331,261.0368404786359,1141.4100879975729,996.4769044619547,360.99595592209903,213.68609396277014,1057.2697204153249,204.42935123733702,312.6372550757229,956.8682425653311,356.2674208260107,692.2391280501066,698.7685044425037,666.9590876095034,2727.9383151592133,1650.5676193320887,696.8831167720308,690.715289295407,696.211497835531,575.0153697566923,1450.3314860117648
-22.96929398394705,993.1295762695629,263.34809998949817,971.3657825638213,57.676251135628334,159.02325354494602,-48.9629569402888,662.6698126627072,480.8466833777572,106.97818423873385,870.3881114221545,-475.42889807473705,383.3868058538671,-64.79698825524962,570.354471934256,-366.951411473917,999.5673539742422,826.742914775234,357.8877057146444,820.4866332769611,399.6921425783791,-950.118414205802,-251.99030831273578,152.8546246910368,-187.74398334851048,-56.578248991804344,15.29071809548589,588.8703005073501,102.2291531156498,-80.1107389098478,0.5828021334720958,242.74343046702225,517.1012423572265,-11.553271757512684,-585.7906205281645,349.50575647196564,-148.2498048653571,156.18453232730585,-307.3453557954989,199.80314166775074,-184.0514179784051,519.7352673344608,-788.4202874983739,15.915148952777416,416.0866397814492,11.865877455444252,0.474404839339144,-16.32298035644595,42.73048653570964,201.6352283075322,-18.423669832184206,14.569305320671262,96.11138935865748,-350.32922466501884,54.750487836607256
-17.388196972600117,1048.725809542058,265.0063230503928,978.3050579557429,90.67737969792765,110.71019835000878,-48.47217833947692,680.9355633802817,457.8350352112676,69.76805482340538,911.4958706729924,-434.3287647162186,421.7865887082039,-97.03672574456422,608.4657754010695,-378.7361769352291,1010.290503773916,850.7817223198595,351.91739894551847,780.2731262067755,385.02264349657713,-940.2720730208882,-234.8532560997016,122.89608565911884,-153.06494646305072,-23.987712831314727,25.112515358960856,582.8378093733544,126.73196419167984,-87.53852905037739,-9.975425662629455,228.43145515183429,537.0303668597508,34.69159206599965,-616.2466210286116,311.743373705459,-111.78357030015798,208.47849745480076,-327.48095488853784,186.9864841144462,-131.1014569071441,515.5014920133403,-776.1068983675618,-158.96893101632438,427.6879059153941,-0.5769703352641741,27.921011058451818,-208.1583289450588,-2353.7760224679655,404.50921537651396,-46.24960505529226,-13.782692645251887,-18.990345796033,-399.3656310338775,452.57942776900126
-10.864525476937938,941.4358850519199,213.66867906302826,994.8386745149335,49.18378024852845,184.19443840973278,2.3011079730610473,683.3729035068612,473.6434328033108,158.83373231773666,894.5540805223069,-451.8424374319913,382.47950253339474,-47.24159373560571,542.5353647686833,-336.9900065174886,1041.052357158375,797.3202528885982,393.0161325485067,825.6980230284597,415.68563980013033,-959.2029111449054,-257.1173147946991,130.32066043884424,-403.0406256789051,-81.08342385400826,1.1488159895720182,660.8637844883772,77.35672387573322,312.76841190527915,-4.47012817727569,239.37692809037586,577.3793178361938,-379.53486856398,-602.8283728003476,353.26786878122965,-241.0195524657832,261.29524223332606,-492.287203997393,186.40973278296764,-421.62806865087987,602.983706278514,-774.6745600695199,155.8629154898979,203.57006300238976,140.18640017379968,-9.116445796219857,88.30436671735825,1401.555724527482,425.8694329784923,-97.0875515967847,-20.082120356289376,96.49446013469476,-277.7225722354986,-67.11731479469911
-35.27062775561621,948.8467352508923,303.8406466512702,992.6690047393365,51.92587677725118,165.05004739336493,-17.19526066350711,771.0655893536122,421.95380228136884,154.5209478672986,885.4119431279621,-461.5537440758294,355.82249216300943,-51.483934169278996,664.3889315910837,-355.2132701421801,1036.5203791469194,806.9963981042654,383.8701421800948,829.2329857819905,397.4218009478673,-961.064644549763,-244.96530805687203,141.56265402843601,18.5539336492891,23.543696682464454,-86.48701421800948,504.4731753554502,188.08322274881516,-435.24417061611376,-28.25781990521327,242.983317535545,494.8037914691943,407.94218009478675,-679.1994312796209,336.93364928909955,13.830521327014218,75.25308056872038,-168.98578199052133,192.46805687203792,32.22047393364929,430.7863507109005,-780.5052132701422,99.1721327014218,585.3929857819905,-75.27165876777251,-24.38350710900474,95.48511848341232,1369.8705213270143,168.05800947867297,6.291374407582938,65.94369668246445,95.68208530805687,-268.3996208530806,-61.83810426540284
-17.67384945397816,1016.5240834633386,253.146255850234,962.6176470588235,76.3749304138059,138.04264787687742,-87.40719451140367,647.8321411983279,498.77594054807247,48.89215504451039,871.1376112759644,-484.84180267062317,383.8499952976582,-64.5507382676573,565.7141771189662,-386.07231596514,969.1746708696459,830.6938225731537,327.9134231305156,830.0002781383274,403.652883367328,-959.4530873354348,-254.47264973113295,152.2875023178194,-198.14379751529762,-53.32254774707955,96.08325607268682,589.1812534767291,92.15214166512145,-74.4737622844428,2.451603931021695,242.66215464491006,513.18078991285,-21.6537177823104,-569.5324494715372,346.2269608752086,-221.6966437975153,132.3942147227888,-309.8901353606527,197.39402929723715,-188.51019840534025,518.4191544594845,-794.8404413128129,-26.101520489523455,406.313554607825,11.775171518635268,0.5385685147413314,-18.31939551270165,-77.18069720007416,25.760244761728167,11.026886704987948,20.862043389579085,163.16660485814944,-424.96532542184315,-18.24680140923419
-41.14592680047225,970.8987012987013,289.713813459268,933.6188299817185,-15.327468007312614,239.68930932299978,-47.066332345566444,523.37076852699,545.0201280878316,186.5366187542779,771.7417294090806,-547.0905772302076,366.4774253299375,-57.963185922667286,448.39178664149165,-350.1871438340552,972.405972190563,840.4269380288132,371.23667962497143,833.3330294050604,394.9530430818327,-917.2607704581719,-271.20902666970596,230.37451561431502,-229.36813312058354,-177.53339411898793,-58.885343059038064,621.8819238659677,18.049920218828355,-69.5290631410987,49.67927968999316,264.7727376339184,464.42489172555275,-165.08251652609985,-456.0200592660132,417.77524504217007,-112.57738773649419,133.7939366309551,-247.25849099612492,245.24276270800092,-252.62502849327558,548.0754501937542,-812.56553453385,99.37679507636197,444.45292910873036,-1.6156826988830637,4.626852062913152,-6.514018691588785,428.17004786870297,175.69136083884203,-1.8773649418737177,10.500113973102348,80.83405516298154,-277.84271711876,-14.344654661499886
447.97829265757747,451.3664765725576,696.2297486708903,207.58559323805434,174.53681461760496,229.21130671951613,195.88049189949572,371.63210426714755,219.78512551130297,133.00767835465254,168.29718288425667,178.47008870565358,433.71076021496714,373.7651876518042,518.6353491719847,177.89941731641298,197.91514832584792,295.38410568123925,164.1748663541359,363.4311024936709,192.0452229040648,162.67922715955658,127.06344581746951,150.18579930297525,912.8963515044877,354.2269239954363,300.1957205885864,206.38632119697948,383.09641018877954,406.7964289228987,211.29152763138637,157.25513864795082,215.34304262936308,433.88445911744077,372.17911167715295,228.60342544626272,1284.8092766955049,1038.4062690669919,350.8330560943855,206.79085110903995,1053.286628509726,205.7894603908472,308.31513520197035,978.5419939384931,313.1854132486939,777.058887849456,783.312457214635,753.9996247991156,2791.6436555449477,2002.6151421612308,1187.4351621167878,1196.9381873757877,1277.6139010980473,1086.9076981718606,2213.4660464094786
423.29894787853027,426.66866004614775,732.3286182962992,196.85344389449395,161.63996139631715,284.883295706245,216.7138049202537,404.2049339984239,251.00446458523587,131.77393123568353,146.9214125334233,172.46153686805073,456.765936629665,338.54823991649664,543.9749941860073,160.99223890173323,198.586981710958,300.81507118785123,146.5347360588111,384.3004538385492,213.10113231678514,159.11250388326334,134.00272157459443,160.41229114981266,807.6021834431143,346.6524484656271,265.0167309425905,170.92086759598453,351.99531026473835,190.6774828377513,211.85378191450482,140.38999277603975,187.56322747418827,188.76561739995165,396.989098997492,232.6529930882355,957.572056972135,950.1140371370846,280.8309395050574,227.55573135914685,966.8097044498079,164.12983234002843,336.10499438629137,1186.4758852097234,329.96613490738656,1060.783336224762,978.6657734532605,999.2889310868746,3491.7024590707492,2480.4955354475687,185.28691220412398,174.46565778113276,79.61721302789282,73.12104519256533,260.6566152372308
421.8662797031944,390.4458505673603,707.3973284308221,199.70808620848632,174.67355869748351,262.2324552697346,213.26988216729166,359.5046094925245,218.31033444326422,148.76136581164394,153.9542036567503,172.55015786778105,447.0792441111212,373.1564576076922,460.70194518706626,166.82113494373382,198.47590909750772,278.95996947230094,148.25459175221172,360.42449813884906,212.0972323429896,152.97196681437936,138.15853551277593,153.19061843029314,874.7476335132906,378.94638294202707,302.7962678090731,188.21159644120613,360.86703055292537,176.7993210019736,196.38723200059928,135.299805115546,207.66025146549518,212.7648405914595,372.707008598314,210.42891206768076,991.7343735058853,885.0039544867763,349.3452030604351,208.48454733743472,1005.9567397208311,187.07171042705252,316.739572652486,1082.3818837298966,210.80585774307346,1014.3990197160059,1112.0102889196155,1003.6365796787995,3591.4167045720333,2225.9272750980067,180.1535019209112,188.9241411538391,73.3673592809603,73.21494166377039,238.29975647593292
338.10031660498106,309.92488324928473,536.7540202605319,170.48599193372968,161.96729156185134,228.48525908490998,209.5132318185797,375.487279803999,256.21935633880605,143.45823565935655,163.71062083190452,175.90792026637524,391.3800958101953,321.4302693678759,518.8052023613706,184.78089409308598,181.61667869591747,284.3379920507434,157.02539083180895,356.88621534036446,217.1474015726785,157.04604912235547,135.24237704947603,158.72958476823584,897.8705770365935,359.3684271995914,291.86116933184223,197.3246694858757,367.56896625615093,415.3169601435919,229.94569620312836,174.60343965594484,220.01627357092934,446.8918595522494,411.8076968087425,267.91766052902364,1087.3041731260873,1014.7241608692178,364.2407100207006,218.09120543338895,1025.6595682158884,205.25815851454368,326.34289449040614,806.2353850686349,369.8970022359908,100.42352768844559,101.62404669431044,33.83844006732524,132.56805560473575,147.06224417518206,774.398284377497,752.6965426853468,708.9516262121566,546.1722628084126,1800.4884011334539
237.16106502666352,151.42194044740083,328.45549122678983,105.05022494941231,177.07308950235083,229.69527759437733,193.58723894624066,463.14121589181445,332.13078927209494,209.00984205079024,222.0086869025083,175.319508184304,246.23419205871315,226.61422859724382,607.1983743595466,201.5425914728462,215.25968683853068,176.16819599886895,170.62096510120028,241.49095634864878,228.6562903506801,146.47760869566753,181.2755253171574,167.16201014540275,1117.4315992663667,548.697964242553,342.5142916352011,227.41899578429928,368.84664525057286,393.0472528398981,308.5142949129685,221.46800379064774,254.42446607577713,438.1749360007025,459.1031514332064,341.3571524307691,1371.3479107141218,1055.8407040245838,367.30080476849827,196.1251394589603,1219.5062072249043,215.42024911055827,244.02450666179516,781.6291298993345,418.56828561123757,324.80976790464956,327.1090500629897,209.43001920203886,1414.803918064933,1113.0951205541276,114.26619310622951,101.81268928968237,24.308865223303716,49.16637832498006,129.27686638012682
Lie
5
0.0
0.07210297102937449
0.4391385273224062
0.2583422654692876
0.09579886771107583
0.07210297102937449
0.0
0.912419769102223
0.9918978203304407
0.09638101198148512
0.4391385273224062
0.912419769102223
0.0
4.416400259148916
1.1309733771071555
0.2583422654692876
0.9918978203304407
4.416400259148916
0.0
0.4135294948387438
0.09579886771107583
0.09638101198148512
1.1309733771071555
0.4135294948387438
0.0
1133.2717213421845
7551.150810217379
1
1330.871309254068
-1.9094667452382304E-9
6035
0.07210297102937449
935.0247724292983
184.24458359355194
-2.911669744365674E-10
299
458.95809257559677
98.35183874599794
-3.16909850120123E-10
421
7043.942066859183
1540.0338128518274
9.098573367688935E-8
1862
1696.272464325892
536.6200555219577
-1.9094667452382304E-9
2952
234.95719662839252
95.89474343054619
-5.339572334155346E-10
501
55
67.4528412195628,72.84872299266095,145.49975199593666,186.027389551296,57.354061016360944,284.7689739343302,501.7748814281552,123.74989596929022,169.1754620361809,62.69369816294204,99.04191698314683,90.97049538818248,80.46161126705753,87.83243447517663,279.4230855009449,83.0737688863449,78.95449382576152,78.41718944981034,429.58377128225044,104.67876939387018,89.60263881246526,115.67388626958657,49.247978731829136,137.88686555688616,106.30988798165036,92.05330282522382,73.2025194691667,141.55462355659452,81.09114259566748,173.43522303204892,148.74968669977488,45.61513343484598,65.20805733679174,189.21018117706328,114.30325716788593,110.09137274686584,243.26381364111728,322.8762392157445,170.83486891003355,245.00897546317339,98.16795807007773,75.944462911115,59.396311849677375,146.20215080116068,78.38622582870227,69.26531721771813,67.33761057834738,89.72639626564354,220.04605577198674,297.50343647877884,73.98350845543028,89.73890077776072,102.07110357441088,226.82027492048886,341.5921807235539
-975.6141988593774,132.23196639263767,150.08957926674773,6.273239436619718,970.9796188898094,-622.8803645401823,526.8220381110191,613.4238608119304,626.644241922121,-868.6306545153273,478.5897265948633,-66.72410936205468,-608.4546319814783,-647.729011904691,686.7893838045119,-882.1769676884838,176.50969345484674,-207.1431776667638,270.94401425817307,-145.6195526097763,933.9736536868269,-481.97431648715826,805.5792874896438,-296.2031483015742,1.5632145816072909,3.5403479701739857,3.816072908036454,-487.04092792046396,-738.5012427506214,744.5282518641259,106.77398508699254,949.281855840928,-523.7603976801988,-326.4145816072908,-574.3229494614748,732.1751449875725,1.2377796188898094,7.3191383595691795,690.4008285004143,-797.5120132560066,-26.655840927920465,-757.0192212096106,239.26396023198012,47.655012427506215,-986.63545981773,-1.0652858326429164,-1.5945318972659486,-0.02816901408450708,5.781938690969345,-8.327091963545982,-2.623860811930406,0.8308202154101078,-27.84258492129246,596.6086164043082,-8.00049710024855
-964.2154471544716,46.97560975609756,280.9186991869919,259.16053511705684,1002.2040133779265,-951.8127090301003,-255.21070234113714,727.7558528428094,592.4314381270902,-919.4615384615385,336.5117056856187,193.93979933110367,-610.2073578595317,-658.3779264214047,904.4548494983278,-925.14381270903,172.47826086956522,-144.3210702341137,-346.15384615384613,-290.5484949832776,857.8963210702341,-109.6086956521739,786.9531772575251,-608.4983277591973,2.250836120401338,3.488294314381271,3.668896321070234,-476.27759197324417,-781.5785953177258,1058.9899665551839,46.7123745819398,963.8294314381271,-560.742474916388,-265.7993311036789,-670.4147157190636,718.1538461538462,1.7558528428093645,13.19732441471572,834.2207357859531,-728.0367892976589,-28.83277591973244,-767.2809364548496,240.1839464882943,34.89297658862876,-899.1003344481605,-3.769230769230769,-3.270903010033445,1.0033444816053512,-6.25752508361204,-10.461538461538462,-4.133779264214047,-1.625418060200669,-42.84615384615385,677.6588628762541,-4.066889632107023
-974.9714964370546,98.43942992874109,235.83372921615202,238.7790973871734,928.0546318289786,-820.0451306413302,517.4774346793349,750.0688836104513,608.0902612826603,-930.5273159144893,362.5914489311164,-77.3230403800475,-657.166270783848,-572.6365795724465,933.9382422802851,-975.4513064133016,118.32541567695962,-150.24465558194774,225.60570071258908,-196.57244655581948,955.7244655581948,-565.4940617577197,781.9691211401425,-267.3871733966746,-5.8123515439429925,-7.34916864608076,-0.8527315914489311,-732.5106888361045,-709.8218527315914,773.479809976247,-182.00475059382424,959.394299287411,-623.5463182897862,36.66745843230404,-719.437054631829,692.2232779097387,1.7814726840855106,13.874109263657957,876.4750593824228,-815.394299287411,-31.149643705463184,-759.0380047505938,269.39904988123516,36.57957244655582,-1110.812351543943,1.4465558194774346,-3.0641330166270784,4.441805225653207,0.5890736342042755,-10.239904988123515,-0.4584323040380047,0.5629453681710214,-66.66745843230404,647.3444180522565,-1.8883610451306414
-976.2891364902507,126.24568245125349,167.03119777158776,43.23361976369495,983.3861439312567,-793.0843179377014,213.01127819548873,578.1256713211601,677.4462943071966,-879.6976369495167,456.4785177228786,-63.0499462943072,-621.2062298603652,-647.031686358754,613.721767594108,-856.7733619763695,166.5300751879699,-171.44273972602738,39.42794520547945,-169.65359828141783,895.8866809881847,-499.04940923737917,819.3539205155746,-211.48657357679915,26.1047261009667,16.928034371643395,10.32921589688507,-461.0059076262084,-789.3587540279269,629.8823845327605,123.81632653061224,944.5397422126746,-532.2846401718582,-350.5375939849624,-557.310955961332,771.8464017185821,4.026315789473684,-9.498925886143931,680.8807733619764,-642.0386680988184,-13.296992481203008,-745.5886143931257,249.58968850698173,67.78839957035446,-965.4280343716434,-1.8732545649838883,-0.28839957035445757,-1.8678839957035447,18.857142857142858,-11.075725026852846,-7.7368421052631575,2.9339419978517722,-20.791621911922665,518.4248120300751,-29.15735767991407
-973.6683263117579,151.92301800076598,147.10800459594026,-76.90311653116531,963.6009485094851,-393.7689701897019,921.1111111111111,604.4271680216802,572.454945799458,-837.5226964769648,542.2662601626016,-91.67378048780488,-571.5364850976362,-662.9571771154505,704.5785907859079,-871.6541327913279,188.4888211382114,-229.62150943396227,598.7592452830189,-81.56571815718158,977.6334688346883,-497.5379403794038,791.540650406504,-349.08672086720867,-9.84620596205962,-1.9315718157181572,0.7669376693766937,-506.89972899728997,-690.6913956639567,795.8638211382114,151.23915989159892,947.0721544715448,-496.1388888888889,-407.7662601626016,-562.3329945799458,721.0755420054201,-0.8119918699186992,14.411585365853659,704.9884823848239,-972.9529132791328,-33.81639566395664,-738.430894308943,219.08638211382114,38.928523035230356,-980.4657859078591,-0.9278455284552846,-2.2076558265582658,0.6920731707317073,0.4173441734417344,-7.326219512195122,-0.10365853658536585,0.025067750677506776,-23.31571815718157,661.5958672086721,1.761178861788618
-991.9141716566867,117.73453093812375,-45.439121756487026,12.696606786427147,985.7824351297405,-978.2894211576846,-155.54091816367264,614.562874251497,793.1397205588822,-928.4451097804391,367.84031936127747,-80.02994011976048,-736.6127744510978,-617.3393213572855,515.9441117764471,-934.5708582834332,194.31536926147706,-292.68463073852297,-393.7824351297405,-304.40319361277443,845.3992015968064,-478.8562874251497,868.0598802395209,-137.29141716566866,-16.632734530938123,-4.7924151696606785,1.5868263473053892,-266.94011976047904,-829.5828343313374,656.1357285429142,59.94810379241517,962.746506986028,-548.9081836327346,-98.69860279441117,-528.9061876247505,692.0758483033932,2.18562874251497,19.017964071856287,397.63473053892216,-368.03992015968066,-29.037924151696608,-901.2075848303393,293.9061876247505,41.169660678642714,-1049.7005988023952,0.6307385229540918,-0.6007984031936128,-1.8063872255489022,0.34530938123752497,-1.127744510978044,0.6107784431137725,-0.5469061876247505,-39.141716566866265,413.25948103792416,5.62874251497006
43.20428839735396,40.37426204082207,49.005887775534994,23.67256321941324,17.41928222501495,21.738185227819315,30.74061900625324,17.329919162525172,30.247488357741137,12.012340926646385,14.36213200299572,23.434538010630355,87.32441911554966,82.25427702133976,23.223031589397344,12.445696279608496,21.279587273938585,9.684828177997355,16.876667014546044,11.149690281120135,12.479215734419702,17.035022884305324,15.161694987855274,23.088736697682325,58.29663174479714,29.01878060184105,31.36151088332939,18.535107253355047,17.593747269604425,32.8207951911392,37.037585853008146,19.191747125504715,6.225939073276118,18.89710391736872,25.43544105997675,27.27199088506975,76.46443172911262,35.252652708960255,11.063185130358464,7.929343032808639,39.451679679282776,3.1165295068589005,7.730546692064884,18.968410267865206,2.505691485520346,8.826264368060194,7.30979320491456,10.21201369350023,20.71095182259518,25.281522797106778,14.831112865311066,10.500566750882538,9.546235611595337,13.416558437742038,59.2755668568356
8.30227420897945,8.39837079767248,10.226292099654275,13.72124318061044,14.655548556606957,9.360522792406147,12.954410503712376,23.53948063387615,16.61873369704963,7.1349134654564175,7.60509372162139,15.117166724677583,6.871674268349077,12.733289392336307,50.58421535983026,14.317841997999395,14.146547454637972,9.855600350762513,14.370153122281986,16.012721161630004,38.45244552272313,4.57301483195827,4.7264701856915785,6.312476447168032,22.918082680337577,22.219129049892494,15.739310004743041,5.426390956252986,6.897142084964276,7.313242780311494,7.321850940004835,5.700991208363645,2.5950258248800115,4.685703733425185,6.761160429376837,6.5358010177814165,22.61130645784979,20.8765263366124,3.6203749225526187,2.060135408340119,16.521527979503407,1.0016556817326023,1.8599536732289024,16.282958102834616,1.354160935036962,3.7972570005761246,4.3619754176484316,4.297237270848868,17.076711358059253,16.7382346452238,3.583866814768873,3.902862791697625,4.7302079337469225,4.244621072999853,21.27169777232074
115.51173751611556,90.7604889935074,155.23410280563715,156.66194069468855,63.80420481122264,244.14334960072776,493.0957416209412,189.3814255357226,157.57983592681032,84.46629478148107,103.21989340622544,111.01568201085182,98.17412293274091,127.63208040148612,420.94998361049664,129.64678248984765,122.9096158913299,105.90265273601447,404.8729988053288,119.8658070447568,116.24511127145485,118.3490031298635,58.23427165931292,153.287715351802,184.97815572910946,161.4675781860529,128.46261442547004,140.28872303717208,79.18795396965825,206.82113234801082,182.07164355618548,79.33760076232002,91.9024759972026,182.79678799253406,171.8361642953891,137.59928284277348,434.64345712968634,579.8787823346895,160.2685775297521,264.934498830469,173.28365945045283,76.93980032505756,88.93131862003865,260.2887234883431,88.39248564704992,124.48819259547894,121.02553038762069,161.2482932932484,394.995510078618,534.8627721390751,132.78662802715456,161.3795957524892,181.04910278480867,361.99024524671904,613.1645476023805
16.600498198982205,64.56046358627228,134.30744672670508,181.76967552688225,59.196088225326584,139.32359525363356,51.42842540725559,60.72882863424325,182.3464162598291,32.35625605308758,53.67323577350174,38.33565949728465,41.7415834511824,59.29186197286756,162.1731316356472,32.29929224863483,48.70059298473247,41.66369958765555,114.04664228736296,44.851769307230114,51.984401295659175,54.96889157726051,41.20948919828333,48.627721549578524,21.63802344938015,20.889570857785102,18.378578917726024,104.21556446413615,61.77651224986205,109.61324025193527,96.7904231974613,12.445851965262888,29.655008643283228,130.76763781532807,58.09882344572056,105.42727470708395,33.46215134824009,24.159016043244232,146.95218254265512,24.100493146200538,19.08182532568715,63.95015612011351,33.28544778752093,22.297212356595264,60.513757028386216,4.690041184136767,4.470836519729501,6.372038804016334,17.944224667236952,19.104670315351438,4.426985135121019,4.7407955366208325,17.440898415476543,87.80175227369567,23.28836388868585
8.721617898216657,8.906143117508329,9.820325169114607,32.3710946441895,15.930680175630924,8.09061603737928,15.14994463208658,15.821205356170909,15.284516319521634,6.737913700692103,9.926250606236788,13.291993898449068,7.52421135315934,13.29739187730048,17.54060632530967,8.0623488551322,13.045165514985758,7.4027253976738985,13.237921697089387,14.61331960166634,30.552059167285748,1.9543043235958628,3.1324762067210843,10.945268666762994,20.37912771213197,26.77814075613334,14.860247175191414,5.83989787458899,5.127145867877659,4.447194724561924,12.520914559136877,3.8059969488284286,6.950651256841668,10.910498524078173,13.315148577344178,7.380395350450131,20.790946901329246,20.60139987104533,7.680905635226689,2.818226959210849,15.446441625249342,1.1299656434026593,1.8278899410853202,14.650227222969297,1.189192852639957,3.740237058462072,4.992025576985503,5.29192206308412,16.653483808323465,21.74552019848214,4.397067612945515,3.7390233228988605,4.656809664083873,6.938914535439947,25.74035532419024
Sit
5
0.0
147.2256974705181
78.9389107950164
2.5148138370692252
9.267185004803025
147.2256974705181
0.0
274.0948680767111
20.04723772195036
45.54407489220999
78.9389107950164
274.0948680767111
0.0
9.390707354586226
38.1355266519695
2.5148138370692252
20.04723772195036
9.390707354586226
0.0
6.050166337165459
9.267185004803025
45.54407489220999
38.1355266519695
6.050166337165459
0.0
1459.1958186105007
7952.145763077317
2
1348.150721418265
-9.87353073109383E-9
35040
2.5148138370692252
7444.4400872882725
1956.588597969332
1.4519845487714676E-8
2859
5369.651794902257
1227.7633929856454
-9.87353073109383E-9
14653
6025.718747447866
1525.129146419307
-6.862795750980977E-9
10042
2508.416805923348
676.8638067796559
-1.1000537300998043E-9
2744
2377.913855855321
822.6021839797107
-2.778961404453162E-9
4742
55
75.11693415019856,151.79188845092648,53.760454252119274,28.69838907122816,102.12987252114901,175.30451544424002,212.51564136737179,296.4481328210771,135.79388192711852,89.62426249498886,40.01996939461287,97.33221976320279,68.92024724262167,82.55577046869838,436.40395890338397,151.99310165209403,187.7838243907459,270.4851577424584,159.92606271114832,246.1620536732586,156.70636150157074,25.444226289898353,77.34966381895546,123.01552143239483,197.29452309856075,130.41417360509212,112.99107175680705,83.33103329561733,140.52391921604865,83.18340847233543,218.15958513300737,153.28656460839136,289.26620653200433,84.9705091289186,281.63461808577864,186.1643246694513,574.0213667200087,728.6964798077041,225.5562716189219,191.54220165448078,289.15830927168236,246.46149389587694,236.0704669719605,346.03806980471927,280.1082169092314,38.2980354198839,35.90777756699375,34.52757442081428,173.95666309230108,102.03943531986086,35.47789719291603,32.648566042833004,39.02426966263668,43.49416131960954,79.12197704099724
-127.98064523798527,353.91688557542005,952.6634570410105,989.5931063012409,108.85382839803567,-234.06321347031962,462.61295662100457,-268.4168029720873,796.5760033636619,35.84831621004566,952.065953196347,-326.04032534246574,327.56629758109096,-173.3507232241108,-323.5269328972131,-246.4403824200913,780.5589041095891,-135.9187950617966,605.1369199695472,-205.50260467739784,881.0542088688269,-965.4736872146119,-216.04303652968036,65.41384132420092,-9.996575342465754,-4.9153824200913245,-5.574657534246575,606.2933219178083,152.60228310502282,756.1700057077626,556.5480593607306,329.2996289954338,-35.53418949771689,-771.154252283105,429.8060502283105,599.0086757990867,2.4433219178082193,17.63421803652968,277.3009703196347,-358.92477168949773,-27.27400114155251,-147.53270547945206,311.4357876712329,38.15539383561644,-555.4684931506849,0.3944920091324201,-0.08946917808219178,-20.637157534246576,1.2113299086757991,-0.3089041095890411,-0.4728595890410959,0.3755707762557078,91.06743721461187,-278.8729452054794,0.9432077625570776
-191.79783140958378,225.58447009443861,961.1269674711438,992.4991255683806,134.36691150752011,-179.79433368310598,430.2591815320042,-167.52395942637287,804.4998251136761,47.65862189576775,932.9391395592864,-359.9251486533753,266.781596849266,-191.55531686358754,-156.55012398157987,-279.1080797481637,842.963623644631,92.36831059811122,532.2742217558587,-21.60245183887916,853.0872154115586,-958.0251836306401,-224.27701993704093,74.47743966421825,-4.82791185729276,-1.1136761105281567,-11.87722980062959,583.2567331234698,131.56733123469743,721.3588667366212,472.03917453655123,325.9492829660721,76.87757957327737,-774.0961874781392,315.88282616299404,584.954179783141,0.36061559986009095,4.752710738020287,154.6194473592165,-348.3735571878279,-26.389296956977965,-80.15704791885274,136.38335082196573,28.108429520811473,-629.8149702693249,1.0328786288912206,-0.9919552291010842,-23.25218607904862,-0.3179433368310598,4.458551941238195,-4.473941937740468,0.29800629590766003,95.46974466596713,-277.2598810772998,7.981112277019937
-115.33584905660378,337.26627787307035,963.3009262435678,996.4179789127755,90.37737915924963,-186.67358220159693,524.4113833344708,-241.77977328598743,796.249248839115,87.47928751791441,948.892854705521,-328.71029823244385,315.76752900482813,-167.0588743964834,-214.73147574819401,-244.77615505357264,903.7829795946222,-166.8289482676143,646.2337866466206,-217.51234525682239,865.5920251692771,-956.1112400191087,-261.9310038899884,60.03241656998567,-6.977206032894288,-5.128642598785231,-10.422166109329147,575.3000750699515,224.79512727769057,748.4789462908619,427.26233535794717,309.7208762710708,173.619668327305,-819.5306080666076,409.4604517846175,563.7335016720126,6.330853750085307,11.348529311403809,202.94437999044564,-394.47164403193887,-21.2849245888214,-197.68764075615914,323.4476898928547,50.50303692076708,-459.8529311403808,0.190814167747219,-0.18917627789531155,-21.103596533133146,-0.23606087490616257,-0.8875998089128506,-0.1623558315703269,0.9645806319525012,94.14051730021156,-286.74599058213335,1.0103050569849177
-139.30282812188807,451.54242182832104,923.2723561043617,971.4164416441644,120.3940394039404,-263.55526787492533,367.1548496315475,-76.72074867380643,836.2532279051146,-26.894542919737106,953.0947022505477,-331.9964150567616,362.1256913021619,-169.43489190548013,-232.14434343434343,-328.3084047002589,683.3546106353316,-97.70852419836686,602.3180641306512,-165.615760111576,959.2962741581988,-976.9772953594901,-154.51404102768373,101.7414857598088,-18.144094801832303,-18.618203545110536,-1.0187213702449711,660.2873929496117,46.837283409679344,759.3191595299741,588.5665206134237,446.2546305516829,-178.46614220274844,-729.5080661222864,242.77862975502887,666.683728340968,15.13154750049791,-29.785202150965944,198.23590918143796,-260.19318860784705,-36.013045210117504,-42.877116112328224,272.3749253136825,41.5053774148576,-695.8599880501893,0.3082055367456682,0.11521609241187014,-21.004082852021508,3.950507866958773,-0.9482174865564629,-0.044313881696873135,-0.6749651463851822,77.78191595299741,-267.7535351523601,-1.9597689703246366
-105.22939460247994,239.84974471188914,987.5204230488695,1004.7507288629738,93.08782798833819,-361.25145772594755,713.6548833819242,-610.8556851311953,737.1275510204082,44.89249271137026,946.2408892128279,-350.98797376093296,334.373869801085,-223.37025316455697,-808.6581632653061,-141.49672011661806,791.9252915451895,-548.317055393586,526.567055393586,-676.1457725947522,598.6013119533528,-957.2930029154519,-244.27332361516034,57.03097667638484,-14.495991253644315,0.43330903790087466,-2.242711370262391,584.9690233236151,179.29956268221574,718.649416909621,693.1836734693877,223.96756559766763,-213.99562682215745,-807.0072886297376,761.5798104956268,544.106778425656,-4.522594752186589,85.39467930029154,527.6439504373178,-699.3053935860058,-40.28935860058309,-553.7310495626822,773.6993440233236,-30.42128279883382,-198.03097667638485,0.6373906705539358,0.22157434402332363,-14.099489795918368,0.9431486880466472,-1.1439504373177842,-0.08454810495626822,0.5736151603498543,120.8097667638484,-276.32543731778424,0.8793731778425656
-117.76616493534026,342.0080559677761,956.7608649565402,996.4729845626072,135.24957118353345,-277.16554196541546,348.0407001265289,-619.3498523829608,743.1853648249684,-3.1790383804301983,974.5948966680726,-270.31126107127795,323.54803638784114,-161.16529842467273,-673.1748446539533,-119.24420075917334,561.4358920286799,-20.32053985660059,573.5099114297765,-91.39266132433572,943.4474905103332,-979.2678194854492,-183.24525516659637,4.4989455925769715,-2.5854070012652888,19.374525516659638,1.6282159426402363,613.9506537326023,150.73218051455083,815.9664698439477,860.1282159426403,205.09784900885703,-343.6522564318853,-687.3416280050611,765.4392661324335,604.940109658372,-31.15225643188528,106.03226486714466,603.6029101644875,-267.5615773935049,-20.276043863348796,-19.749051033319276,195.08456347532686,38.64635175031632,-715.6320118093631,0.6811471952762548,0.14930409110080134,-20.625263601855757,0.9603542808941375,0.4420075917334458,-0.15225643188528049,0.7123576549978912,89.84099536060734,-280.53880219316744,2.6771404470687474
146.73274566946074,195.96960350272732,109.82869941785746,39.828458040876015,136.91235021336726,179.8651379048256,232.37753492032957,317.5165204612872,142.7229606945447,130.23767477063117,62.12628341589218,130.65107187795775,113.40328986045371,104.42857833969069,440.32141981616286,182.14317533270128,181.83357594541872,344.2416860399199,211.3518693310974,369.8610289322032,156.85273031121775,42.38009961667664,110.92195322009798,155.1148486390646,316.43503602922004,230.2618690987159,181.37549240982622,86.85582343770076,153.3776490075837,95.13985102773069,227.72966522662543,149.27404414041416,310.5575209383188,100.04121010283508,316.82004423527064,197.9928491098945,762.5179301785025,871.6898227088394,259.6816266534619,206.97727842975263,531.889083456542,260.1953150795047,363.17292062534347,569.104151078662,274.03274842175904,133.16823114000434,124.39219452932586,119.23022459471373,602.4762634344418,347.87156172415825,123.08014367275526,111.44565668613694,98.48543766511948,109.64056982504412,256.1652358432066
61.328203573159584,136.03770384242677,41.01859567641153,21.182129043301092,107.52439876172511,165.2680145567258,207.38735075429318,186.52819350396675,156.6550240962322,75.67225377948463,40.975407436629666,100.58644082889033,50.144711347695264,90.66451011461119,394.6798186862783,135.62063830416014,133.67755931032764,225.89382828024804,175.97350354129384,200.1242874796547,157.9208747981076,21.945504127977514,62.507187271665984,115.49372336471562,145.76617229377024,107.00587843654611,92.49277387290195,77.51785505394699,117.1062576390372,69.27199274333736,170.90368152295662,135.43794052864294,221.83994837563316,64.39213423037532,175.6973501627296,214.5317365309407,505.65920369075144,488.99991172577296,156.49599972508696,178.1752246879689,357.356182633952,224.63877840317795,177.07605610220375,435.8491762572157,224.49906350779167,4.805360350306665,5.389950832867703,5.294924274510693,26.894761164472683,24.902515198924856,5.181135821946071,7.859348376510407,29.72334865535742,32.088069177200396,30.258499824437273
60.446509492919745,75.16856496487549,38.552845431341815,33.07040858659403,86.90230578428269,186.06964165413234,176.72338691695663,305.3215087618175,123.9672659065946,70.73207704099191,30.886256722259333,75.98268602736341,55.59626406715921,57.02963204568278,390.29221670301683,150.76603053610427,166.3047438441548,203.84618072680573,126.01838284858282,96.448845991389,68.384677893765,23.462202264498234,56.08466407929596,108.99836535808797,271.6720179547203,153.16855660232446,146.4578276412732,61.27901659709285,131.90111600760824,83.79619097976632,173.941181765835,141.48068199974713,216.56858244016908,72.39530754400754,280.5695331133756,181.3748525014682,759.9438968401303,1090.2209083891391,186.2103605863999,131.9240218326836,143.71613890555878,196.40246670427896,101.93503744052676,147.43920682827326,262.4235872474694,4.662486609386467,5.661128083366881,4.215190996413816,29.948417630899122,26.182845292673193,5.119654626236764,8.777949294064221,7.8093786803226735,26.89463667489339,37.63363897443778
59.86975621426425,153.48470113415388,46.05118401499104,13.513114551110021,67.11986935595513,104.42830928725178,79.21318364516009,70.32508455590428,56.64411144770422,44.514480005175734,35.4210431771256,92.09374553613036,55.36363818555359,106.11870878400198,276.29460978318025,76.3912162869806,61.26134879576698,129.08969567851244,80.00770939386166,89.24041206248873,137.26905151138476,15.917148155869828,34.37856736423147,152.08860212779416,61.8661543636201,69.79491282463951,40.65171039736111,85.92102361646381,57.39383598940749,77.53779960683615,68.4367805925135,79.99830957323178,92.02298043031091,43.37173611164795,66.1916607578566,65.6909425428068,211.39361599141745,304.33817053140956,67.24933917868516,62.34281899227338,111.05799861114295,96.50790631095452,70.19251938194877,299.7722558785076,70.44526466873475,5.5805572237152505,6.701197318181668,9.438903819693863,21.67767668581751,20.747251987431707,3.687302944413798,5.0917620462417945,40.55078639385811,31.652427841927935,22.81705421400165
60.1853003081437,160.1469650089712,39.327581456327856,16.94260343902593,94.13503141117236,147.63578511785323,131.12490856527185,63.56011259324323,74.04500199943634,38.32182848968003,28.171922234439485,84.0625395933851,75.54860216720759,62.51661803515446,335.196178692068,70.51852907982204,85.54778267052423,254.1016147569882,126.79151709415372,227.53101448632756,67.28430962797236,9.35333583357295,35.711899317253575,104.31680639646537,53.61101650334504,69.50362296521335,38.75758642002696,78.69246334146766,100.70280753758038,84.71741887406894,48.0014941338915,73.63371354853044,66.77674314923026,60.3519218773917,38.30122951520348,51.53640102791154,209.71229982206128,375.51338578414794,37.88681753334877,89.88681100905266,37.95405602595763,139.78409495364647,226.33439556158098,36.55073918382568,239.12554734066762,3.717221775205446,4.135551073764734,5.953222234355942,20.10311189619005,19.15123456323042,3.6786686459911384,4.250777708200501,25.864182565490793,31.294022307567822,22.990027927371944
Walk
Lie
Sit
