3
Walk
5
0.0
0.3419241144347325
0.9830896428749455
0.7618330361042628
0.8356416212542488
0.3419241144347325
0.0
1.5745334142090357
8.032996959635614
1.811787902221364
0.9830896428749455
1.5745334142090357
0.0
4.347250262631403
15.616894770421046
0.7618330361042628
8.032996959635614
4.347250262631403
0.0
4.629982975703903
0.8356416212542488
1.811787902221364
15.616894770421046
4.629982975703903
0.0
7661.243904981058
35502.015940691315
0
5556.38470307622
-5.0852314721655284E-11
30748
0.3419241144347325
29945.631237615096
9208.381959595885
3.591194579619735E-10
5448
21637.615605642233
6778.85254131297
-2.2207428625205035E-11
3604
20893.559953776938
7875.517058336332
-4.270662755817499E-11
6048
21671.485911008407
6846.093173410923
-4.694909570285426E-11
7534
16523.542704577085
5695.718950991072
-5.0852314721655284E-11
8114
110
376.22673017413706,358.0922788004452,607.6769734974147,192.37420006331723,181.09860304193649,171.93922878811284,247.24449647524048,174.29596552119415,209.20770512319555,295.89835740149954,396.5324114877979,258.2903508937202,271.491641971921,362.1810760626101,323.4887614888433,162.03809881250845,175.50540483507584,178.57949747273364,403.30778765443347,383.32609473806866,332.4290588003451,345.5376136831632,530.3608949389793,429.4584237572041,180.66190113802867,197.58119199620438,230.67921119335753,271.1849661514122,276.0147064045948,159.4542986164635,282.37644027707694,349.6046537311886,213.14606523181578,157.01257002088394,142.04783276274813,161.24704451824482,926.7697102138663,396.9743608137574,307.32306217063706,203.80217115363948,370.652564130027,410.8312395740605,180.7618301488539,232.89509935379468,168.7312765792591,1126.0937358532346,361.6370501433109,633.03260305904,220.38736950591883,446.8458830175882,358.9738505090743,408.4555249898331,283.1136870957183,261.0368404786359,1141.4100879975729,875.2153940248261,996.4769044619547,438.6218027552253,360.99595592209903,399.419384622883,167.94188002345527,213.68609396277014,172.97977517118534,1057.2697204153249,374.7582270928936,448.72542007672774,204.42935123733702,395.07448157902974,389.83077136173887,312.6372550757229,217.08306885885654,298.8566803840988,1096.100534403035,720.6241389659225,956.8682425653311,356.2674208260107,378.05399510741097,407.65991644992744,103.53090675163702,18.232351159117872,27.61290275359816,692.2391280501066,698.7685044425037,666.9590876095034,518.4073182860393,709.0476754239431,590.1657086873646,2727.9383151592133,1650.5676193320887,1430.7492592608155,1650.5675305465777,2727.93825710643,1430.7492592608155,95.80552635816679,106.63968817424764,18.777141405906992,30.86109465929208,696.8831167720308,690.715289295407,696.211497835531,575.0153697566923,715.7683958958335,551.2449912684594,2486.7191411559693,1450.3314860117648,1712.421109483679,1450.331541204991,2486.7191432376444,1712.421109483679,81.50793226671945
-23.027473960350044,993.2756833413839,263.6300195209606,-268.01570204044896,971.3764470260071,57.676412876920686,159.02325354494602,972.4162547157539,-48.9629569402888,370.9958448808252,662.6960911423658,480.83964853683875,340.43041263539243,882.5008017759168,128.12761238488264,106.9712346103285,870.3936247623424,-475.4221380705156,383.3527655162863,884.0464661200151,-64.74425260544508,-541.9950441986413,570.7115239010396,-15.403538201821238,-366.951411473917,999.5673539742422,143.70287498373878,-365.82203485536155,826.7268006621797,357.89267344922746,-191.03567711721087,820.4866332769611,399.6921425783791,-950.118414205802,-251.99030831273578,152.8546246910368,-187.74398334851048,-56.578248991804344,15.290718095485888,588.8703005073501,102.2291531156498,-80.1107389098478,-951.6655717445037,0.5828021334720958,242.74343046702225,-168.0261480421491,-2.1045271237153638,132.6743202809939,517.1012423572265,-11.553271757512684,-221.39358657473656,-585.7906205281645,569.4853649017822,349.50575647196564,-148.2498048653571,53.459932353323794,156.18453232730585,292.31927279823077,-307.3453557954989,-295.1099258488357,-949.8130935345388,199.80314166775074,176.71142838558606,-184.0514179784051,31.06231299596722,46.620820866397814,519.7352673344608,-136.11717835306362,-77.08211916222193,-788.4202874983739,-488.1461233250943,54.42220632236243,-174.14566801092755,-75.169019123195,15.915148952777416,416.0866397814492,195.1443345908677,-19.107421620918434,22.171263171588397,-34.49320280993886,-0.4976909067256407,11.865877455444256,0.474404839339144,-16.32298035644595,-42.689410693378434,706.2103551450501,-907.8141017301938,42.73048653570958,201.6352283075322,-66.34477039157018,201.63519578509172,-42.73051905815012,-66.34477039157018,-19.296246910368154,21.47040457915962,-36.40292051515546,20.01502536750358,-18.423669832184206,14.569305320671264,96.11138935865748,-350.32922466501884,604.7915636789385,-793.8718615844933,-11.336867438532588,54.750487836607256,-130.8909197346169,54.75045531416678,11.33689996097307,-130.8909197346169,21.76330167815793
-24.92603071948262,1011.2305982215037,307.6089329021827,-202.10049604997243,980.142935880948,77.49990813889399,125.85866372980911,973.8772026431718,-24.204478707782673,360.6909492273731,688.826710816777,441.9694628403238,322.68393632416786,845.9510853835021,149.96729377713459,101.40761169332598,906.8273579702151,-424.7854384997242,428.60122581880864,833.9130434782609,-92.35127370235587,-523.2059590316574,608.8553072625698,-3.808752327746741,-360.90088105726875,1018.5800293685757,134.73751835535975,-376.14960485204926,842.5412607976475,365.900202168719,-182.0512114537445,768.015234948605,391.81075624082234,-939.2217327459618,-245.27808370044053,125.44456681350954,-147.4484214390602,-13.88931718061674,14.422173274596181,582.4449339207049,122.97411894273128,-103.22283406754772,-942.3700440528635,-20.076174743024964,225.2125550660793,-139.68171806167402,7.0763582966226135,138.96714390602057,532.3124082232011,51.1802496328928,-201.0552496328928,-627.9809104258444,552.4045521292218,311.602422907489,-140.41905286343612,9.766519823788546,225.2096182085169,360.7211820851689,-315.234765051395,-254.95833333333334,-932.968979441997,176.91978707782673,168.3772026431718,-152.94952276064612,47.59783406754772,-0.8105726872246696,510.9291483113069,-152.77753303964758,-107.63821585903084,-764.8153450807636,-476.32103524229075,47.92400881057269,-207.75715859030836,-36.51651982378855,-89.61545521292217,430.6000367107195,179.11123348017622,-41.5548825256975,21.095631424375917,-34.30359765051395,-8.59306167400881,23.70649779735683,-15.473935389133628,-193.80139500734214,-68.60444199706315,1008.8129588839942,-1089.8608663729808,-2813.4904552129224,231.0537812041116,234.5664464023495,231.05396475770925,2813.4902716593247,234.5664464023495,-10.952459618208517,20.44713656387665,-38.9273127753304,23.52459618208517,-86.28120411160059,35.54625550660793,-119.42125550660793,-402.970080763583,648.2044787077826,-1033.172723935389,-2316.7422907488985,195.22834067547723,1164.6519823788547,195.22834067547723,2316.7422907488985,1164.6519823788547,21.997980910425845
-23.65016601267733,962.8288560217326,257.51343193480227,-272.8003908431044,983.857621440536,17.762423227247346,172.06465038845727,957.8099334073252,10.635405105438402,483.87666666666667,674.4266666666666,447.2438888888889,425.41662901039314,829.17352010845,123.20244012652508,182.80432972522897,871.278101582015,-476.7280044407438,368.9427052569403,892.7525103366804,-41.77584170112227,-598.8902679830748,530.1952045133992,35.38420310296192,-326.5332963374029,1051.4950055493896,100.07963374028857,-412.3983286908078,765.2935933147633,385.3275766016713,-211.33157602663707,775.1520532741398,457.0890677025527,-950.6817425083241,-263.94950055493894,147.30466148723642,-429.6401220865705,-109.24056603773585,-17.817147613762486,606.384295227525,171.02081021087682,391.47169811320754,-968.9728079911209,-17.758324084350722,231.95033296337402,-370.2683129855716,21.526082130965595,150.76054384017758,552.4098224195338,-404.58296337402885,-4.416759156492786,-571.1861820199778,641.2916204217536,321.68118756936735,-220.93729189789124,228.230577136515,182.6440066592675,-84.46531631520533,-543.5957269700333,-350.46059933407327,-954.7241953385128,180.67008879023308,182.43451720310765,-444.20671476137625,-2.939511653718091,119.16675915649279,566.4708657047725,327.4667036625971,30.27330743618202,-729.3634850166482,-534.9200887902331,6.0341287458379576,-287.118756936737,-281.7766370699223,133.79633740288568,57.62624861265261,562.1628745837958,-72.38706992230854,13.659544950055494,-40.6373473917869,-5.115704772475028,104.38956714761376,-5.04023307436182,105.65094339622641,-44.42008879023307,865.6057158712541,-798.7635960044395,1773.271642619312,614.4092674805771,-455.09350721420645,614.4089900110988,-1773.271642619312,-455.09350721420645,-60.779966703662595,3.8115982241953383,-31.593507214206436,23.03301886792453,-85.28135405105438,-28.15260821309656,96.84850166481687,-276.6132075471698,370.5477247502775,-807.4261931187569,-162.23612652608213,-26.954772475027745,47.911764705882355,-26.954772475027745,162.23612652608213,47.911764705882355,1.5330188679245282
-15.664243928381493,1031.0852685694026,268.84772203510016,-263.89940436796826,970.848775645268,74.13418266048974,129.8546626984127,990.8042328042328,-82.43320105820106,364.4386197743862,673.1947577969476,468.20454545454544,319.51508844953173,901.3701873048907,165.04942767950052,55.19864373139266,893.6149520344029,-460.15646708567647,383.04493048491014,925.4532044760936,-55.585622244828755,-532.8282930107526,582.8203965053764,2.058467741935484,-382.2797619047619,987.4971891534392,150.1321097883598,-381.31466445733224,835.0386081193041,338.7850869925435,-211.6494708994709,825.1784060846561,388.9571759259259,-952.3518518518518,-249.98809523809524,133.4631283068783,-138.12384259259258,-21.233796296296298,67.28670634920636,580.2296626984127,123.32159391534391,-89.72519841269842,-952.5454695767196,-8.863921957671957,231.54530423280423,-140.1848544973545,-39.07804232804233,149.1836970899471,533.083664021164,28.180059523809526,-202.34573412698413,-608.1268187830688,558.1545965608466,312.38062169312167,-127.39897486772487,-9.261574074074074,212.202876984127,329.6083002645503,-324.5218253968254,-258.13806216931215,-948.2756283068783,192.59259259259258,179.2258597883598,-106.64996693121694,77.41567460317461,14.899966931216932,514.1873346560847,-138.41253306878306,-104.36061507936508,-792.453869047619,-485.41931216931215,66.7051917989418,-146.895667989418,3.905588624338624,-100.52265211640211,424.2878637566138,173.19212962962962,-43.582506613756614,20.21660052910053,-29.130621693121693,4.46494708994709,11.891038359788359,2.2529761904761907,-25.304232804232804,-101.61507936507937,490.4457671957672,-910.9396494708994,-331.66600529100526,59.20651455026455,53.56580687830688,59.20651455026455,331.66600529100526,53.56580687830688,-13.367228835978835,16.6630291005291,-40.726521164021165,16.846230158730158,30.40410052910053,-30.321924603174605,305.85515873015873,-405.02843915343914,1029.3179563492063,-638.2731481481482,428.87698412698415,214.2974537037037,-433.4991732804233,214.2974537037037,-428.87698412698415,-433.4991732804233,20.030423280423282
-23.85315797080503,950.0183552536494,240.79433444139326,-278.9954859267127,979.8668348380244,32.30642591609134,207.55229625696842,952.0252190071675,-36.09224847358641,346.5558074409921,673.7490332044273,486.91692225630084,323.6309730668984,923.118158123371,63.21980886185925,165.04463336875665,852.3870882040383,-489.3780552603613,356.8697255223269,879.9263962856753,-54.451181209886656,-536.5966881072944,574.867250581634,-33.083618448063504,-360.88770905229626,1010.0966286169365,138.1116272896204,-314.2675176173381,828.025661481186,384.7830075787794,-141.63259888505442,867.1022033448368,376.21555614547384,-953.4024422617467,-246.11348553225378,170.44106716219804,-103.2048048845235,-50.91226440138041,-80.73705866737457,586.7543137775418,70.1680382267056,-294.3533315635784,-950.8508096628617,12.11560923812052,262.73174940270775,-64.31205203079374,52.70560127422352,106.62516591452084,499.32466153437747,155.26891425537562,-330.8563843907619,-595.6847624104062,539.5188478895673,389.80554818157685,-49.67971860897266,-8.651181311388372,130.88399256702948,456.5724714627024,-190.91345898593045,-294.41916644544733,-949.8667374568622,226.19816830368993,171.2048048845235,-100.39832758162994,-56.56172020175206,41.55986195911866,508.50384921688345,-348.8080700822936,-114.61361826387045,-823.5796389700026,-456.949561985665,66.30501725511017,-45.81006105654367,-74.44080169896469,129.27979824794267,587.8190868064773,47.602468808070086,16.03039554021768,23.35850809662862,-42.68900982213963,-2.5562782054685425,-40.19445181842315,13.522431643217415,63.3379346960446,69.92208654101407,811.6883461640563,-843.6037961242367,1662.2229891160075,300.53650119458456,-269.7474117334749,300.53636846296786,-1662.2229891160075,-269.7474117334749,-2.75789753119193,33.003185558800105,-29.63631537032121,19.831298115211045,0.5876028670029201,39.1809131935227,91.00849482346695,-269.90430050438016,370.50995487125033,-808.9677462171489,-98.77979824794267,-23.06331298115211,31.294531457393152,-23.06331298115211,98.77979824794267,31.294531457393152,32.85664985399522
-26.197869883228538,1006.7265494674708,254.13216989606056,-303.0213343198915,952.4564064619559,73.38414107781477,152.1799359132364,983.1504806507271,-79.0611289129899,355.3571869216533,621.8524367674275,525.6356570018507,345.78601252609604,878.9490605427975,148.39874739039666,61.69193786982248,844.9487179487179,-507.26158777120315,384.19147084421235,886.8025612333706,-72.79385801317916,-541.1846270735722,550.2123591237179,-42.34658731163733,-383.17130884890315,962.9571111658861,169.49802809958098,-374.52141182278166,835.9938294458842,329.60459089226214,-218.559896475228,829.0733300468327,409.2899926053734,-952.4705447374907,-258.13433571604634,171.84841015528716,-222.83855065319202,-93.45587872812423,80.98631994084299,593.8105743159971,71.7925807246734,-67.96093172294799,-950.3201873305399,18.933448360857778,249.09551392654672,-214.28025634705446,-42.097855558294306,132.2971407443924,495.79788020704956,-63.61621888094651,-243.98373182154302,-538.1137540054227,585.3299235888587,377.56729110179936,-228.2878974611782,109.59169336948484,79.82351491249692,233.44207542519104,-292.41890559526746,-325.6832634951935,-960.0375893517378,204.53241311313778,183.00406704461426,-224.7477199901405,81.8721962040917,74.58824254375153,519.4532906088242,-131.6428395366034,-49.06840029578506,-794.8480404239585,-506.30934187823516,60.08898200640868,-240.8720729603155,-68.96918905595267,15.941459206310082,399.9896475228001,196.24870594035002,5.246857283707173,27.028715799852108,-28.278654177964015,5.20138033029332,11.13963519842248,0.19102785309341877,-18.60771506038945,-85.16046339659847,495.12250431353215,-891.3098348533399,-32.82844466354449,12.872196204091694,3.768917919645058,12.872196204091694,32.82844466354449,3.768917919645058,-26.248212965245255,22.87589351737737,-39.904362829677105,18.850628543258566,2.786788267192507,30.069139758442198,88.89918659107715,-381.6313778654178,580.7890066551639,-729.1402514173034,1356.6778407690413,-49.95107222085284,-1005.2134582203598,-49.95119546462904,-1356.677717525265,-1005.2134582203598,21.58269657382302
427.4026039173169,425.2960499660479,722.7996873059022,191.86192857822164,199.68636046842806,165.64927035737009,228.38255084444023,188.76255301976246,204.49276431545107,277.711966102976,379.99698656665754,219.32444028623152,254.6323159888019,400.0592322724384,316.33368883782435,135.7991570534654,160.8506733328979,175.26519107459512,410.17925101129003,414.7390082058067,348.30556666652194,332.0183899296866,512.9675114751134,413.1991300369104,169.71238235760802,196.06559483711428,192.91012576860442,284.1296152745058,308.7763096038964,157.046834533815,271.07713352644004,369.4417935189694,192.15317399996385,161.16875323077585,128.80104195574077,149.5041564501922,906.6794582862711,366.1683971510888,301.45969372959485,210.80763049199822,381.25904187727303,405.56569985302286,184.86443461879455,203.89883063717818,150.63694877483147,1159.0772158521324,327.6424177758504,581.0941960484963,213.48713755161555,438.22485495260344,365.05381763331064,366.99912233529255,288.58246587777944,225.84588556293306,1180.362628940762,899.5335295448018,990.0183665903166,385.11029119269216,352.49614932931604,416.44987341846166,178.77474884292988,217.1641322066023,172.30331009007028,1055.95413861243,371.98824377570435,442.5616687454321,209.755055138356,389.84189278655674,400.2639155801588,315.73636156768487,207.26348694772466,302.5963478950728,1146.2019419874614,722.0249677600386,1013.7266780278123,322.0828155797703,387.3330495084445,412.89206559122107,103.43450817040257,22.989911858708105,33.40312055718486,1137.6308533317629,1164.102138214307,1197.56175574502,923.925198915587,1128.436007695338,1075.170733175732,3264.402514217702,2657.0353858957824,1622.5022274977207,2657.0354175720204,3264.402401007704,1622.5022274977207,97.49921757326453,105.8908000438778,19.36616912750315,34.24624031876423,825.2435223360274,837.1868658907499,875.1878168401779,782.6681979029547,849.9944757550828,648.6551016362944,2741.2119290125383,1753.6567771803518,1395.087446741967,1753.6567771803518,2741.2119290125383,1395.087446741967,80.69228299038564
376.4240744147968,364.25103156751175,590.1612225611053,192.03027916164385,187.74442498014136,175.75981842643716,286.88365297791097,169.47926220520264,210.6605229553207,293.04547565693764,369.54879506107443,230.54000289085073,289.41377103135835,381.3354859949025,347.1706990252406,151.87007240718623,156.9745673956599,175.55660625592446,410.7586823081495,371.3398999581571,304.57087561991085,347.23522250784015,531.6750142718055,461.8786371808312,155.35402436029844,179.25643046462736,186.14445918430417,286.53988113362203,276.28889451593125,162.97380484951051,306.69197308066094,373.9281718910451,222.7884275114997,152.07412879607799,144.8030511478683,170.2848501540149,903.8126742042705,397.815205429827,276.9211212291573,111.93619166751351,290.25684905497644,133.85194876828194,169.58352875951357,199.45026898319307,147.54232527985684,1022.193711201508,343.94063887822585,604.0260842918539,186.05290812503733,182.52551838287062,257.21445451483606,384.0041169434891,267.5642895537256,231.13018889785982,996.8966333264442,775.6576176185903,960.0678236432857,337.41573537744966,255.55357618494526,325.2508890510609,172.01652116996405,212.99844530110067,186.57440690135172,1017.710711150103,349.95165790154203,443.2106339539792,124.24665683596899,175.66613948904973,290.2794990414335,319.0918002287936,230.8307487712328,333.1220396667418,981.8395911959673,764.9187780015933,1117.0193259031837,275.7305143751013,145.00024346799677,316.65981164883743,129.16733404247248,22.80098291360597,33.98862992162898,887.8888120798865,821.1035274687317,737.2080954442666,569.5456988484432,828.8245549326795,651.6464109062638,2860.198093744533,2162.127134206359,2059.2604529194723,2162.1272413814127,2860.198093744533,2059.2604529194723,75.3646634999944,134.02313903638964,8.994516602446636,10.700591400916545,163.24652321035765,147.86581864472822,58.47308966824667,65.99010180556512,52.56693865450786,49.7675957900472,284.90822010229147,164.78433380053926,102.15519088907453,164.78433380053926,284.90822010229147,102.15519088907453,65.61022736363971
404.5061655365617,379.5788357517802,607.0146060426832,193.7505347263441,193.1738902518975,170.7206228229855,229.95947013441318,203.51631155974894,219.0659226221926,289.62870399373264,362.8553854554154,237.83383750368932,257.0113697186979,391.8237183168141,312.98794831753844,134.22732863813462,175.71180894540896,186.20899878756794,434.27126875268885,391.01394081744604,361.9465671805312,337.8492260842046,516.5628650818409,407.0026466370405,186.54143969143337,195.2940360956153,217.05875921492577,265.80224201741447,306.3502888908894,161.06273688668273,282.7440724356348,380.0137752849096,207.11435136382372,165.6171111162821,126.92136319938864,157.86358925531331,887.1839579632787,358.45541564163517,294.91336465044174,203.1184335921045,377.9736205044308,409.53677326804205,180.3635183706285,215.73910901032463,162.74012271725584,1146.976380526271,335.7690079772782,620.116962848508,211.14642449999252,438.14556461163727,364.42066540954113,391.61144520668284,288.12497531063417,247.76695368563094,1150.1973883326623,916.6956311323991,1052.8317536607854,408.4281216095062,354.3231017677861,408.3634343482109,171.06323001570337,221.91363115061117,160.07970432666525,1017.2103414631406,363.66570136678405,438.57113681887745,204.8198758330637,387.7383672833197,398.7450672529919,330.1217977920482,208.665795851285,296.68530002239095,1046.0878339965868,674.5590399006911,905.6418258533663,319.32791632748905,385.72476195727563,415.92912697793724,103.34394644724335,7.914425821106432,9.019543750637599,165.70061785275587,160.0565195704057,82.39247114118389,124.5524097680355,98.34279743049876,73.27645071381424,496.894441720887,308.5626018970117,219.73269906639948,308.5626018970117,496.894441720887,219.73269906639948,94.72975966623288,105.22466475741425,27.5605731734777,55.86341246586482,1219.114458356104,1202.0478091053735,1200.0448895412267,959.5656865382492,1171.4462969281722,966.6922778763235,3296.26286666248,2266.761582540642,2481.9729382650644,2266.761582540642,3296.26286666248,2481.9729382650644,83.24815156047939
386.66565508794264,357.16885545637933,639.1918044004082,191.96298892716035,179.56568511899405,180.75848426389317,264.7477299865377,161.4154852404193,207.21853798836682,299.4204897584578,446.4197601488227,292.5722534781397,266.84438725440106,320.4897179196185,307.4392152506877,172.50155930818585,190.31953162119333,172.16050826997426,412.16436631737906,399.54391188058537,347.2697780249299,348.374241920375,554.2083086113415,427.81327937932724,179.6266512464871,211.32158647531236,261.7032212546501,258.02761679942455,240.3757077105717,151.8674936278126,266.627595463497,311.95012129582534,214.7773361416752,154.11223297473,154.11626339559376,162.3962231642046,980.7595701935446,458.7081984635586,316.3461510923247,236.78691876962253,394.97510760181297,293.3846565088476,190.08865451784686,261.96732298008595,171.63160331596595,1178.503849559128,378.81927574720277,679.6726228236079,232.1333866192274,423.80334669899287,344.76893387151057,443.8795173550472,275.31104136477757,279.14309817547917,1209.0392718986002,897.7086591756032,976.9162893654974,377.90418538928355,349.85640216234196,423.5450622888227,169.64150290173046,206.80328250525403,183.0151929859238,1114.3784278460123,370.0223282502078,480.11241942387477,226.20291813698043,258.0189851357333,414.7367213318301,290.42972910443,211.52422600210548,284.78325500711986,1156.0832121271328,752.2132571037896,1046.252656654464,247.4060137075361,333.0787746425175,440.999411664536,88.6963571032761,22.210481815071525,39.114426447340094,779.2465992625469,814.438136054778,690.3307339129716,539.9508403837978,787.0098663300788,586.4524918524752,2911.5467180124883,1883.381030803376,2045.8019447839756,1883.3806560396326,2911.5467180124883,2045.8019447839756,95.90354545692736,90.50489961495951,9.125491347994243,9.335271602120754,144.08998493905878,146.24175824259365,46.52299876500707,59.44313914607006,46.40289961246537,42.48928174375013,171.0070296205646,132.68402372788842,84.1643829687272,132.68402372788842,171.0070296205646,84.1643829687272,80.27790505034895
303.87794093727035,280.3896133082397,494.9882252692078,180.8045732239998,153.5550067199447,160.6985515483152,227.87144933732841,150.1333551028854,196.38212199190895,299.28373711094713,390.9426314754284,267.68120438967185,282.5838406413466,330.36497707384797,331.48713440201914,161.44559518992966,171.85494361670843,173.47790000886798,359.0374759255471,340.11465883923444,293.02743450208914,354.27617047478293,527.0867337380953,440.2737560798055,191.10617805452466,187.04322201525284,246.9038920717606,264.23170416779385,255.41362132328845,158.54148668533824,286.1964339240937,326.5181200978023,219.8762206406808,152.06805025811684,147.62311788659002,161.69606777560276,907.6495647238091,375.52211349365217,299.5688844229703,197.36405617757376,360.15829167042943,417.54924050988626,173.56441870120537,246.186023664054,187.45892979728353,1066.9064754816884,384.7636219554987,642.9711496228579,230.63386856480543,449.6037814827942,356.45846459885564,418.4384896608023,283.09263045998034,278.44798993016485,1095.0923489546453,832.7358194155998,985.4907507827697,475.69901692068225,369.28025463553513,382.0172619939848,153.14211866502743,208.81116067585302,166.35610482766685,1029.6314785913703,383.7380155731437,426.1080397568939,205.05410829492234,405.25876450538124,379.917083572803,309.20180847998336,223.13559574833627,292.3670387776517,1076.9100419296592,684.8453489766481,749.9955108286803,399.8297972551928,370.2790297275301,396.8945426887724,103.45950958303763,5.487937793304109,6.1674219989545715,79.72670314916547,76.9578250042733,18.67492730317909,49.33262621182562,25.398119868942302,17.03932515239656,74.6700744384018,91.28196129826115,56.662193578078735,91.28196129826115,74.6700744384018,56.662193578078735,97.5337745968952,107.0176021356512,17.937322520466456,18.522548352215974,486.5891597348484,477.0494650072202,426.3185894300834,369.8825162938614,467.933015912184,329.9214426390984,2150.9224938944803,1413.1940589461028,1790.3536846309953,1413.1942644845822,2150.922581409652,1790.3536846309953,86.29604793894279
Lie
5
0.0
1.058904159335876
0.20839874578808
1.1181414470746338
0.07525906369530179
1.058904159335876
0.0
0.6200991611534786
0.9311734816279559
0.3181207022649278
0.20839874578808
0.6200991611534786
0.0
0.24993676243433655
0.05631247723429927
1.1181414470746338
0.9311734816279559
0.24993676243433655
0.0
0.08562432491481702
0.07525906369530179
0.3181207022649278
0.05631247723429927
0.08562432491481702
0.0
1772.832951483499
17214.988175452727
1
2213.751838436481
-9.453555310201611E-11
6035
0.05631247723429927
2240.625595512877
681.4546336627002
-9.453555310201611E-11
1652
16445.743789981672
2289.6787342823027
5.988760417663189E-9
2039
4621.632644397713
371.71818759750226
-3.185819891912131E-11
493
1723.9501552827808
688.507404737234
-7.314857813172783E-11
1348
366.5623675952827
140.74939205065903
-4.004479057890404E-11
503
110
67.4528412195628,72.84872299266095,145.49975199593666,127.10194420670011,186.027389551296,57.354061016360944,284.7689739343302,107.84832481147012,501.7748814281552,260.95758765447886,123.74989596929022,169.1754620361809,85.27044642508467,205.356261369128,198.9584483005347,62.69369816294204,99.04191698314683,90.97049538818248,80.46161126705753,99.5304062335596,87.83243447517663,476.5931916849497,279.4230855009449,336.24546108527073,83.0737688863449,78.95449382576152,138.06743549380806,124.35507331934869,78.41718944981034,429.58377128225044,276.376196557728,104.67876939387018,89.60263881246526,115.67388626958657,49.247978731829136,137.88686555688616,106.30988798165036,92.05330282522382,73.2025194691667,141.55462355659452,81.09114259566748,173.43522303204892,75.17078921423288,148.74968669977488,45.61513343484598,210.13341254304623,145.335538232984,139.8812600073003,65.20805733679174,189.21018117706328,85.09261646637408,114.30325716788593,312.7866947954765,110.09137274686584,243.26381364111728,200.66656586721888,322.8762392157445,322.50251042920803,170.83486891003355,138.94032029546446,53.20682311345074,245.00897546317339,333.46489090141466,98.16795807007773,111.5289639306546,59.466154222811696,75.944462911115,153.77583006775455,289.3804173883311,59.396311849677375,61.29896387415855,283.4727108172224,245.18567807786016,107.26366228351587,146.20215080116068,78.38622582870227,102.39306769367526,224.04261558615985,145.7312802360496,10.730355679233032,17.08040361664156,69.26531721771813,67.33761057834738,89.72639626564354,162.25471329120987,207.4213222801756,214.9165334022526,220.04605577198674,297.50343647877884,301.6291259234844,297.50343647877884,220.04605577198674,301.6291259234844,32.95281849054451,107.52154050396634,10.46342884728529,12.302990638883035,73.98350845543028,89.73890077776072,102.07110357441088,226.82027492048886,173.41125028274968,136.58485876444985,298.443211698027,341.5921807235539,340.95550788807867,341.5921807235539,298.443211698027,340.95550788807867,115.27724644946
-976.2256183706739,133.36955042475762,145.1794281091539,-267.28434134217065,6.273239436619718,970.9796188898094,-622.8803645401823,105.62800331400166,526.8220381110191,-412.0197183098592,613.4238608119304,626.644241922121,908.8569620352887,401.71130304135914,-63.31777571799122,-868.6306545153273,478.5897265948633,-66.72410936205468,-608.4769473382455,400.03036872993727,-647.7126130525043,-274.28272094374853,686.998642166137,-304.11085582856225,-882.1769676884838,176.50969345484674,424.653024026512,-835.1143375460647,-208.17872419424992,275.28710109317194,-61.588566694283344,-145.6195526097763,933.9736536868269,-481.97431648715826,805.5792874896438,-296.2031483015742,1.5632145816072909,3.5403479701739853,3.816072908036454,-487.04092792046396,-738.5012427506214,744.5282518641259,-244.3101905550953,106.77398508699254,949.281855840928,25.947141673570837,-19.50886495443248,-7.150952775476387,-523.7603976801988,-326.4145816072908,-751.6652858326429,-574.3229494614748,-142.28748964374483,732.1751449875725,1.2377796188898094,-4.508202154101077,7.3191383595691795,13.305716652858326,690.4008285004143,-596.4437448218724,-89.19983429991716,-797.5120132560066,-428.97464788732395,-26.655840927920465,8.776636288318144,13.673736536868269,-757.0192212096106,688.595526097763,305.22270091135044,239.26396023198012,-926.1456503728252,112.97812758906379,-65.56006628003314,23.262468931234466,47.655012427506215,-986.63545981773,274.67804473902237,-271.8142502071251,42.805136702568355,23.707870753935378,-82.7652029826015,-1.0652858326429164,-1.5945318972659486,-0.028169014084507043,851.6841756420878,-414.33090306545154,-70.45766362883181,5.781938690969345,-8.327091963545982,-4.766528583264292,-8.327091963545982,-5.781938690969345,-4.766528583264292,-29.795526097763048,47.573653686826844,-3.655675227837614,-34.36321458160729,-2.623860811930406,0.8308202154101078,-27.84258492129246,596.6086164043082,33.27091963545982,-789.4727423363712,2.088649544324772,-8.00049710024855,7.91913835956918,-8.00049710024855,-2.088649544324772,7.91913835956918,-17.214250207125104
-967.819612590799,145.63317191283292,190.59200968523,-277.863196125908,-77.17493946731234,984.6483050847457,-331.4231234866828,74.67312348668281,945.3177966101695,-705.796004842615,608.3916464891041,413.7681598062954,934.7070524412296,419.7377938517179,-198.0108499095841,-825.7633171912832,563.3583535108959,-76.42312348668281,-569.1156174334141,437.1458837772397,-664.8226392251815,279.17978208232444,770.4019370460048,-501.91101694915255,-863.0817191283293,159.62772397094432,490.29418886198545,-827.3462469733656,-216.1265133171913,536.7409200968523,126.73062953995158,-95.68886198547216,978.1991525423729,-468.86985472154964,815.277239709443,-336.9134382566586,-10.72639225181598,-2.4642857142857144,0.2257869249394673,-463.30326876513317,-655.6852300242131,723.181598062954,-227.73002421307507,173.59745762711864,948.7693704600484,11.292372881355933,-11.717917675544793,-3.277239709443099,-478.635593220339,-472.2681598062954,-704.9606537530267,-572.4739709443099,-504.9061743341404,635.7372881355932,-2.180992736077482,8.896489104116222,14.62227602905569,-252.87227602905568,775.1719128329298,-468.2851089588378,-78.73002421307505,-962.022397094431,-204.4007263922518,-34.430992736077485,4.552663438256658,12.289346246973366,-708.8432203389831,797.9261501210653,147.37469733656175,232.58474576271186,-929.4085956416465,309.3232445520581,-59.464891041162225,26.112590799031477,38.7179176755448,-964.977602905569,213.4915254237288,-464.69249394673125,68.53813559322033,27.559322033898304,-74.5865617433414,-0.6216707021791767,-1.9461259079903148,-1.4461259079903148,824.3305084745763,-513.7415254237288,-160.08535108958839,0.6592009685230025,-5.62409200968523,1.026634382566586,-5.62409200968523,-0.6592009685230025,1.026634382566586,-42.078087167070215,-34.69249394673123,-11.391646489104117,-38.044188861985475,-0.2033898305084746,0.41646489104116224,-15.796004842615012,646.7493946731234,147.35835351089588,-744.8765133171913,2.777239709443099,2.3268765133171914,0.614406779661017,2.3268765133171914,-2.777239709443099,0.614406779661017,-68.22457627118644
-974.996878251821,116.03433922996878,180.71696149843913,-187.22609122118686,71.84207945071114,989.3683178028446,-823.7248651299657,139.67680235409514,117.22363903874448,-410.05590975968613,600.7846983815596,666.5684158901422,914.4485981308411,293.1214953271028,30.905607476635513,-884.4997547817558,441.4095144678764,-26.540461010299165,-618.8209906817067,377.9730259931339,-651.0642471799902,-330.9731343283582,657.2691542288558,-276.55223880597015,-864.7140755272193,172.49043648847476,447.2658165767533,-901.499000999001,-166.75924075924075,-37.96953046953047,-247.1574301128004,-187.42373712604217,886.1172143207455,-439.46346248160864,816.5188818048063,-264.92888670917114,24.24816086316822,15.671407552721922,10.326630701324179,-452.2000980872977,-792.3437959784208,685.5286905345757,-232.78862187346738,120.51839136831781,947.5384992643453,43.054438450220694,-31.378126532614026,-12.566944580676802,-531.9234919077979,-350.2555174104953,-740.0519862677784,-570.418342324669,-155.9691025012261,766.2859244727807,5.537518391368318,-20.340853359489945,-16.89995095635115,-40.64982834722903,698.9592937714566,-599.0083374203041,-119.54340362923001,-640.3732221677293,-645.037273173124,-14.461991172143208,16.779303580186365,15.899950956351153,-746.3536047081903,634.1976459048553,486.1093673369299,247.6836684649338,-922.8886709171162,-73.0367827366356,-74.73908778813144,18.49632172633644,64.3379107405591,-948.6821971554683,300.194212849436,-129.44923982344287,71.34673859735165,20.50171652770966,-79.15448749386954,-2.2942618930848453,-0.7037763609612555,-1.6714075527219225,823.9872486512996,-376.3531142717018,-114.73320255026974,15.843550760176557,-11.087297694948504,-15.835213339872487,-11.087297694948504,-15.843550760176557,-15.835213339872487,-40.35752820009809,72.34428641490926,-2.404119666503188,-30.49828347229034,-8.687591956841588,2.2280529671407554,-22.0039234919078,534.5590975968612,35.15252574791565,-796.0156939676311,2.128984796468857,-27.606669936243257,23.177538008827856,-27.606669936243257,-2.128984796468857,23.177538008827856,-17.7631191760667
-974.7789046653144,99.28600405679514,235.08519269776878,-386.0993914807302,237.41987829614604,928.3914807302232,-819.4969574036511,256.03245436105476,519.0121703853955,-340.22920892494926,712.1987829614604,625.3772819472616,869.4117647058823,566.632860040568,-1.6835699797160244,-929.1805273833671,364.2657200811359,-62.689655172413794,-656.7079107505072,452.03651115618663,-574.0020283975659,-391.1764705882353,876.5659229208925,-87.79107505070994,-962.8336713995943,98.63894523326572,185.75659229208924,-973.5111561866125,-149.85192697768764,229.64705882352942,-166.3367139959432,-196.5152129817444,956.8194726166329,-565.922920892495,780.8803245436105,-268.68762677484784,-4.352941176470588,-3.127789046653144,-1.640973630831643,-732.5375253549696,-708.1359026369169,775.4888438133875,-198.8052738336714,-163.97565922920893,955.7870182555781,52.18052738336714,-30.900608519269777,-1.4300202839756593,-632.7545638945234,25.904665314401623,-769.6470588235294,-703.2352941176471,-36.00608519269777,703.1784989858012,-7.898580121703854,-28.9026369168357,50.49087221095335,341.841784989858,866.0101419878296,-490.316430020284,-122.74645030425964,-815.5699797160244,-565.4766734279918,-30.26369168356998,4.598377281947261,10.235294117647058,-759.8965517241379,696.1156186612576,408.0770791075051,268.9452332657201,-968.6713995943205,22.68559837728195,-59.23123732251521,20.983772819472616,36.91480730223124,-1110.0121703853956,308.80121703853956,-176.05679513184583,-87.9634888438134,19.955375253549697,-105.94117647058823,1.5253549695740365,-2.975659229208925,4.099391480730223,939.5233265720082,-221.20283975659228,245.50101419878297,1.0202839756592292,-11.14604462474645,0.21906693711967545,-11.14604462474645,-1.0202839756592292,0.21906693711967545,50.94929006085193,139.02434077079107,15.0,-38.02028397565923,-0.2616632860040568,0.11764705882352941,-66.5841784989858,647.6916835699797,-228.1784989858012,-816.1987829614604,-1.6815415821501014,-2.5517241379310347,-0.5963488843813387,-2.5517241379310347,1.6815415821501014,-0.5963488843813387,173.36105476673427
-982.9970119521912,162.91633466135457,74.03187250996017,-315.7626112759644,-77.5593471810089,936.4532640949554,-471.7381305637982,89.74851632047478,890.9606824925816,-291.0719584569733,602.156528189911,765.459940652819,859.5541718555418,572.3947696139477,-159.93648816936488,-852.6973293768546,514.0311572700297,-112.1906528189911,-575.6174904942966,445.4022813688213,-659.958174904943,-620.1342729970327,624.2091988130563,-410.80712166172106,-882.9495548961424,225.17581602373886,437.94881305637983,-680.4521988527724,-250.8891013384321,695.0315487571702,160.92284866468842,-65.70548961424332,976.7833827893176,-532.8019287833828,762.8753709198813,-362.9005934718101,-8.695845697329377,-1.8746290801186944,1.21513353115727,-561.1424332344213,-735.7084569732938,881.5600890207716,-293.6194362017804,120.52225519287833,945.1290801186943,13.856824925816024,-10.166913946587536,-5.152077151335312,-517.4354599406528,-325.433234421365,-795.4443620178041,-552.2930267062314,48.218842729970326,824.3048961424332,1.8916913946587537,5.962908011869437,14.810830860534125,80.41765578635015,618.5422848664689,-719.3976261127597,-66.5593471810089,-987.2440652818991,-140.66394658753708,-33.37611275964392,4.679525222551929,13.448813056379821,-777.3382789317508,758.036350148368,22.875370919881306,203.47181008902078,-920.5126112759644,349.7418397626113,-61.00741839762611,26.347922848664687,39.68694362017804,-1001.9354599406528,270.6135014836795,-421.9584569732938,88.98590504451039,29.951780415430267,-91.79896142433235,-1.3338278931750742,-2.3471810089020773,3.358308605341246,851.5244807121662,-507.97700296735906,33.39243323442137,0.594213649851632,-9.198813056379821,0.8605341246290801,-9.198813056379821,-0.594213649851632,0.8605341246290801,-30.752967359050444,42.61646884272997,-5.747774480712166,-38.609050445103854,1.4732937685459941,-0.017062314540059347,-33.06305637982196,678.830118694362,30.899109792284868,-764.7181008902077,1.8686943620178043,2.0385756676557865,-1.0764094955489614,2.0385756676557865,-1.8686943620178043,-1.0764094955489614,-94.74183976261128
-992.0854870775348,117.58648111332008,-45.47514910536779,-310.6998011928429,12.660039761431412,985.8151093439363,-978.2942345924454,-35.588469184890656,-155.46918489065607,150.3737574552684,614.5705765407555,793.1789264413519,972.0795228628231,163.63419483101393,195.62425447316105,-928.4453280318091,367.9721669980119,-79.86878727634195,-736.6083499005964,194.98011928429423,-617.3598409542743,-820.7872763419483,516.0636182902584,307.727634194831,-934.5566600397615,194.14910536779325,315.91848906560637,-870.3618290258449,-292.68389662027835,-393.7117296222664,-421.49502982107356,-304.4254473161034,845.6003976143141,-478.84493041749505,868.0337972166998,-137.49900596421472,-16.73956262425447,-4.866799204771372,1.5347912524850895,-267.0337972166998,-829.4791252485089,656.2226640159046,-257.9244532803181,60.113320079522865,962.7852882703777,11.41948310139165,-10.852882703777336,-8.882703777335983,-548.9960238568589,-98.68986083499006,-817.1848906560637,-528.9125248508947,489.4095427435388,692.1510934393638,2.238568588469185,11.495029821073558,19.119284294234593,604.3717693836978,397.7514910536779,-781.469184890656,-28.37773359840954,-368.0357852882704,-929.5546719681909,-29.003976143141152,5.284294234592445,13.168986083499005,-901.2047713717694,356.5666003976143,746.244532803181,293.8986083499006,-902.0477137176938,-323.8429423459244,-66.77335984095427,27.186878727634195,41.260437375745525,-1049.68986083499,349.6461232604374,93.07355864811133,-153.0,11.0,-77.33797216699801,0.6401590457256461,-0.679920477137177,-1.831013916500994,968.131212723658,-180.11133200795229,-184.60238568588468,0.38966202783300197,-0.9165009940357853,1.1093439363817097,-0.9165009940357853,-0.38966202783300197,1.1093439363817097,-23.214711729622266,141.0,4.0,-22.978131212723657,0.7117296222664016,-0.5009940357852882,-39.113320079522865,413.0457256461233,-86.44532803180914,-949.5626242544731,3.94831013916501,5.314115308151093,2.510934393638171,5.314115308151093,-3.94831013916501,2.510934393638171,173.5248508946322
16.645523032919456,75.03993567158831,133.31399797486952,47.683713919771314,98.26004892793603,25.365298018795013,160.43632820166985,40.47092178097531,56.9075256795635,43.91840524863411,76.60243556372933,69.47145880761934,28.671444111159875,33.43144022995018,45.64414051360391,27.61727328648803,43.51706123171032,43.492428079285986,49.31686517034807,53.95752778219965,72.75812685325144,169.1418637759439,148.15158948478907,178.78424463388947,36.21585438692526,39.93959741531246,78.87612682124845,61.95518175890145,44.95650067103001,73.3830219233506,52.64320050822143,51.441651745043615,31.018677857426535,58.18467757304595,30.144564105856414,18.842498417689995,22.219655729230197,31.234511780080727,24.831019236829416,76.92896761531225,58.787013648598844,50.505641453642866,39.658548624248084,116.9577602893329,14.114593960017224,30.80644115137722,16.55288223051725,29.56880737537625,10.6534140746893,121.73343251501298,79.89092519696668,75.13079199613483,55.35211036408264,61.891759832966265,47.68348401271135,29.91831499534006,28.62707756834879,112.12040353162021,79.06349630942691,75.92915149697451,14.200169567559573,26.68273988361932,164.35230643162052,19.314997533588752,14.260414776815827,16.20903152269322,69.06672303950701,63.8470072385704,131.23418496589844,39.17632518799004,23.07020856611264,36.08984504608967,43.05280351825627,21.33890612624452,27.086202316452628,76.2885917126819,53.54252956343054,80.46339062031927,151.04046693319546,3.483037240620695,10.882852377738688,4.923186109740923,4.630253998773978,6.173162701421858,80.10385272447276,103.98824256606206,129.48737152912528,17.401224748302397,18.808763134424588,17.514912363764125,18.808763134424588,17.401224748302397,17.514912363764125,11.305271433173973,87.3633216046405,7.930253379836792,10.47629420580286,4.465607249001126,4.346268486958562,9.94321410523563,112.65169125645843,82.30905202502551,133.33594467421887,25.081961638685748,24.134233518979684,22.15226446182377,24.134233518979684,25.081961638685748,22.15226446182377,42.37697969842381
112.53911109435764,91.45552089821922,152.49601940010166,161.54272013261527,160.35913930052342,59.255449033005306,232.73946972964916,121.55371729728667,479.72535691479317,188.30149548609538,175.1025361779539,146.64578535406847,132.19130577197552,246.38182549480197,262.46185604882504,81.25687032137441,106.51330862543541,136.81042880861884,99.13327450771305,111.49082861726906,125.15584119289211,452.4721302419864,402.371464092274,377.25512597198474,123.67992322224042,108.46746585915761,163.55109510551625,111.84029293344732,100.89502006781967,396.28507118217107,298.1265846637708,121.636941672956,109.62332461746072,177.06477835812578,56.346437440992936,203.20770479925358,176.8461827148834,152.3017732946822,122.46621865820833,122.56683574572901,73.99201611646336,248.90462885364593,105.32823106409317,165.27915402082292,73.94768038718736,339.42691047575875,242.89365675310395,235.14011087629638,81.63684293266455,165.95515296192775,102.11963699402679,160.92083851356315,217.65597889536528,127.35515220032836,410.5664765160261,309.3954900090445,544.7678889141232,275.77316770886983,157.5665935845184,111.48223157943706,72.21846255662466,247.07240397433637,311.5721831339649,166.10597726800472,190.6466459569316,100.1281504437347,73.37443478208512,152.8332478328281,276.16449192490205,84.75740062569332,98.2030444702595,284.9015585383026,418.65458088210823,182.5737939752651,248.84354325238232,81.6556896395989,149.4350845696859,202.18288208890272,136.06650270329442,14.324600606231353,20.6777501329108,118.96268092072818,115.66869009784342,154.09791287755652,256.4256570623064,282.34669019321615,274.8066684697092,377.5887661156099,511.16444566381955,518.1511153395469,511.16444566381955,377.5887661156099,518.1511153395469,35.43862517147391,106.44310959126783,10.95299541830301,16.36128751481287,126.49704134921984,154.19758897345267,172.99691405095672,349.5532130983908,201.0615517155363,176.46248214397485,512.4108400756043,586.2974592900895,585.5902584575775,586.2974592900895,512.4108400756043,585.5902584575775,104.52820446293133
11.077049133096398,12.688150914697113,12.448627924744526,15.867728782094686,19.594470204289436,15.91322021719682,10.091778574111013,11.799776139035453,14.96010459954941,56.25477575736254,164.30952176184195,68.61311688040637,12.56587615027894,11.656896112008864,16.14974621090051,11.198226219046928,12.042454597906001,57.155996727138984,8.999993128731392,8.140701563720812,14.946584973875781,157.85443824259045,240.7769736322691,126.44274292048773,60.490581828485794,76.04630238349712,100.5133651174097,16.415909683402944,11.341537322611277,20.563830243886354,20.037470259079193,16.55227834774694,38.53862314230988,5.314321613832241,9.160042597185502,18.898417714734467,44.678175958540486,43.753860440366665,17.504439177535364,6.2170359609814545,11.779468713719007,10.945837520552068,75.0624848962304,114.86071193476062,39.155584928995,235.33120119141202,105.2962731624694,77.55974402806378,41.05076428566836,55.758963683305055,70.48563522332769,111.9043282026775,57.221204313241856,69.22439493299993,131.8588254752158,294.7593179898017,199.82963887017777,35.51627530360534,38.97734773901847,17.64502261267152,4.627003255025641,4.7683824232695615,5.457332976861747,20.947462352912797,16.095275193058857,14.377652168372315,3.029571107153169,1.5607024530519418,4.053772456101095,4.036299041900316,9.229764367142405,9.838768073918356,48.50361731010491,18.88561364663782,22.166609598925273,2.528667736901631,2.8185359421648415,2.5119267279933384,0.6397134762407962,0.22549969614968834,0.2678357920034137,6.324705247619762,5.029124103608192,7.426076037855293,7.210113400832404,7.590071074190184,5.458127655698335,17.648429601493408,18.91452128447265,19.672643130639827,18.91452128447265,17.648429601493408,19.672643130639827,0.23741601647843324,0.38176928383168846,0.0,0.16746046884193755,4.490560432753844,4.976198730156243,5.721119871664908,5.588012704082026,4.286083570874962,5.311920799562245,22.600048655804052,23.15649880836818,20.147256335833227,23.15649880836818,22.600048655804052,20.147256335833227,0.480794252095392
13.20997655539316,41.17909443705126,103.43187382287988,107.49721439600889,249.19779571641968,75.94538564208639,16.587635042245267,93.55444066558208,14.836773776803488,85.79079723892669,33.0648276935225,17.81170250005362,24.864881581563953,26.437850191224616,40.23351044482712,32.443000217190374,53.37539653950668,21.769870173785105,29.40224623221393,24.355688004455637,34.75973960528943,214.98730940358686,143.34845228337016,170.53650407376597,22.08380759921995,30.186937144509667,44.673370958873896,110.99816417268283,22.501826310893158,98.04932826928702,80.72516535075385,28.589874173451513,70.01651490291052,15.093967363436919,33.33830396103185,66.56743921777965,24.743484241807515,19.05089912502344,16.213351369778987,107.67316521268575,25.301690034995275,99.74432099866296,26.66587467418258,50.46271663430822,11.481677086994452,26.62544188020215,20.026883275259642,21.44999578938178,31.094718254902528,87.24065390324297,22.255498676612277,20.57718109760326,102.92500365882799,26.823347536063665,26.085180934730726,36.99744313283259,22.06171343314282,263.01662120253735,166.046899461892,90.90511166160562,26.456702904953584,8.418115233521027,45.05892181239401,19.152037168773358,13.080231969323059,13.913175142275627,25.33581062019867,20.893998719998947,47.4230597299026,12.847917708551687,24.842470065134695,74.3236474703826,25.740725487803825,16.550025942915994,16.18333828864117,15.941135803367025,39.282802286888334,55.90065475795972,120.02852522938986,7.225699911999183,11.120401956664987,4.8901653838969805,4.584561362474156,5.815011226402956,24.22080731837949,40.19699345621582,84.06363324389484,19.245744713615004,19.056722233564294,20.76906250290953,19.056722233564294,19.245744713615004,20.76906250290953,7.084742021445868,98.57360092389322,1.5600438107610275,5.284129674567655,13.540777825681761,7.604779470792072,19.874432102053884,28.142443081300414,137.39406333838568,41.213919257490936,23.6263564856809,23.61479400641295,21.0927729422881,23.61479400641295,23.6263564856809,21.0927729422881,68.63714215369849
9.118446350992022,9.216517745100766,9.81861791174536,32.25847027282696,32.32137140346625,15.910469452069343,8.075398338617731,8.788100103482517,15.162681724001072,10.55244289218601,15.79545830463219,15.277245051875257,9.81063930621095,8.64559992744228,11.901821489661538,6.786476845158633,10.140213260875784,13.515178125405198,7.620198171970357,8.854715041817984,13.27939637567042,20.97067952020277,17.60817246279428,25.353189835404603,8.053374634631885,13.291387821965507,13.876637626461225,7.42614997296376,7.399356540698717,13.264336812151662,14.527603727690943,14.627850576852289,30.723762165376343,1.9597059360271292,3.1987377513453694,11.409940928767949,20.409399575768543,26.770980733914417,14.871236251086208,6.01432974201177,5.375080989869677,4.647121722016917,9.2898360713401,12.773738993709587,3.8942216702114942,23.415631763581825,17.947972247831324,22.430151854076644,7.07500961492274,10.889669278382469,3.892941095941059,13.297406443154566,8.48969778705989,7.488173530701655,20.77336306635066,29.49649643502326,20.62986477421223,9.077080186473838,7.885628713210802,10.279681770483332,1.7573015670096819,2.8162009478199383,2.8327363908267413,15.426602472354928,13.437352495212153,13.37362542237717,1.129034199892701,2.161561560501226,1.413454462069792,1.829282088647106,1.6776328364266655,4.300605082352973,16.97362396196312,14.93801491633484,14.77607646382811,1.2006126343742178,1.4647314184515996,2.3844943712270945,0.0,0.0,0.4734899074437647,3.740557510931005,5.145196033655007,5.296137843897092,5.16295029006133,3.873437329829559,3.6572465687315057,16.6760573556633,21.97646754101246,17.583210599519354,21.97646754101246,16.6760573556633,17.583210599519354,0.5517287810240604,0.0,0.0,0.14640066278417355,4.670668156308244,3.803895440711895,4.6692476926026085,7.708838554079476,5.6982989215512125,4.258990335430878,23.607710945006605,26.427393195662557,22.853146708140972,26.427393195662557,23.607710945006605,22.853146708140972,0.4998791961967858
Sit
5
0.0
26.61992078787587
3.5573345486597563
2.917884606723369
17.735788399987698
26.61992078787587
0.0
76.71739306667045
10.634066365482255
181.39833753953437
3.5573345486597563
76.71739306667045
0.0
1.811392089597839
41.337733214546
2.917884606723369
10.634066365482255
1.811392089597839
0.0
10.640273086798905
17.735788399987698
181.39833753953437
41.337733214546
10.640273086798905
0.0
2152.80037037498
11215.36531749805
2
1662.2206884200823
-3.475024729433753E-9
35040
1.811392089597839
3615.13060792384
1184.2772850637866
-8.491008985191744E-10
4235
7090.126095713073
1856.772128365385
-3.475024729433753E-9
14401
10626.606661996215
3181.2805849762512
7.14147111597058E-9
2269
4396.551683688188
1460.9816675091672
-6.149347787188869E-10
2996
8277.366405857265
2268.776173400685
-2.6233361787096525E-9
11139
110
75.11693415019856,151.79188845092648,53.760454252119274,103.3242808398842,28.69838907122816,102.12987252114901,175.30451544424002,177.9080150551022,212.51564136737179,281.49497770116164,296.4481328210771,135.79388192711852,230.78256654048215,406.59835604445135,376.8584929140697,89.62426249498886,40.01996939461287,97.33221976320279,68.92024724262167,40.93690257012284,82.55577046869838,373.3528729530668,436.40395890338397,347.47272451080045,151.99310165209403,187.7838243907459,210.69308318564913,196.65191604098058,270.4851577424584,159.92606271114832,263.93316622980836,246.1620536732586,156.70636150157074,25.444226289898353,77.34966381895546,123.01552143239483,197.29452309856075,130.41417360509212,112.99107175680705,83.33103329561733,140.52391921604865,83.18340847233543,179.48790038957057,218.15958513300737,153.28656460839136,421.4279591565665,348.5725387360145,483.9118470421308,289.26620653200433,84.9705091289186,166.50698387605155,281.63461808577864,312.55932689249255,186.1643246694513,574.0213667200087,387.94017744675176,728.6964798077041,199.5831682276797,225.5562716189219,148.5984034448623,121.44477896243306,191.54220165448078,150.14229669655649,289.15830927168236,222.93099943764702,302.9572490225926,246.46149389587694,134.52008250746914,204.46840208016195,236.0704669719605,172.35051338518952,241.68532032599472,482.9004917491613,278.9779059160782,346.03806980471927,280.1082169092314,289.7268736036831,225.5176537348975,151.65112641763514,9.598196469203964,24.891385265154657,38.2980354198839,35.90777756699375,34.52757442081428,162.35193602554023,125.87144901903,235.33771813134967,173.95666309230108,102.03943531986086,144.90098084921127,102.03954613132922,173.95665861527286,144.90098084921127,25.30787299479501,74.64527186460583,13.22905890751565,28.560010639166823,35.47789719291603,32.648566042833004,39.02426966263668,43.49416131960954,124.79264431964548,293.7742545318299,169.62967477610152,79.12197704099724,142.2312496563981,79.12197704099724,169.62967477610152,142.2312496563981,6.409548767301247
-127.77630359492301,353.13734859917963,952.844745265183,-176.49703659429653,989.5778885825603,108.865395433072,-234.06321347031962,815.12899543379,462.61295662100457,348.6431304564236,-268.4303344436028,796.583551056953,735.0990878268884,-217.99437392471927,-343.8988023522192,35.84831621004566,952.065953196347,-326.04032534246574,330.0115780741304,897.3378572971003,-176.98086626725825,-654.6697210116603,-323.77814765241783,-320.4896531616894,-246.4403824200913,780.5589041095891,650.2584189497717,-719.1714079376518,-135.8675946692411,605.1194393926187,183.71565822614326,-205.5777292791765,881.0130846384646,-965.4736872146119,-216.04303652968036,65.41384132420092,-9.996575342465754,-4.9153824200913245,-5.574657534246575,606.2933219178083,152.60228310502282,756.1700057077626,-705.0813926940639,556.5480593607306,329.2996289954338,14.174172374429224,-11.40630707762557,-2.454708904109589,-35.534189497716895,-771.154252283105,116.16498287671233,429.8060502283105,528.5647831050228,599.0086757990867,2.4433219178082193,9.018978310502282,17.63421803652968,-591.8813356164384,277.3009703196347,-189.66615296803653,-889.5147831050228,-358.92477168949773,105.24691780821918,-27.27400114155251,0.02514269406392694,16.415268264840183,-147.53270547945206,799.3957762557078,90.04389269406393,311.4357876712329,-823.6224600456621,330.2436929223744,-60.8962899543379,24.044748858447488,38.15539383561644,-555.4684931506849,-443.8491723744292,-505.6694920091324,-53.3296803652968,-40.302197488584476,-8.986672374429224,0.3944920091324201,-0.08946917808219178,-20.637157534246576,67.17049086757991,653.3674086757991,-718.857448630137,1.2113299086757991,-0.3089041095890411,1.223972602739726,-0.3089326484018265,-1.2113013698630137,1.223972602739726,-104.52371575342465,-91.49275114155252,-32.69706050228311,29.835045662100455,-0.4728595890410959,0.3755707762557078,91.06743721461187,-278.8729452054794,473.00325342465754,-651.7811073059361,0.9523972602739726,0.9432077625570776,0.05761986301369862,0.9432077625570776,-0.9523972602739726,0.05761986301369862,-8.111643835616439
-128.1582054309327,379.19362455726093,948.3600944510035,-153.484126984127,995.7859547859548,128.11664261664262,-281.4207792207792,880.9695395513577,345.25076741440375,-4.734356552538371,-614.2743801652892,747.3636363636364,804.4231727574751,-165.06063122923587,-445.0141196013289,-0.9648170011806375,980.1178276269185,-254.4047225501771,321.4979929161747,905.1471074380165,-157.51452184179456,-425.63227513227514,-653.2008177008177,-336.9136604136604,-122.41298701298702,553.3948051948051,905.3102715466351,-770.0724911452185,-18.324203069657614,588.4821723730814,138.6729634002361,-68.90224321133412,949.7182998819362,-979.9938606847697,-185.24203069657614,18.137662337662338,-0.4462809917355372,20.273199527744982,1.051003541912633,629.0736717827627,144.10979929161746,821.814639905549,-437.73010625737896,864.4106257378985,207.14970484061394,50.53293978748524,-3.5539551357733177,27.041322314049587,-355.07650531286896,-683.009917355372,278.61086186540734,762.7943329397875,50.350885478158204,607.7697756788666,-32.00543093270366,-11.930106257378984,108.70295159386069,-263.8115702479339,606.1938606847698,-142.24250295159385,-954.0101534828808,-264.1669421487603,24.74214876033058,-18.925619834710744,6.068004722550177,8.226210153482882,-7.281700118063754,868.9409681227863,161.73482880755608,177.0961038961039,-901.3563164108618,333.6224321133412,-58.15489964580874,24.865879574970485,39.241794569067295,-750.3190082644628,-398.33648170011804,-567.8399055489965,-34.40968122786305,-37.68240850059032,-3.050767414403778,0.6292798110979929,0.09114521841794569,-22.03848878394333,43.97190082644628,623.9685950413223,-790.3423848878394,0.925383707201889,0.4602125147579693,2.4512396694214877,0.4602125147579693,-0.925383707201889,2.4512396694214877,-111.1482880755608,-108.13199527744982,-27.593860684769776,19.19315230224321,-0.19929161747343566,0.7497048406139315,81.71948051948051,-275.5655253837072,435.12703659976387,-756.7527744982291,5.26517119244392,2.298465171192444,-0.9282172373081464,2.298465171192444,-5.26517119244392,-0.9282172373081464,-6.5076741440377806
-132.78584820498577,421.09596555794735,935.0277758488994,-234.658071278826,979.3263452131376,115.54367575122292,-246.61211027012013,879.520658287619,359.82667870286787,410.4048532180462,-109.38198173070218,834.6604839272018,814.3032168886655,-256.59198291027894,-400.470344307615,14.08131379765294,949.7803624748282,-338.98875078119573,343.8528650388302,897.5106695585251,-156.75176659903448,-740.8009725843964,-272.775318909014,-326.6113891042357,-295.7633497673773,782.2242899798625,620.1738073744879,-755.5567067658716,-77.12586051039565,615.6078158681594,145.64841578654807,-132.48985547526402,954.0446775986659,-969.9039650024304,-191.4589959030623,101.44878827859176,-15.963474758697313,-13.541351295048955,-6.978265398236234,650.9430595097563,96.28310533990695,753.2078327893896,-722.4528157766822,501.27109228525796,385.1520727727241,6.278522324838553,-4.10200680508298,-26.27373099090341,-16.724324699673634,-760.451357544615,58.15887785570447,270.8768835497535,629.6952294979516,640.3025484341365,21.21088813276856,9.150614540656898,-18.759322269286855,-655.7648079994444,164.1601972085272,-198.24317755711408,-949.709603499757,-254.79584751058954,66.4266370390945,-36.31345045482953,4.772654676758559,20.644121935976667,-30.45524616346087,869.2536629400736,143.06430109020206,239.12929657662661,-901.9353517116867,326.58572321366574,-63.218109853482396,14.719811124227483,42.98590375668356,-679.6955766960627,-505.9481286021804,-539.7825845427401,-45.96215540587459,-38.01222137351573,-2.852857440455524,0.3810152072772724,0.1810290952017221,-21.589472953267133,40.6202347059232,628.6146795361433,-787.8638289007707,2.806194014304562,-0.5816957155753073,0.9285466287063399,-0.5816957155753073,-2.806124574682314,0.9285466287063399,-107.00006943962225,-107.67793903201166,-27.13755989167419,19.047496701617945,-0.2044996875216999,0.17693215748906327,79.40108325810708,-273.8584126102354,424.51940837441845,-766.6303034511492,-3.916325255190612,-1.5277411290882577,1.8732726893965697,-1.5277411290882577,3.916325255190612,1.8732726893965697,-5.683285882924797
-185.93477302776554,275.9506390480388,949.165271044513,-115.7368884971353,995.8607315998237,117.70780079330102,-171.93036579991187,845.076685764654,448.4856765094755,411.3512560599383,-179.4310268840899,810.4706919347731,701.6619283065513,-24.752781211372064,-284.78182941903583,68.00176289114147,938.9585720581754,-345.67518730718376,290.44217988480284,903.5299069561364,-190.14532565352238,-718.5789237668162,-158.4139013452915,-398.52421524663674,-284.86690171881884,866.8801234023799,528.6787130894667,-749.2877919788453,17.851035698545616,573.110180696342,103.57426178933451,-95.61921551344204,862.5037461436756,-958.8113706478625,-240.063464081093,60.970912296165714,4.7417364477743495,6.203613926840018,-5.055971793741737,580.6377258704275,150.73644777434993,739.7501101806963,-802.2366681357427,460.8832084618775,328.82415160863815,-5.046716615249008,-65.3402379903041,57.79374173644777,119.97708241516087,-777.1546936976641,80.80872631115028,350.71837814014987,625.6452181577788,600.6553547818422,-58.044513001322166,62.256500661084175,73.39048038783605,-678.8426619656236,168.9241956809167,-222.3331864257382,-897.6950198325253,-339.6906126046717,136.79374173644777,-19.285588364918468,2.5539885412075805,-0.881004847950639,-77.63155575143234,766.8986337593653,139.62714852357868,209.36976641692377,-830.0096959012781,268.6037902159542,-78.0524460114588,40.34728955486999,10.407227853680036,-632.2675187307184,-280.02556192155134,-474.94138386954603,-23.283384750991626,-42.86557955046276,-9.327897752313795,1.124724548259145,-1.5843984133979727,-23.393124724548258,83.1335390039665,695.3768179814897,-701.5429704715734,-1.0713970912296165,5.638166593212869,-0.754076685764654,5.637725870427501,1.0713970912296165,-0.754076685764654,-103.19612163948877,-104.51388276773909,-36.156015866020276,29.976200969590128,-5.19656236227413,-0.6086381665932129,97.9986778316439,-286.7633318642574,513.334067871309,-626.058616130454,24.2410753635963,13.586161304539445,-8.09299250771265,13.586161304539445,-24.2410753635963,-8.09299250771265,-12.403702071397092
-47.530266343825666,76.39709443099274,1022.7035627810446,-39.73464619492657,1004.1949265687583,166.5243658210948,-338.4375834445928,754.3077436582109,534.506341789052,281.3247663551402,-472.29105473965285,752.7059412550067,518.1188251001336,-707.1925901201602,-359.9262349799733,-0.5527369826435247,902.2493324432577,-452.4072096128171,377.61373092926493,855.0901525658808,-268.69348127600557,-450.3741655540721,-660.5040053404539,-335.6799065420561,-201.45060080106808,774.6842456608812,689.2182910547397,-797.5423898531375,-294.6875834445928,477.555740987984,346.3421228304406,-500.3915220293725,733.549732977303,-965.0727636849132,-205.40487316421897,20.16555407209613,-12.25200267022697,-6.892857142857143,-2.1755674232309747,543.4422563417891,174.21395193591457,709.3097463284379,-684.5440587449933,624.892523364486,277.6368491321762,15.960947930574099,-12.386849132176234,6.905540720961282,-110.03971962616822,-775.8711615487316,184.79873164218958,600.743991989319,447.33210947930576,556.5440587449933,-2.777369826435247,8.86181575433912,13.388851802403204,-518.3357810413885,393.14819759679574,-148.26468624833112,-829.9672897196261,-496.21762349799735,4.671228304405875,-32.06275033377837,2.0634178905206944,17.718624833110816,-358.0791054739653,732.6842456608812,57.834779706275036,588.4222296395194,-649.6458611481976,400.7116154873164,-58.50166889185581,21.263351134846463,35.16922563417891,-322.9425901201602,-561.3314419225634,-416.12449933244324,-101.35680907877169,-60.93691588785047,-82.39986648865154,0.965287049399199,0.42990654205607476,-6.558411214953271,453.74666221628837,889.3818424566089,-33.37850467289719,1.3618157543391187,-0.21194926568758343,1.0447263017356476,-0.21194926568758343,-1.3618157543391187,1.0447263017356476,-87.27903871829105,139.87917222963952,-66.47563417890521,118.34579439252336,0.05240320427236315,1.8865153538050734,161.66088117489986,-298.59312416555406,750.2316421895861,208.8210947930574,0.22963951935914553,2.7940587449933245,0.13985313751668893,2.7940587449933245,-0.22963951935914553,0.13985313751668893,-17.929238985313752
-130.8911033306401,345.5271568363408,959.5443037974684,-159.21429212676182,995.2599874315468,75.60274710476703,-184.41763174432174,717.1067420773858,623.6611904120657,408.48011491157195,-305.8644402549601,775.0419247688302,671.514889943893,-96.00474751834268,-240.04819450438785,81.22686057994434,960.4245443935721,-298.54771523476074,310.6106959575043,904.247231475646,-183.1859187899523,-672.3245313626533,-207.58886085075702,-286.34967555875994,-234.1013555974504,848.7691893347697,606.4703294730227,-625.5647724212228,-245.0963282161774,638.7154143100817,222.63962909614693,-295.1362981634858,803.9059236586244,-955.6904569530478,-257.5051620432714,49.87566208815872,-8.308824849627435,-5.0729868031241585,-7.298949636412605,562.0378849088787,223.21034204147588,750.9903043361163,-770.0020648173086,512.0691264925039,317.52428404704193,13.993266900080798,-12.58506149564593,2.33521860131071,49.99811473202262,-816.0125684531826,118.13861208366998,478.80985725828174,581.707244815513,553.3772331448065,5.002513690636502,6.01140138252985,19.84585689918305,-636.087889397612,289.4481551306221,-201.08896669359908,-801.5212317084118,-496.56486219588834,206.66837238531286,-19.100637400125684,-9.473471586318341,17.23413232785708,-309.827722416734,707.2022623215729,-7.1967860669719,402.2833288446001,-738.3144806535596,327.29086991650956,-56.086183678965796,33.21554897208008,37.952688751234405,-367.6782475985277,-382.64063201364576,-468.27336385671964,-63.2508304156567,-38.1866415297603,0.6415297603016429,0.020378849088787145,-0.3430289972169854,-22.09848280815154,3.088787144267888,624.5092916778885,-790.3613430289972,-0.31735344285842537,-1.4861298141664423,1.590447975581291,-1.4861298141664423,0.31735344285842537,1.590447975581291,-103.71218242212048,-123.82018134482449,-32.035012119579854,23.99263847742167,-0.1028817667654188,0.28422659125594757,89.30523386300386,-279.70212765957444,467.3056827363318,-700.1005476254601,1.0577251099739653,0.5493311787413592,-0.2767752940120298,0.5493311787413592,-1.0577251099739653,-0.2767752940120298,-8.346081335847025
51.18863943649773,126.21951099961647,33.642546560208615,60.97993465238804,17.41829615885612,95.94648901084167,154.83904527376674,117.36613805311387,129.85078977920722,189.81335470596767,66.05924319352216,74.12003694807967,93.38802680684854,372.0108749029378,170.17025800523842,37.99674226437114,21.56686061116066,70.03879805006532,73.8945595830986,30.780537839666025,59.718849744929926,371.87394843071803,344.25288162050595,211.67272795166826,72.73444280383592,82.60054048295399,50.70426146909238,92.99333424389847,265.5874727556612,120.87118754390755,97.0620988255202,226.2379514109908,66.27420268377215,9.409035953605542,32.53511935050541,92.95664485697074,56.51252683610441,73.1824725024035,39.35692618753728,68.59153401889782,102.55163099704157,87.87589948893047,81.00900436817359,45.45535872383708,77.62210440880214,211.3862673592637,88.47958169681912,189.84968059160838,59.07270208297319,60.357546666910984,85.270661213331,39.79130092950522,152.26679791667863,52.10181914905877,211.9744410194536,107.32434574358982,385.59894405628614,75.2566222689886,37.194245064756046,123.6007273787904,25.29327536699834,85.28292541303558,83.59854755408234,37.42591349590937,37.79805629485888,43.914916691796925,126.33647268170412,57.536436140158926,157.60126436430608,228.22735076798332,42.32804084404102,83.87067342285793,41.531397328533814,31.997290492571175,36.89818109545981,231.12738423226438,351.1169906494351,201.23329796932535,155.90374848433444,6.022823843192255,10.747368266646886,3.754322632357004,4.248282265492238,4.0774483279762475,110.0488229094689,91.69948302649527,91.02481602940331,19.768275097813017,19.428271513761988,17.311728878899075,19.428271513761988,19.768275097813017,17.311728878899075,28.583289838300463,7.792678737657402,4.110697830101655,2.5281598465902957,3.650269590824721,4.189609905457556,9.132452410136938,27.031204377282997,51.715583450605855,45.61486757937887,38.4646320647297,22.730448678460814,21.927340496015162,22.730448678460814,38.4646320647297,21.927340496015162,3.5223324425959706
61.21150806145226,98.43670533210064,39.47623308331993,83.91097366879599,30.842546904391924,91.11905148359673,175.6686707760381,122.96798027901418,162.38100544664715,249.4617518780881,273.8972734856603,118.35325933641982,136.68459887600397,281.9473629362353,234.39630449475172,91.85897017437131,30.661378944615596,72.65461491117227,63.39645622249937,34.38585324468459,64.19861933993182,354.34486875441917,376.9439546879645,327.36014529982816,141.02222527160765,205.85653100443074,226.34061935378335,118.29957523041354,220.0739558638103,135.03299964508656,144.62448962045298,149.5441321766931,70.28904273805661,23.190237085531578,78.11435084624725,97.72777755402853,228.26058980967025,130.02021948135388,127.76594111158825,61.61772568560541,137.91852938810803,75.27657474480218,176.94667593427377,207.51241222175494,153.41944116643555,387.4997750758268,378.6295141281106,555.749387148687,311.3259547627893,77.9209438112863,156.9805544591312,253.042391144818,272.4698354051563,169.7633955597533,623.1284902127118,359.83293039936734,912.2259103504197,161.51304135612017,174.92017414004403,140.67679919869985,44.88355888809231,115.57620375502175,125.6457676979964,114.92273282413339,128.12651020015434,111.30930414493969,181.3371785373085,79.093843861299,183.88871114700024,147.64637822668237,55.984367121324084,134.50834970589617,148.78841518825536,106.3297029284537,116.10480722009515,253.77613841952805,286.2824508840373,204.93185287909387,157.3600587238583,5.817179114474584,10.394199787876907,4.601783844621121,5.395194988938519,4.198734631639,104.666101399617,88.29857132697629,86.76787118532418,26.63335430679963,23.56586534321091,21.810120412196483,23.56586534321091,26.63328731198114,21.810120412196483,24.758392235892234,9.783689236962198,3.6053056375156776,2.6796236294603086,4.8009891083059975,8.190226123178764,9.031462533451437,27.391637895878183,46.84146342937537,43.28578299412921,67.85323426947787,32.77636679010729,26.268701965692394,32.77636679010729,67.85323426947787,26.268701965692394,2.9083747240610083
151.79227072152662,194.73269843835095,119.50922758377793,118.3336051908957,39.834047231795715,126.06607347657643,179.24429227443022,164.2780322942736,216.87142216016753,238.80773727649986,305.89970839186367,150.35355643171164,236.14754891302073,442.2988319198656,520.6483304245706,125.41439246817204,65.32188683934997,128.9423801374965,111.32533449085751,82.25434690511794,113.10275550894877,315.80299184583157,443.97822616305206,375.201043875716,191.47420035675066,172.2529381128836,214.52632368687102,181.16204984289482,299.4314863424631,190.4995156326452,370.49351277138817,314.43706382765276,155.15347584313776,44.300676532058915,103.02501978011584,142.29466173567687,319.8727319791833,233.18841865246162,201.1065945862024,85.11934823444095,145.6527852825629,88.90141110326554,149.41095970712647,217.3855595563657,155.4004567436182,732.6723178405358,578.1240397623071,832.5777747991864,293.3287403502593,99.47018533242527,193.9855344104354,285.2815087958918,249.22669588917367,208.6697394919709,837.00681930688,705.5682203327195,921.8159628295263,172.4834486223032,242.84512247609757,204.53407941789422,113.45663801538856,203.04763605824058,154.2269872999227,460.5764795727192,343.35583647191936,430.3320217846219,265.6284750623257,116.95865329690204,210.20472569691069,297.1547429452197,159.6655893893503,351.02267120502864,630.9385707439639,480.5597744267653,497.56590043331323,283.3622476812892,374.4715126793775,289.82521583483754,156.1386813811973,10.162784447489896,20.627972439031645,149.39543024477535,139.54647043477723,133.7276862211307,201.4967500292411,176.21608310708248,229.71608987839912,676.3585937068888,390.66160921770467,563.3897035033353,390.66206308722474,676.3585937068888,563.3897035033353,36.44960840949674,65.5859453796775,13.100492915579224,24.410986435481142,137.92776068039367,124.02719603961037,108.48631241135637,119.94576947225195,177.25950095126842,276.4831395525127,630.4098381141295,288.7943438128292,550.2794333358831,288.7943438128292,630.4098381141295,550.2794333358831,10.571671258708564
58.83806320951919,75.69649865422947,18.86142282647884,58.45393158809049,18.395762040834963,53.533074423142146,97.32995587117318,155.20909076643443,178.28486413921183,224.78163397484118,250.22914253348688,80.64837410113812,201.14422910171444,133.39983189801097,153.5500208862478,56.92093531658135,50.65009347971754,93.96416608973352,47.75464885485229,27.301695327887845,72.16085104694626,351.3347036328263,346.36419451599863,213.05103751080864,113.61851892500054,136.7149249959913,196.2567951144564,114.0661665705029,239.0565831400711,72.43446105963646,132.99276885974382,196.76312355945825,174.56878768167536,17.60812660989284,60.544711299952475,160.89226362969276,93.0868959431018,102.86851520954625,71.54797274919343,84.775663914254,55.57926210584373,65.3706794214026,134.47080124967556,200.3417192489551,93.71682365337648,232.5492436628916,181.24329901087611,278.3869361752866,239.50034261905745,56.17350972457759,117.11032658444174,243.29096648095526,265.8322242871842,93.57051956484278,341.2736228375004,242.90949061662207,543.0715642242727,173.5952002716465,196.69903299896237,114.89715965489731,123.90094163090895,216.51131907741183,54.485032359465166,117.36013976213303,95.69652218060332,191.87344692001128,272.76817913737193,164.48654495505252,125.78726670889635,197.01835111895386,187.2564891820683,121.69177084096948,246.63582948251062,117.04411110870515,275.9985224142076,153.28259729300117,80.78485593003396,155.2558495471717,2.5895366119646366,6.239062606242159,7.463141705903914,6.032975324815185,7.126200344048464,4.757237804827558,104.2643563202313,55.67036650608165,37.39396706942124,24.409922937276384,22.43142331623392,24.995198247882346,22.43142331623392,24.409922937276384,24.995198247882346,8.029094083197116,10.045078037045133,1.9769304966710328,6.235869020474609,6.991451319401598,13.233253697124225,5.146386490968683,42.5006374040695,10.834083982184946,74.89255098199472,35.49841637705864,25.33101020907458,26.1281955912232,25.33101020907458,35.49841637705864,26.1281955912232,1.8778205198589912
62.16834496919939,130.75496916831344,43.43990353025132,92.7087296586438,24.122404153630516,111.06108201931657,177.03047561322694,212.17030322975117,192.83859279352905,268.0324689518282,222.7385289144074,166.2129263464221,283.8830978897235,449.0603963230371,532.067758011895,77.34928679472478,31.766381763990275,89.75461819673485,54.23237933083933,37.10608839043884,93.45849015530189,358.14697353443586,450.98734389314984,424.6167346699485,154.99925062218728,129.14553420744502,146.52607341592392,277.05029418316076,271.7021685266783,191.19900382785985,378.68666304349597,252.6777881253488,188.62524510484738,24.786867927457912,66.13683561153067,132.53261127020042,174.88276083176152,123.8182028497902,93.98089081204981,76.22251852367737,138.34867838793917,80.15989080687591,123.06937261226238,166.62179095837493,152.82196412402752,472.321141569462,341.0797024953574,399.7765597754473,225.01904329946416,74.07617797706465,159.16724388695857,217.48250152573988,253.3566244008466,233.9081858392625,584.6749390349935,428.57885645011424,529.3662102134386,155.30769653499436,183.63566764509227,155.70846691340446,147.72900411778178,181.26534309758074,156.79455105799704,445.3215787608975,328.593412192149,473.5710201938404,208.98055628099016,139.49334974214065,221.99883820948727,232.98163578306676,220.08932330515415,355.6398134688745,778.9810525753968,422.9333440712456,536.3445475621751,187.58155916694952,249.47245982397706,244.94094234480704,158.1782508983618,8.428605302539038,7.7092153366785645,5.155147025182995,5.665230467899023,3.8457762551194317,86.54100110620932,110.05796061433762,102.76224880966306,28.524660136647544,25.935553868872972,22.819566018093752,25.935553868872972,28.524660136647544,22.819566018093752,22.767070332972942,23.565713746018453,11.474989179213988,9.356832472172172,5.742468718493576,8.91881007511932,26.219332965556475,33.66711393814844,118.68704355110862,168.15686466942577,50.929580988618675,30.185497681708807,26.53364411883949,30.185497681708807,50.929580988618675,26.53364411883949,7.179538724867868
Walk
Lie
Sit
