3
Walk
5
0.0
4.43846707583586
158.21258947897445
0.5938487694761295
5.596475328094327
4.43846707583586
0.0
3.981417643833601
0.5848985771724069
10.230402421918813
158.21258947897445
3.981417643833601
0.0
0.6309256316674219
4.610578538959978
0.5938487694761295
0.5848985771724069
0.6309256316674219
0.0
0.6874732247043657
5.596475328094327
10.230402421918813
4.610578538959978
0.6874732247043657
0.0
5863.88158852198
27490.257870584115
0
5916.024578938703
-9.310369677136472E-11
30748
0.5848985771724069
11194.469683484069
3526.8008006991677
-8.369092972227851E-11
6229
12712.529248524375
4485.863344365402
-9.247816863799138E-11
7318
18411.455642658875
5561.286495197469
-9.310369677136472E-11
7030
21574.233291645414
7083.177277933916
5.493098145799742E-10
4890
18165.039596099163
6799.875231485994
-7.993771434577674E-11
5281
24
157.01257002088394,161.24704451824482,1126.0937358532346,1057.2697204153249,956.8682425653311,18.232351159117872,27.61290275359816,692.2391280501066,698.7685044425037,666.9590876095034,709.0476754239431,2727.9383151592133,1650.5676193320887,1430.7492592608155,2727.93825710643,18.777141405906992,30.86109465929208,696.8831167720308,690.715289295407,696.211497835531,2486.7191411559693,1450.3314860117648,1712.421109483679,2486.7191432376444
-950.118414205802,152.8546246910368,-168.0261480421491,-184.0514179784051,15.915148952777416,-34.49320280993886,-0.4976909067256407,11.865877455444256,0.4744048393391435,-16.32298035644595,706.2103551450501,42.73048653570964,201.6352283075322,-66.34477039157018,-42.73051905815012,-36.40292051515546,20.01502536750358,-18.423669832184206,14.569305320671264,96.11138935865748,-11.336867438532648,54.750487836607256,-130.8909197346169,11.336899960973131
-945.5073045432654,179.39251886338096,-192.34387542141596,-210.15187028415477,23.168726922459463,-28.26055546636699,5.400224755177396,9.712634451757907,0.6153475678279018,-20.99887622411302,494.2225076256221,-15.833520629314497,5.735752127147214,-1.6134210948787928,15.833520629314497,-36.78343233263766,19.745866110130038,-3.109969497511639,16.423021351741852,58.237598330390114,1037.9752769304864,-31.861133408251725,-841.4530422218654,-1037.975116391074
-951.8036348729161,172.7607269745832,-156.8360207707024,-217.96173817983055,164.60071057666028,-41.10084722601804,3.860071057666029,-1.1650724241596064,22.116151954085815,-2.4919376878928667,668.4050286963651,1826.8869909811424,442.99699371412953,-332.8244055752938,-1826.8869909811424,-29.019677507515716,20.654823722328505,-20.925936048100574,16.995080623121073,88.62271112325772,-54.95080623121071,-14.336157420060125,15.64348182563542,54.95080623121071
-958.102560455192,137.3331436699858,-178.33229018492176,-150.5243243243243,-47.609672830725465,-28.562019914651493,4.655192034139403,12.676386913229019,0.07624466571834992,-17.582361308677097,495.2607396870555,-161.50412517780939,37.11052631578947,25.730440967283073,161.50412517780939,-45.1375533428165,14.784352773826457,29.159032716927452,4.259743954480797,306.7140825035562,1311.5847795163584,38.331152204836414,-906.4125177809389,-1311.5847795163584
-937.9901840490797,124.9756646216769,-149.60143149284252,-132.94621676891614,-121.83415132924335,-32.730265848670754,-3.594069529652352,36.877096114519425,-6.6950920245398775,-270.3022494887526,860.4969325153374,-2798.7914110429447,185.95828220858897,273.02597137014317,2798.7914110429447,-38.60940695296524,25.42597137014315,-80.95378323108385,12.452965235173824,-144.98609406952966,-2854.1615541922292,363.43865030674846,1386.6451942740287,2854.1615541922292
-953.8238969892066,140.4453701950388,-158.1906835826548,-198.2276084074986,13.436470365461087,-42.21624692293126,-17.48532474910055,8.22457867828063,-22.51259231206211,206.87767468282522,1146.5902291232721,542.4747206968377,331.76992993751185,-210.24275705358835,-542.4749100549138,-32.51467525089945,21.398598750236697,-38.45995076690021,24.70498011740201,94.05642870668434,-317.28744555955313,-11.331187275137285,131.35447831850027,317.28744555955313
146.50500972232493,160.44497637815587,1077.419947673443,1042.7469660087907,745.23045252541,4.55163973640211,5.057746808157199,62.766968186991036,56.924228182191186,13.290290544509451,21.274944196187338,57.19434181957293,82.22287982430831,50.03335611518017,57.19434181957293,15.191429160710404,12.45529388917907,428.7614744848136,420.90836457716557,336.78452132082305,1884.4808264503342,1298.7657584508477,1739.8077769561328,1884.4809294171785
149.66771579102905,167.2794883683384,1149.828403763356,1128.406944551258,1022.9378438331848,17.627962332593743,14.513394174476261,488.53906637903964,473.1398052229744,422.0592600573774,426.9333248782702,2467.9450949323395,1591.54786592499,1886.5032845255755,2467.9450949323395,8.176165844098188,9.225746729819912,135.8223772837816,127.23615094059441,30.38324587371322,103.17762891843851,101.99757548881297,63.829802269743865,103.17762891843851
168.99564943579955,160.3992403813472,1114.8948832162287,1018.9792965751789,872.9718821880487,7.678695487700461,8.892988517385191,146.31556196586072,144.63246778422092,64.17563950854903,73.00248483362842,213.69216426885214,230.58895599525457,148.07860809840088,213.69216426885214,26.108787767328437,52.45652913574523,1090.4654209495732,1068.568675797913,1031.724560406231,3088.442432909944,2108.0734947596698,2387.74693962189,3088.442432909944
160.09765730638185,149.05642686263153,1173.6712314701622,1049.7125883174904,1003.5315903305251,18.072665424898407,19.872704057084693,953.6009317256818,960.0803624642515,968.9215589379622,989.3996494249751,2841.8933767952067,2276.899855467628,1310.6197993615658,2841.8933767952067,22.75398664450876,38.825426269684435,1014.2411178376173,1030.3722001634692,1111.1056954430483,2878.5637772315067,2111.532720843196,1557.2114535371288,2878.5637772315067
158.6966876743992,157.70000798006677,1118.6470821953174,1026.2733631872316,1107.2204855340815,29.73319822852216,56.98105930766376,1258.4714542134107,1283.2640747308453,1165.634868548512,1196.1397090837409,3892.599475113078,2701.1545473250903,2263.6134809321693,3892.5992138862725,10.223442245087845,10.960327474083861,206.91282830907613,208.40722281759386,112.65859459628508,474.94928869206507,303.5293530041604,192.57162894847437,474.94928869206507
Lie
5
0.0
1.4623169684489838
1.0479728189115085
2.716260843387848
0.8807301664377107
1.4623169684489838
0.0
43.484590252438124
98.63747552647156
27.5064279405685
1.0479728189115085
43.484590252438124
0.0
21.41297787144044
62.26495838196864
2.716260843387848
98.63747552647156
21.41297787144044
0.0
15.251676207758791
0.8807301664377107
27.5064279405685
62.26495838196864
15.251676207758791
0.0
494.07075582652783
12338.728206076741
1
533.2205326539348
-2.8296722658753873E-10
6035
0.8807301664377107
485.4072117082268
115.56934906182775
-5.115622864974016E-11
318
192.75433144012223
96.0196372597843
-2.2476116002521407E-10
1340
772.673576180338
174.25371607239208
-2.8296722658753873E-10
1620
322.76376787605574
120.7352968347532
-2.6591443902939764E-10
1626
12154.378466946593
1671.7882669488356
1.5574389568133566E-6
1131
24
115.67388626958657,137.88686555688616,210.13341254304623,98.16795807007773,146.20215080116068,10.730355679233032,17.08040361664156,69.26531721771813,67.33761057834738,89.72639626564354,207.4213222801756,220.04605577198674,297.50343647877884,301.6291259234844,220.04605577198674,10.46342884728529,12.302990638883035,73.98350845543028,89.73890077776072,102.07110357441088,298.443211698027,341.5921807235539,340.95550788807867,298.443211698027
-481.97431648715826,-296.2031483015742,25.947141673570837,-26.655840927920465,47.655012427506215,23.707870753935378,-82.7652029826015,-1.0652858326429164,-1.5945318972659486,-0.028169014084507043,-414.33090306545154,5.781938690969345,-8.327091963545982,-4.766528583264292,-5.781938690969345,-3.655675227837614,-34.36321458160729,-2.623860811930406,0.8308202154101078,-27.84258492129246,2.088649544324772,-8.00049710024855,7.91913835956918,-2.088649544324772
-109.86792452830188,-605.9496855345911,13.817610062893081,-32.575471698113205,37.106918238993714,38.9685534591195,-80.39622641509433,-3.858490566037736,-3.2547169811320753,0.9591194968553459,-634.7075471698113,-5.9937106918239,-9.29559748427673,-8.415094339622641,5.9937106918239,-0.7578616352201258,-40.289308176100626,-5.188679245283019,-0.46855345911949686,-42.327044025157235,-3.040880503144654,-2.6257861635220126,-5.273584905660377,3.040880503144654
-529.2522388059701,-327.5805970149254,13.120149253731343,-33.742537313432834,41.26044776119403,23.937313432835822,-94.84477611940298,-0.04029850746268657,-1.3813432835820896,2.970149253731343,-443.1992537313433,2.982089552238806,-4.213432835820895,2.6238805970149253,-2.982089552238806,-13.180597014925374,-41.68134328358209,-0.1253731343283582,0.29402985074626864,-25.97910447761194,2.4656716417910447,2.6402985074626866,0.1791044776119403,-2.4656716417910447
-534.1191358024691,-163.95987654320987,17.68395061728395,-25.770987654320987,39.62592592592593,16.502469135802468,-89.44753086419753,0.3734567901234568,-1.762962962962963,1.6487654320987655,-295.4981481481482,0.932716049382716,-6.043827160493827,0.6290123456790123,-0.932716049382716,7.309259259259259,-34.74074074074074,-0.12469135802469136,0.38395061728395063,-51.50061728395062,1.6728395061728396,2.2506172839506173,0.44938271604938274,-1.6728395061728396
-469.16789667896677,-369.0024600246002,11.208487084870848,-33.86838868388684,37.2619926199262,32.755842558425584,-71.4920049200492,-1.6500615006150061,-2.8468634686346865,-1.2779827798277983,-569.2632226322263,-1.6998769987699878,-9.790282902829029,-0.17097170971709716,1.6998769987699878,-5.31549815498155,-35.575030750307505,-0.10209102091020911,-0.08179581795817958,-21.497539975399754,2.3979089790897907,0.9895448954489545,-0.7835178351783518,-2.3979089790897907
-474.3050397877984,-256.6958443854996,77.58001768346595,-7.493368700265252,84.63925729442971,16.458001768346595,-75.75508399646331,-2.7144120247568524,0.6613616268788682,-4.463306808134394,-265.63572060123784,30.112290008841732,-14.095490716180372,-26.832007073386382,-30.112290008841732,-6.504862953138815,-21.743589743589745,-12.068081343943414,3.784261715296198,-1.2130857648099027,3.235190097259063,-49.726790450928384,44.00972590627763,-3.235190097259063
19.32181820560146,25.343146272558105,86.55570991674274,48.08777754425634,21.762292278990195,0.20777880885869884,2.3455948857662365,8.542089534386502,8.133811489813635,10.115183414049941,8.608520811249694,21.360506868874076,25.04483133844634,35.02793871590331,21.360506868874076,4.475786713679154,1.386486888545858,19.803026825114994,9.05315281097694,11.425521741724129,26.118056927056834,44.10420942282237,39.52730151459737,26.118056927056834
12.970603382887921,30.578908998210355,17.559493579396342,16.176264325789656,16.134102498401774,2.834590342716529,8.282165143962725,4.135298051899172,3.7928171552529584,4.922764632621808,57.53400007379299,17.865809030090595,17.374987348740678,17.642801251859584,17.865809030090595,7.988336135041751,8.305362079384073,4.818973680040875,4.802146041203872,24.28649352379598,23.769986612355247,22.120733009728117,20.990609496252773,23.769986612355247
39.00236769859515,75.34595684626515,77.24262162738624,36.31789534356833,25.38508011065321,3.784578287274809,11.580759215913233,4.355075464206644,4.851149248259943,5.881638156699189,121.57614530462213,18.033146100343465,19.515247808256706,19.055428340504953,18.033146100343465,5.758580412744976,8.089642571269145,4.701911899100715,4.570035790386826,14.325497842622585,22.91397836545621,23.607536528939978,21.426358784483327,22.91397836545621
60.90340985379604,48.4164624905455,37.800271247526815,23.376698920451688,32.258841518079365,3.809144422061202,7.084214133234153,5.011733002517496,4.836455727314248,6.683451516579777,48.59603871613964,17.474051795124893,19.923383810060823,18.613485101104665,17.474051795124893,0.46617886728624314,7.878670182537642,4.368210539482793,4.376167705703002,6.554974161066321,24.16384524787813,24.361695308738867,22.031024254662512,24.16384524787813
133.50003732482062,162.18731487576147,468.40154234875223,217.51384596405683,331.03070843431965,15.920787187702217,27.203187577848173,159.7032667529965,155.24646491494357,206.83777839836745,331.137385488323,506.34903553465483,686.2246540523051,695.3116727021628,506.34903553465483,12.6948781830694,17.545582633078777,170.04282583357036,207.0824882881868,230.01822099108423,687.8569216317209,786.2244982024358,785.3846974025994,687.8569216317209
Sit
5
0.0
4823.925486195344
3607.9153945219628
4656.80944619761
378.0292178606589
4823.925486195344
0.0
10510.885744675967
1198.1380052540856
315.1647652023483
3607.9153945219628
10510.885744675967
0.0
793.4974207181291
157.65838259458909
4656.80944619761
1198.1380052540856
793.4974207181291
0.0
320.9873407762773
378.0292178606589
315.1647652023483
157.65838259458909
320.9873407762773
0.0
529.6354624866591
9969.297837644219
2
279.8586509817887
-4.667187669948433E-9
35040
157.65838259458909
1622.3633857437221
257.6335812112645
-2.6448505159139576E-9
8102
2380.1519353213266
394.3205420115949
-4.667187669948433E-9
14938
4482.882477608478
932.2585963775756
-1.631299467229762E-9
5123
9846.161669864436
1036.924709891562
9.549343131294071E-8
3925
2299.0405195274975
326.6230505275
-1.0167314662148077E-9
2952
24
25.444226289898353,123.01552143239483,421.4279591565665,289.15830927168236,346.03806980471927,9.598196469203964,24.891385265154657,38.2980354198839,35.90777756699375,34.52757442081428,125.87144901903,173.95666309230108,102.03943531986086,144.90098084921127,173.95665861527286,13.22905890751565,28.560010639166823,35.47789719291603,32.648566042833004,39.02426966263668,169.62967477610152,79.12197704099724,142.2312496563981,169.62967477610152
-965.4736872146119,65.41384132420092,14.174172374429224,-27.27400114155251,38.15539383561644,-40.302197488584476,-8.986672374429224,0.3944920091324201,-0.08946917808219178,-20.637157534246576,653.3674086757991,1.2113299086757991,-0.3089041095890411,1.223972602739726,-1.2113013698630137,-32.69706050228311,29.835045662100455,-0.4728595890410959,0.3755707762557078,91.06743721461187,0.9523972602739726,0.9432077625570776,0.05761986301369863,-0.9523972602739726
-968.6431745248087,98.05677610466552,34.373981732905456,-29.75178968156011,45.4316218217724,-43.09688965687484,-11.211799555665268,0.7545050604788941,0.9432238953344854,-20.417427795606024,705.2857319180449,2.1531720562823993,1.457417921500864,1.968279437176006,-2.1531720562823993,-29.779807454949395,20.79807454949395,-0.5117254998765737,0.4904961737842508,85.66304616144161,-4.879042211799556,-0.48506541594667985,1.2258701555171563,4.879042211799556
-967.3803052617486,54.05355469272995,11.235975364841345,-32.92160931851654,31.835720980050876,-33.2529789797831,4.691123309680011,0.16180211541036282,-0.5967331637434731,-22.76174856071763,557.4856741196947,1.0930512786182889,-1.9068817780157987,1.4610389610389611,-1.0930512786182889,-25.11146070424421,18.40453876020886,-0.09673316374347302,0.25271120631945376,74.68878029187307,0.389677332976302,-0.5461239791136698,0.5269781764627125,-0.389677332976302
-964.3974233847355,51.52781573296896,-15.49619363654109,-9.030450907671286,54.59906304899473,-37.97481944173336,-3.112238922506344,0.27308217841108723,0.3724380245949639,-21.395861799726724,629.1909037673238,2.741557681046262,-0.5244973648252976,0.5471403474526645,-2.741362482920164,-28.47882100331837,20.056802654694515,-0.009759906304899472,-0.2500487995315245,81.17333593597502,9.013078274448565,4.029474917040797,0.2764005465547531,-9.013078274448565
-953.1434394904459,95.01630573248407,20.264713375796177,-21.303184713375796,27.66216560509554,-48.81707006369427,-8.97859872611465,0.3014012738853503,-1.2759235668789808,-22.583694267515924,764.5340127388534,-2.4563057324840765,2.3650955414012738,-0.18547770700636942,2.4563057324840765,-47.709044585987264,38.20229299363057,-2.6810191082802546,1.0779617834394903,124.43464968152867,5.163057324840764,4.1342675159235664,-4.392866242038217,-5.163057324840764
-965.3888888888889,18.047764227642276,16.995257452574524,-31.494241192411923,35.579607046070464,-61.02066395663957,-82.29878048780488,0.9183604336043361,0.4190379403794038,-6.584349593495935,890.2123983739838,1.4457994579945799,-0.25169376693766937,1.030149051490515,-1.4457994579945799,-66.44952574525745,118.32384823848238,-0.13719512195121952,0.8336720867208672,161.58638211382114,0.21747967479674796,2.8008130081300813,0.013888888888888888,-0.21747967479674796
17.67250462637633,86.33553697891632,272.72705090473124,70.8719354664949,82.33761432546756,4.174193464319175,7.867927140738763,4.056274779455306,4.461328755415812,4.034082963240762,56.960897337813236,21.417560009042,20.45977748297552,20.119010337067124,21.417560009042,3.6435280216896366,2.1169850544225164,4.041513777083804,6.419391529353279,8.847695063679113,39.3561461702439,24.939278666528843,22.751754823835693,39.3561461702439
23.150818547039886,120.80920982067221,358.36424915593386,196.62601999465298,240.1179842744984,2.688797242434961,5.321471479766926,4.060464907113905,4.524173691601393,3.494609542006204,41.99883113350171,18.981357609921393,21.78836945758185,17.624051896211736,18.981357609921393,1.7495572356120237,2.5456976594005467,4.126386033527362,4.70399156749648,5.023571269390776,29.966943793257894,24.395220444110148,22.205262544313808,29.966943793257894
32.777696099256566,127.43967862507688,681.6369598806373,538.3784330949018,675.2604918387032,6.326156502405641,10.202254371651065,7.768856191191021,8.654722110413914,5.277855431878693,92.87511957475014,52.1791207739478,38.24202013209838,38.22175111144698,52.17902439430505,3.9734685329719923,3.2027196573124184,9.24588737901118,16.450075260653954,10.243121116186652,138.40332335182305,56.26345914607025,38.97078526315524,138.40332335182305
35.68894615375315,134.70493952723473,540.0057471196236,446.5099282285609,426.26082452874874,8.361948672581525,17.568840878084067,113.57179495881189,106.1104287158296,101.70342464346143,136.3983200402824,513.7055463172787,296.70175969212926,427.8955303053634,513.7055463172787,12.564590806300263,21.35350835108511,104.84579307325073,94.65918820831098,84.3888210074072,473.5911112804173,218.44397028804352,418.5854036062359,473.5911112804173
17.555445935406112,160.3243770751304,239.971870833775,119.503717782798,278.05460683534795,6.227031383991591,7.435535119795229,5.4510956889663245,6.52681692940801,4.437028694573524,55.425778158906816,23.854419301275048,21.19588004578576,24.759502772565984,23.854419301275048,1.9563587758361696,6.175519302815107,6.392754602797811,6.721938495057695,4.940238332485529,33.70215776731643,24.82754396550585,25.112680191280816,33.70215776731643
Walk
Lie
Sit
