3
Stand
5
0.0
4.512150990469191
3.371844732070133
6.965182509530648
5.270360067320068
4.512150990469191
0.0
74.59490414780885
150.48583724901815
142.77439876389866
3.371844732070133
74.59490414780885
0.0
56.281752029549914
41.71917013688731
6.965182509530648
150.48583724901815
56.281752029549914
0.0
279.2043974477406
5.270360067320068
142.77439876389866
41.71917013688731
279.2043974477406
0.0
3533.513645577512
205159.21377790754
0
2023.2352822948235
-6.107364084365447E-13
52852
3.371844732070133
203135.9784956127
737.8748695618594
1.6869661369036864E-9
1973
20674.17678521746
4271.379853829561
-4.1674082837112144E-13
11323
3929.5643849751227
1592.6931100563231
-4.0700758904220325E-13
11059
8893.102315083259
3033.2114266215685
-6.107364084365447E-13
16562
19362.66980738381
4991.11789474737
-4.402798178079347E-13
11935
110
162.99298545276073,191.99942917293893,302.64609776594773,220.43471352369895,202.14328719062786,296.21564107380345,249.78139166733155,153.0004944398791,217.61209023173606,192.52161396643515,325.6669862038692,230.5990432155852,335.53578920009073,391.30347087581504,433.4209945504349,259.22384477239524,438.92746167414873,475.3782344295803,159.23613567482403,897.5604735798236,317.20667172155567,322.4646842100798,337.8204892294967,280.4647553697717,309.0943870621111,176.14460811681244,183.2916822097805,295.32973815605794,289.58722760470766,249.4021806544005,357.80718865121787,394.42683239781485,277.25392578689383,283.9035976840833,192.59635922064678,317.65396356343035,503.93532912741057,365.8369105427694,190.4923598011763,276.79359931611117,336.45265611607283,485.35275153633773,160.5484626947782,310.16678436554093,183.22440212734543,612.4634134654748,382.99464104380866,396.801958073655,311.0576971276067,503.43515798199167,333.19686185756996,377.5566716767598,217.29328093833502,310.43079495688914,734.1761143915949,658.996132744015,519.0947933490374,548.9214406168637,316.22409095477457,468.115035644345,139.88660641927967,282.4887467967533,188.22167032920754,601.5777213634244,381.00644164059645,471.56267200863715,311.2819897428495,462.69466749555045,367.5784412009759,364.19091047933466,237.07338411718356,352.09088663524636,691.6954004664466,651.2713982568284,576.098811528443,570.851798852803,346.70524383451436,391.41269075967375,104.17819411835025,7.270643735237232,10.284030244349447,183.0986062182967,184.32398280231413,148.20118428582822,190.04018065981367,180.8184467850656,162.93894102116448,499.299587540823,613.9652218364084,804.6687491854647,613.9651872895433,499.299587540823,804.6687491854647,99.82315608884328,99.12819585210583,8.463645270425506,12.31467978544622,190.76100646314086,199.0979158310249,151.87245620326686,192.31480915166048,187.87828273335296,169.99325384955438,514.0747936203112,639.0340760923632,803.9723408750118,639.034076630922,514.0747790088657,803.9723408750118,63.10996995639155
-5.761311798495761,973.9724590753419,218.1284184258789,-60.93911362041409,904.5428699752712,244.58370667456123,199.90656069726535,867.2869777568746,364.9667842172835,766.6355832900136,501.7705801487038,19.33125887543996,519.8387626582595,640.8989002812777,169.45306576119998,72.25490414719886,642.8521627102331,-361.2555697333437,-52.85129167809569,929.2821610029521,-248.28889974796917,338.0229529215751,666.825126078506,438.22905589580637,91.32597150139654,1004.0116267679749,254.55310450140053,-555.3058046273903,725.8964887320617,29.85521608225572,-510.0139877479312,442.48252370347535,516.9938040833429,-834.1297023878298,-146.3823018951329,271.722310684619,7.027264238199792,-12.700696304187803,-8.838198173348223,386.14663435364133,-3.6699687321367707,-33.40610809615005,-905.6894860036709,149.88308040225277,160.3260917510949,26.096695608334958,-21.996582380261962,-31.15200233242798,405.0235633968385,-169.1049231150489,-145.33202329116602,-483.03944807943674,695.9492333111501,-207.4244166194853,23.131701326451257,-4.388357044844994,7.395901599584876,160.6061994074814,-368.36274038469827,-24.518589146159407,-890.9646798823252,-163.45639286763517,262.77361646163774,-15.245550705033608,-8.355591311388471,28.717533813585902,405.37038062418503,167.73460877153863,-38.19566601750943,-504.46258035245114,-667.2792429692505,-198.24923278463953,-52.21992569341502,35.585561228492764,38.14140714798373,211.92275564245426,318.3692908355328,114.85208678891036,37.634734730946796,-43.2872738969197,6.853799288579429,3.0468667221675623,-2.769109967456293,-23.236206766063724,-86.30362143343676,709.8443578294105,-727.9509573904488,13.326969651101189,-1.6127298872322713,-2.998940437447968,-1.6127298872322713,-13.326969651101189,-2.998940437447968,-53.07479376371755,-19.24576174979187,-39.1938431847423,1.3589078937410126,-0.613543479906153,7.381404677211837,89.52204268523424,-0.48403087868008754,548.6146408839779,-725.3218988874593,10.483709225762507,-24.689075153258155,39.29026337697722,-24.6890562324983,-10.483728146522365,39.29026337697722,17.824812684477408
-63.43993917891536,1036.9158641662443,-8.54637607704004,-38.69437404967055,1015.2534211860111,-4.838824125696909,161.54485554992397,944.1449569183984,339.9265078560568,918.8043588443994,334.56462240243286,-171.91890522047643,719.6619361378612,155.13583375570198,622.5139381652306,142.14848950332822,893.4541730670763,-434.8151561699949,-92.77344145970604,1056.5549923973645,-193.56259503294476,760.5331981753675,532.9761784085149,348.83071464774457,162.8798783578307,1083.8312214901166,134.39128231120122,-871.227065382666,438.227572225038,-251.68474404460213,-965.522047643183,-32.75114039533705,274.07197161682717,-985.9619868220983,-152.99391789153574,72.89711099847948,-12.449062341611759,-3.4064875823618856,-3.1728332488596047,578.5154586923467,-79.41561074505829,-409.8124683223518,-977.6006082108464,137.15053218449063,127.63659401926002,12.736441966548403,-16.10542321338064,-4.8824125696908265,612.6649771920933,282.1616827166751,-344.1079574252407,-306.21642169285354,724.5509376583882,-610.3786112519007,4.0015205271160665,7.187024835276229,26.118094272681198,675.2427774961986,-389.21946274708563,334.4728839330968,-941.4358844399392,-247.2843385707045,222.69589457678663,-28.230106436898126,1.3547896604156107,17.732894069944248,782.4865686771415,-141.24176381145463,11.081094779523568,8.866700456158135,-746.931069437405,-660.3730359858084,-61.21338063862139,20.503294475418144,40.12975164723771,289.72630511910796,309.90623416117586,715.4738976178409,-33.970096300050685,-42.87683730359858,11.611758743030917,0.617840851495185,-0.9113025848960973,-27.638114546376077,-107.52154080081095,673.523061327927,-768.6092245311708,2.7815509376583885,1.560567663456665,1.964521033958439,1.560567663456665,-2.7815509376583885,1.964521033958439,134.67105930055752,31.729853015712113,-31.972630511910797,9.956918398378104,0.4201723264064876,-0.612772427774962,82.50278763304613,10.05980739989863,516.86213887481,-758.0136847440446,1.3826659908768373,1.4216928535225546,1.8205778003041053,1.4216928535225546,-1.3826659908768373,1.8205778003041053,152.80081094779524
42.515326562936735,1000.1483275878132,174.7550545047983,-96.63752090689464,954.608158334882,181.06337112060956,248.18840432035867,849.6987976360301,409.1628286121867,791.3607518377222,344.52656555317765,53.546291988461896,472.5233481883356,744.7475295485372,132.1268165084286,152.22473058342624,739.8089929394278,-306.78920475659606,-4.713469464218808,945.7627388535032,-230.14368677407268,370.54849279161203,525.406665418461,483.57667103538665,228.0299312139803,940.9136456590444,235.8622420524261,-515.0056737588652,770.0059574468086,114.3061938534279,-428.5093793747084,517.5645356976202,561.0118525431637,-892.9618412521996,-215.1935722885987,208.93840881726405,-68.61646753727888,-18.362322867463185,-42.50560340835417,501.45123645457073,23.648420857645643,-3.6549041400388997,-849.1653237010281,278.3862183939983,129.49226637028804,2.5355191256830603,20.067611373529683,-50.14337315921089,378.7703065666389,-288.4422524775401,-127.8688524590164,-323.21580068537554,728.4797628971011,-183.81457812355285,42.03065666388812,48.62647031582847,9.473001759748078,59.220802074650365,-407.218301380013,-41.101324441974626,-886.040381587478,-157.30675187552097,324.76502732240436,-70.64082615541354,-50.86764842085765,59.42354357691951,463.26544410484394,188.6902843382421,-70.49504491988516,-573.8069834213208,-659.1755117162174,-101.39159025655275,-77.16541631934797,-31.803463925164397,41.82495137538205,302.7481707881819,345.7902195054182,72.71686579605446,34.6584827342577,-45.07559833966263,9.529983219994701,10.284288616091143,-2.8108275192086905,-16.204274485560365,-97.54817627837146,765.1926167976685,-672.0871677117372,104.32288262827872,-1.75245076393182,-17.337896317230417,-1.7523624481144573,-104.32288262827872,-17.337896317230417,-48.15499425947187,-5.336571579969973,-38.948246931025345,2.329064735494127,-10.903559127439724,11.973681886425858,87.98710589066502,-10.921928817451205,523.1491654155259,-752.773911507551,3.7568665547999647,1.5225646913362183,4.15252141658571,1.5225646913362183,-3.7568665547999647,4.15252141658571,7.458535723748123
-26.557633924199394,1024.4852609930467,75.14376652629517,-3.271966527196653,989.9594239564075,69.84752359638027,111.78132051407829,910.5664671833612,407.9644854311783,814.6958174904943,520.7253582918983,20.241883591693476,674.4654868987094,587.5814430973797,162.9498435666797,86.78981825288255,749.0592143834278,-43.89085401602502,-61.029386007589764,959.750218935487,-185.18808990950666,320.4536360908273,688.7663298989697,517.6359907972392,134.67461321397295,1050.7494404981999,266.44156855113357,-652.7819176385592,702.940447930643,-25.488492104448344,-609.759225002434,366.6191217992406,570.5473663713368,-980.0060328889754,-155.83574973241218,58.32256495086115,-8.883039797606305,-3.896857059453148,-1.9961078135642698,414.78991923713147,-129.75654373844506,422.45567772696313,-949.7705556096137,225.98686387077942,152.67578086990366,11.015763355064708,-15.173786124355356,-3.0998345820764817,185.1628880023353,-563.1769971781648,-153.64337841782623,-499.49975673834774,768.3403717038046,-162.73990464143233,-6.610878661087866,0.1463462099834582,22.69310109954267,-236.73854237617982,-506.7372774155882,-308.8857643281113,-930.0605234990757,-252.96205118225163,218.73114722195194,-23.9509584509098,3.844215237909896,21.33258733093315,276.97207356232366,563.8361389510558,135.7042911355454,-424.9456066945607,-771.1911063539943,-269.58480101196847,-66.05925853848399,23.437481755376083,44.3376471732996,-251.40829035710811,455.0834873990464,201.19169018195973,104.7322542725382,-42.07821683696537,5.422823040057872,-0.3668505289809205,0.20996473460529885,-23.62410706212135,-89.65638846188625,680.489736865901,-758.9042408897731,-0.7929288362419749,1.0557916628989963,-2.417035898363324,1.0557916628989963,0.7929288362419749,-2.417035898363324,-113.49190704403654,-69.59318202369111,-36.87494348494439,1.5882086987973596,0.3938873315851343,-0.08716882177412062,81.01564336739307,7.604756307080206,519.804412695542,-757.4156795370286,-0.07071163758025138,-2.3930735147843385,-0.007505199385116195,-2.392983090695361,0.07071163758025138,-0.007505199385116195,-0.9416764626096392
-15.561902942300344,990.6060374474589,245.28072856960895,-87.8157614483493,810.1490321368163,391.5268433251895,218.12979961215257,862.337556561086,304.9010342598578,702.4808992985973,637.3280936873748,-12.779809619238478,474.83669795550986,699.4645107367879,148.1787321589302,25.528809942254583,498.4979286969621,-525.3614109967361,-74.7967137944211,943.2788816711247,-231.02604763724366,289.7457380062108,780.7776158184929,355.89251536852777,-53.63372603083093,1026.2413209675399,243.46008271713248,-494.24696594023226,779.3729609813389,31.661229283570403,-475.67001191745595,524.4354889293106,504.2227937025654,-702.1336908399327,-95.1880650994575,431.33609777389785,4.478954916755004,-26.79553532456195,-2.1344391095591444,272.384236453202,-39.6745027124774,-212.73243125272808,-917.4352434994076,22.486998815239758,178.5801583837376,-0.820851780258153,-10.712913886637152,-20.48356924611835,438.61339402631415,35.172787927916694,-202.5192991207832,-604.9799837874914,633.45338903785,-205.08299557273804,7.632100766976367,1.2372014715969322,-9.413294257030616,372.2544116730062,-263.4134813244372,-38.158944939826654,-884.9273554904283,-106.75525347633598,236.96738791544553,-8.343642825964956,0.08162374508948057,26.279541061295753,409.78954916755004,-0.8615701190995823,-10.963023009291014,-578.4019455010289,-629.3736359668267,-184.83681486562324,-46.23807445282784,48.17129138866372,43.21213443910956,335.11411111803955,196.57704059362723,123.22367026251793,32.2704987320372,-42.095217968844345,4.599082236444874,0.4181862093950006,-1.4643762830576017,-24.491063881173773,-75.14158918005072,688.6614539306847,-753.3183190435938,-0.3302137423016544,1.5796401400797004,-4.178843134887091,1.5796401400797004,0.3302137423016544,-4.178843134887091,-52.48013524936602,-11.232520227025722,-40.18518294891921,2.2914503079338244,1.3250815118946988,7.9253713319647385,89.21289699311677,-1.6177997826349475,542.9012800386427,-723.9175824175824,-0.03278589542325806,-5.716157468904722,1.1184035744475305,-5.716157468904722,0.03278589542325806,1.1184035744475305,20.236565632170027
-9.157417993140445,868.8460997273767,391.5609005364524,-46.88680895731281,890.5845871238629,304.0798635409377,216.81113356604814,838.0330699981628,370.6869373507257,762.516577727233,472.9182048814627,62.20286939025457,450.8658735924446,590.8114783872139,165.51679985470395,36.20442810886497,611.3457600420057,-467.112715498381,-53.889962237639416,844.9521384034425,-356.97532273645385,320.59244654749386,644.6580792148616,450.6637749737119,110.79434919524142,976.5237928621414,296.527466759972,-535.7225525872016,678.6667258365137,45.05209905032395,-467.27260755048286,406.3828797190518,483.4900790166813,-801.2139251523064,-142.28833768494343,340.39834638816365,100.29060052219322,2.5356832027850307,6.5236727589208,376.27893820713666,149.72915578764142,-172.96170583115753,-890.2824194952133,136.34160139251523,176.74073107049608,101.98537859007833,-84.85787641427328,-58.27476066144474,552.71636205396,-48.811401218450825,-41.98050478677111,-479.43167972149695,680.0052219321149,-207.86431679721497,57.43237597911227,-68.60661444734552,11.481723237597912,246.1970409051349,-345.4698868581375,214.29199303742385,-859.4445604873804,-151.17998259355963,287.2070496083551,37.94447345517842,7.358746736292428,11.628024369016536,400.9439512619669,65.86048738033072,-214.62497824194952,-494.60974760661446,-618.1160139251523,-166.25805047867712,-22.544212358572672,95.80374238468234,21.540034812880766,371.26588337684944,336.0828546562228,-36.08294168842472,-2.4333472978634267,-44.433012149141184,7.983074989526602,3.393045664013406,-7.607624633431085,-27.079095098449937,-84.51076665270213,719.9338081273565,-710.3456221198156,-39.22421449518224,-8.907415165479682,10.882362798491831,-8.907498952660243,39.22421449518224,10.882362798491831,-33.62153330540427,-5.336405529953917,-41.393632174277336,-2.4894009216589863,5.35425219941349,10.511688311688312,100.44968579807289,1.7538332635106828,612.6473397570172,-666.0837871805613,42.74344365312107,-100.86099706744868,168.20427314620864,-100.86099706744868,-42.743527440301634,168.20427314620864,19.388688730624214
48.116102258474996,11.693300760835044,80.62827271087497,32.841934335364805,17.260345244370857,75.77098229297934,31.241138948851006,17.520034060163578,30.66984055211996,26.251190280305607,65.23594643463807,41.127288587376235,73.90435513289104,89.8764240537325,50.803647324686054,109.71841039185722,89.56336520891696,155.19027564708668,58.19466932369287,4437.855468108801,1203.4147609936654,74.86535945555536,70.94597650568646,79.65796385944998,67.67343630497818,20.442056794312066,64.25985978148238,21.450734568864277,24.135045387516797,37.11401701546483,44.570774057274456,43.07321241509198,62.298046049595854,22.375508073957885,44.002777013455564,58.045376884412555,190.66156327197427,119.14573804802926,40.42407091149875,86.3113578632717,203.64695119203697,39.07905736819473,19.236877185473002,58.74694024202281,81.86357088651822,112.52695180834316,68.56641289781196,70.19293434748565,39.511838354397334,50.040568852095134,182.83060028380402,77.631105450307,56.12065083084972,67.32752051696924,170.26063273865498,90.584377271118,122.47356274733576,117.25982036225845,137.85302086415987,138.6805100721782,14.526696752893653,30.594278572473353,22.365187024525934,65.52839346992505,39.801597504543025,50.22797033166249,139.71553411724224,25.95195356509399,186.95597618383192,28.027604675458765,42.92058699214437,44.03178276271472,50.26682943407644,60.06982595409385,56.173208947302236,80.91905593223171,76.2010779889191,188.8080363682245,16.72721779778135,0.35539272393008625,0.9853406236451066,5.064785757340814,4.788396532781148,3.800395902972062,11.709688402894571,6.775305682705999,7.56519038321505,19.669052519253114,21.191103947010657,20.155977934275644,21.191103947010657,19.669052519253114,20.155977934275644,101.97681874127721,35.99679535303557,0.4895055084685325,11.323460587085243,5.020883221833238,4.721565803665865,3.2615246335265593,10.41956885748485,4.246493707792491,3.715041960838482,23.84855538398683,23.98699308996243,23.397574514789035,23.98699308996243,23.84855538398683,23.397574514789035,25.246238836843347
167.47570590804537,150.07634281089943,272.35645003852903,182.9526792186773,130.91585511006235,224.3294988981891,227.5089248303228,134.27323829318223,175.46823117831326,181.2635424939044,414.12532743095613,288.04910286549574,322.5452713584239,362.5729275658919,395.44974794358825,235.20609598532374,321.28857372550186,455.4445909295716,162.1702919984019,106.47477255827465,178.52832930346523,322.3669122589134,466.1646433572137,311.63577259581643,350.9985721005651,280.78599901093816,206.03828441272992,286.3322340499924,250.06416097889579,232.07019381558632,358.3760951756836,364.07528808376514,249.57511355468924,169.26954972175105,176.00716934276164,239.53058755642522,605.3932216614659,383.2403265412618,201.98977843439985,250.1743826004602,307.4232860816928,440.86278626227045,238.69367099157301,343.371605702285,191.01969131918986,740.5464353685406,465.67934740370623,461.43153622307653,327.26497388326726,499.88184999430155,305.9617097452269,484.74283595000554,223.79998191089152,325.19451254272917,868.4721566572572,812.7126447620755,613.5940096566718,566.9376761196188,338.8317525089757,438.4674606795304,117.78570477095639,238.7259917023741,181.19870123390743,681.7262456862087,407.0872074019361,506.02448092920235,299.8817198034679,413.0848063923611,363.218210209201,326.51424277771315,222.31572884210917,350.9827929252945,728.2657177099286,744.6097498683233,611.5387383380983,558.1789402779373,329.93895180198007,377.3440864802144,98.32633082624105,9.397807476098928,13.856529388828971,353.3298141872805,360.1593688334876,288.68756013410143,357.62355512192744,340.3837507368068,283.7655596798204,877.9243464323933,1255.7365558704857,1657.8133608707058,1255.736426610472,877.9243464323933,1657.8133608707058,104.15453177227177,106.00436456574404,6.280872682904605,8.581322816974762,83.83406881469145,82.25781642028319,23.310205279060078,65.38686457071101,31.122770409787172,27.39629353148513,101.63269331400393,119.63492905584137,119.04324236167145,119.63492905584137,101.63269331400393,119.04324236167145,68.18873327699686
84.94232232914015,37.53988480540086,178.73445110231594,99.88992426171393,39.118309336168586,218.0397157402323,138.57750481021665,62.51309063731011,96.56258856804813,120.70391605119772,187.2504640436077,159.40533165127894,258.7551595652356,281.04029761953365,332.41305062327933,191.99151951282977,399.46454096396155,504.2909034106911,123.42339755798056,25.458878933373544,83.89632510031166,262.1303796022067,194.38149984413906,230.7434932146852,131.1280325085183,56.136297919188145,129.85428105863906,196.94350939037344,190.84843398948897,201.68200358605657,264.7314105349051,282.86701366561823,229.51500210967498,22.436749091735606,86.34969387723686,88.18189763534821,116.29806749678784,56.545133721437296,49.7546059181784,62.944601922752625,197.9487965316031,257.67080920966316,44.49325744612652,95.67274205369596,120.78341721954018,181.63863026704345,109.9900388364539,127.84853733389212,141.37735316272887,178.24929704177464,230.54315677808208,218.22982438790004,156.6662791495204,264.6963634568442,438.3445123782102,206.3702064619596,175.65938889524853,253.4244924647583,218.39186896991885,244.55441480981312,43.25566084179278,103.43420140850928,108.39672035637662,166.7382177264398,112.69113497677891,132.75338706268738,155.72720112495875,277.0660656154908,208.3666503803617,266.4884077898884,147.1976930113481,270.7367716217478,244.4187468942479,196.9705019977924,160.73115055970953,328.75931724281935,287.8538948306112,214.9979899718523,86.9149345185717,2.548025638980582,7.292030545955736,6.053125028315659,5.975415827418766,4.101757902738592,25.071073282054023,12.904120687709074,12.16819930204009,22.467024945382835,23.80990569871717,23.049453840386175,23.80990569871717,22.467024945382835,23.049453840386175,37.16937814764784,92.51660296211843,4.032155600690352,3.8679915345010167,7.566048635189084,6.8396351175960355,4.6801696008784415,23.52959483385977,11.811934184192717,10.936853729631679,26.26937046976694,27.888313524451945,26.317603226001857,27.88830020694365,26.26937046976694,26.317603226001857,30.761233982493867
159.31751561226292,101.2109600096021,257.9480611505952,276.5193185643764,257.80371496057217,314.96057446323255,294.1321261477434,158.58773565372644,251.51289382609494,206.4363514336293,249.1477176582756,208.6375747935791,343.0940686951889,355.9614689946867,460.0782267610305,285.7958299280417,494.74337669503694,429.58081067664756,151.87889743072833,94.58075788244612,166.16067639681054,333.94301743858466,233.314429331063,257.76141167431797,293.8913909257169,108.26537868198685,177.7013248736751,308.24295858312706,255.5645389135269,247.43053562110092,356.8644921699497,361.47893928676376,285.5017742827581,367.22527443045266,218.96612735452786,370.7746320739,406.1283861485492,353.89672191616694,184.4043991445873,321.7500317937476,341.8066177864234,485.79229302449016,121.19966714707223,318.45814494376026,185.35192878283448,534.1698503789097,344.50459858971345,374.9156292316794,299.07535323832235,497.3472633251664,348.2782000347049,311.46851923486173,214.59742868595194,309.5589432882273,713.5597067262595,587.4639417605945,472.4303137921265,517.3011081738161,308.3781659594959,435.67424314133666,148.98966516955176,338.84436271435294,198.882916094584,541.6813529656389,373.72412987769263,484.28651658471864,345.35508880203895,480.94655313471856,378.6901736708544,338.6985992717151,248.3217077997011,338.2072016474922,726.606488557426,617.7430791819412,593.308883445016,595.571774776971,363.8179633835655,398.61165137142274,98.44999765803576,4.100930903722335,5.368144370079878,25.250613481848184,22.389562825556332,10.809165738985259,44.3711714498087,28.910162964341616,26.996321788969542,54.21944324823321,52.21209264027494,55.429800559691905,52.21209264027494,54.21944324823321,55.429800559691905,94.58005535328056,95.9690543373829,7.519967357453245,8.070601188778474,58.43002426072565,63.64793084015739,22.210121451938637,84.03612943740116,71.25617701425766,81.77984783469107,79.62849750380077,86.35565969367173,88.01297613987884,86.35565969367173,79.62849750380077,88.01297613987884,61.72130639263419
212.33727718118766,332.1449433362837,388.3801781239305,247.69070700794842,214.81356732820996,285.6846174473069,280.8606609301448,210.3464089734149,273.7903910558152,217.55033017666406,363.84402988901184,248.51583361592904,368.61857260003666,493.18951895810716,500.03671083940236,288.8141081170209,453.58560918257143,409.62508835200754,193.40056378292013,304.7942827493946,316.5549560986319,325.43822884111916,380.97662459394365,307.7612241205407,344.36503224997824,187.28594629142154,208.17237028843087,325.2169190608075,402.0180066627882,277.6689993094524,384.7855515397753,496.5618368850885,320.2982961874807,295.74665054759396,228.11131383102241,315.18573631110513,714.5141829230018,519.9867294340559,264.62027969176074,302.2805273096848,403.7334450798218,435.80137501765495,177.56046010980793,344.6594366484505,222.4263467571482,835.6940074889741,508.71192471198407,528.4809755234076,328.04564502405367,496.81192463455034,394.6759271136748,421.0176418146551,249.9526621884144,312.1346668712885,879.6032223121404,873.4473359915551,699.9681410169109,569.964038908446,345.1469447148258,556.9681397459684,193.74074775906874,338.65130708401466,228.34396690813287,845.7382207326409,523.9323457302711,627.2369113298789,328.8576373245005,428.0806458757791,406.42395960435954,443.54705627629454,282.77849201534724,391.2399832694624,902.8757663678373,877.3981324620319,770.8251691440934,549.0421560520791,358.50168918345463,422.10936491697396,108.26828720850875,10.641428606304553,13.267675762535013,170.3981386626455,163.19794758012597,133.99312473896111,186.77872730918145,170.01683187121736,186.2762102043113,597.6080249068359,410.9878022267391,504.84189216517524,410.9879469019088,597.6080249068359,504.84189216517524,93.88035285626417,93.1972425598739,12.898258314280952,21.14524457871472,386.7180549820222,404.1897163553242,317.3764538135336,386.2842558161631,377.52860427589974,335.4281601618008,1072.2288753909277,1332.7474925381068,1678.1305757976704,1332.7474925381068,1072.228841845743,1678.1305757976704,59.22691002016033
Walk
5
0.0
0.7366830680058344
0.8701055028393297
0.6570301929234174
1.0043370986200804
0.7366830680058344
0.0
7.610107008372631
12.838730575170763
51.8974874151308
0.8701055028393297
7.610107008372631
0.0
25.793341953671213
6.525075140845487
0.6570301929234174
12.838730575170763
25.793341953671213
0.0
8.42776350716047
1.0043370986200804
51.8974874151308
6.525075140845487
8.42776350716047
0.0
7145.544926943924
37001.907638488265
1
5419.568436561015
-5.495221916410896E-11
34912
0.6570301929234174
31582.339201927247
7913.208143436472
3.30125109893801E-10
4259
14989.78760850641
5415.074907479312
-3.994929292751181E-11
6743
24222.610867503994
7583.188506590529
-5.495221916410896E-11
9590
15005.798543067114
4814.178369845999
-3.427049247245349E-11
5744
18271.05297810828
7758.026932299887
-5.263150600572381E-11
8576
110
284.02326098937147,278.29117658014053,431.9149576703666,207.99968104267523,174.5580710488863,236.78172156766018,222.31765930460426,172.82843168760732,195.68773109224372,216.56414345626536,360.4451018279025,233.18834490704043,337.0891138497059,439.96411875115405,398.958753430915,219.9515738822059,367.4196126223101,438.1806532755453,259.9597211824057,249.4068391145678,306.4864951233306,332.63797434007085,400.64488944446407,270.8023648810141,295.7342780551242,208.19435704304453,183.33925294993864,302.01544360695254,305.3223818978355,254.31602582013005,380.47647546778677,432.2479152424938,276.0719482337135,133.91955776497315,161.15169399344418,138.33379065368155,951.9293731999737,382.9168047803489,239.68833677119434,166.99362912291423,370.79847755550816,414.77788922608335,168.5250084407312,230.35151079262153,163.47287808014582,1144.994179499846,471.2587621976553,536.6049780401536,229.97235884314867,415.184956272903,378.6377524893413,412.82645014832275,211.5118040551077,296.8575130464988,990.742461166714,1119.5556772826924,827.0458941591488,462.3860010885302,309.8246831191475,437.8365351469189,162.98120623544858,215.11531005289132,169.26423955914535,1158.2868694396907,533.9123900269888,820.8501212443687,274.34193376216814,398.70498572099933,366.7995818116582,409.0965230233717,229.37934947517252,380.2196098493661,1104.9359549598894,1214.3051687348386,1276.112810413371,480.63818715064116,339.7844308523851,411.71658932558813,104.0652583077327,14.035224994039465,32.161488091477956,548.0732822468344,550.6001645354742,494.885167077194,395.46910788501174,526.760101864296,431.8331340283062,2311.559542434063,1293.6290154616338,1415.4536102775603,1293.628999908198,2311.5596913457125,1415.4536102775603,98.06531981436193,108.35789082048325,14.59457558132193,33.31852116936302,575.1431185115233,555.0871729539434,512.1286472722782,437.80797232050804,539.675884137804,460.84617887230326,2287.746685032934,1346.5615499395058,1719.4730460154433,1346.5616802112636,2287.746782205985,1719.4730460154433,68.67754374231002
6.978602875035775,1021.787051199152,190.4674958758588,-6.205534722129438,974.2151988597901,123.93629923695659,179.61596135676194,872.9027053697378,433.47004789719193,802.3040014217331,431.05198887166546,39.26372549744898,433.43945363386246,797.4879789677723,202.3204584027873,75.25454245977798,805.374133600238,-180.20235851040513,-8.990792351828041,915.598337967625,-326.9404578971287,347.00202340314985,642.7417776878327,457.7092979639022,205.16504972015022,997.5537863178395,265.4372478589139,-513.7302845962512,776.4950188207181,92.46972769372097,-426.8216711514059,560.9749699738443,527.0791300179527,-971.8017622960068,-176.4982408107965,62.28090941803902,-54.80809485710716,-16.02269348820206,2.8142637459161937,511.183339704438,69.08548289163176,-10.543564233941721,-933.5965008747885,259.52665266732555,105.02426369766422,-29.150716567106485,14.790597937504423,47.208167279089864,487.1342743575886,-195.25327259880447,-117.56227901481839,-468.622262653772,716.8684933106703,-229.40118771638288,-7.540546301377558,36.84809276989278,21.143116224892047,202.20476040568073,-482.3314359152228,60.176387779688206,-909.2246650191424,-248.11245084481018,291.19729948997235,-78.58581530062573,-4.799794769863396,2.822782820573919,457.13946689297416,185.7847483189448,-138.0419223797583,-577.4456640594448,-665.2015438269469,-116.88288647211532,-80.54884763824707,-14.624556783857324,16.825673879086917,293.90334142215124,334.84616275261664,38.30531206300581,17.59910632447296,-45.80837534372136,12.117266269477543,2.66000229147571,-3.705659945004583,-20.99346929422548,-78.58701879010083,866.7670714940422,-716.6201019706691,-19.442483959670028,131.71118813015582,80.04428276810266,131.7112454170486,19.442483959670028,80.04428276810266,-40.43520852428964,9.33025893675527,-43.608615948670945,-3.2026810265811183,-22.605694317140237,13.102285747021082,106.81519248395966,-6.151667048579285,718.8916131989001,-698.4915215398717,-6.528758020164986,-56.449071952337306,-174.70557401466544,-56.44910059578368,6.528786663611366,-174.70557401466544,18.652726856095324
3.466933867735471,1023.87374749499,150.70090180360722,19.63771712158809,981.9277915632754,46.07320099255583,147.25377155172413,878.9129849137931,455.70797413793105,827.2529048207664,415.3213844252163,1.1364647713226206,431.0784516129032,811.4787096774194,226.39948387096774,77.11957330687174,845.0473827834285,-117.32374100719424,-5.8192588858079155,893.9510965465087,-341.7864885303756,377.2894606630381,654.0249876298861,440.5475012370114,224.04991351618483,1022.9873980726464,239.93254262416605,-529.8637948207171,770.2908366533865,79.41583665338645,-421.8950770760816,557.8973147687717,508.9005469915465,-961.29280948851,-192.81986656782803,27.20039535458364,29.20311341734618,11.019273535952557,15.323202372127502,502.8240672102792,113.77390659747961,-41.901161354089446,-941.9972819372374,246.9686187299234,75.62935507783543,29.275759822090436,-2.8633555720286634,55.59402026192241,517.5394119100569,-136.71312083024463,-90.05139609587349,-488.7365950086484,685.3642204101803,-264.59229058561897,37.8556955769706,41.394613293797875,86.08178897949098,251.21472695824068,-460.5930318754633,122.95552260934025,-890.8191252779837,-262.6456634544107,280.1742031134173,-6.718556955769706,11.786014331603656,-53.9634297010131,436.56362737830494,164.5334815913022,-188.49641709908573,-534.9280948851001,-665.4188287620459,-147.50679515690635,-3.9639238942426487,49.193970842599455,-14.839387200395354,280.31109463800345,322.7758833703978,5.406226834692364,12.890115050481334,-47.05752524066682,9.673397511152853,8.89692416060108,9.871331298426862,-217.73538389293262,-94.71542615637473,1005.1892463019489,-844.0251232683729,-2479.6348908194414,-197.8969241606011,-169.20333411598966,-197.89645456679972,2479.635125616342,-169.20333411598966,-32.340925099788684,6.42779995304062,-45.37309227518197,-3.55153791969946,-17.36839633716835,-0.5400328715660954,-118.56867809344917,24.562808170932144,981.8065273538389,-815.3578304766377,-2772.95163183846,0.4317915003521954,635.7473585348673,0.4315567034515144,2772.9518666353606,635.7473585348673,20.913359943648743
47.54692345356618,1023.3110820956423,171.18753060225234,-45.149277949050784,984.0103845529775,136.62145059224403,207.895079086116,858.5383128295255,445.45413005272405,798.1917629822563,387.8639101416246,58.998372130880675,449.2780455376433,808.6717633372112,191.98005650656472,113.25571961706962,772.3634593542106,-164.69527827356808,1.9412628487518355,943.4875183553597,-263.85821504323707,334.050349196037,593.7022900763359,479.239402306318,238.9289307155606,971.6582833035859,248.08859321758882,-508.51392321634535,784.6510133465151,126.60800790904597,-430.5766980825479,571.3584660383491,546.523236919077,-963.7786792146682,-168.27080967061497,80.61025474606522,-109.5518416355671,-82.68310887554762,-55.82670777218887,531.7514197631024,39.587700795067335,2.3759532695116015,-891.3173779003732,312.94872626967384,111.64789875060848,-45.000811293201366,51.58834982962843,15.63735193899075,463.46276164205744,-270.8061009248743,-134.6566607171832,-387.95116014927794,746.2688625669317,-187.08372545838066,-34.341392179133535,42.013467467142625,1.8487749472659418,143.1575531397047,-508.50348856076585,15.657472010384552,-910.210124939153,-223.67564497809508,295.0722050949213,-142.10076261560928,-56.71312672399805,102.987506084699,490.94742820055166,182.16112282979068,-109.83676780788576,-600.8624046730488,-660.8129157877657,-103.16745091676131,-153.30748012331657,-114.2036345935421,122.28151874087295,342.50770728541295,349.75515171182866,63.84601655038131,18.893815808987096,-47.750111226457065,14.180483464333383,5.148598546640961,9.063473231499332,3.187453655642889,-70.96959810173513,784.0680705917248,-692.6170843838054,800.3216669138366,181.03440605071927,360.0786000296604,181.03440605071927,-800.3218152157793,360.0786000296604,-51.523505857926736,16.500222452914134,-40.672252706510456,4.4607741361411835,-23.252409906569778,14.358890701468189,98.33234465371497,-12.515794156903455,525.3722378763161,-750.5702209698946,-24.509565475307728,16.866231647634585,8.942607148153641,16.866231647634585,24.509565475307728,8.942607148153641,10.413465816402194
-14.520788453252909,1056.3956268849633,171.54933218440328,-5.063463184931507,951.8291952054794,158.33818493150685,198.34357250492639,884.7657354816274,394.17329314941463,786.4622307939569,442.88096003428694,52.57891353262617,406.85765164162495,812.7964385086254,225.1432387312187,41.5177654109589,760.1228595890411,-202.88816352739727,-7.148208117443868,907.3684153713299,-358.8056994818653,340.97435622317596,644.3758583690988,458.2675965665236,190.48312439729992,987.8727097396336,284.83863709418193,-482.9690476190476,790.7419913419914,71.9482683982684,-423.75303861460685,579.3464558459718,515.5801871571475,-972.235608816606,-186.33832655681576,73.18200299593408,9.060988658249519,24.530280333832657,27.38808046222983,498.92135673015196,90.4039161138455,-51.32976674513161,-950.5977958484914,238.39268136101006,101.53402525144446,45.91568585491119,-13.428311577145303,39.92563663599401,509.65215065268563,-139.4154718596191,-112.95891290391612,-500.2165632356088,703.8769527070405,-246.0115557457736,50.38155360582067,-17.806120265354163,5.555638775946929,260.944254226407,-459.4623368285898,89.82965974748555,-915.1339610528569,-242.7307939225337,298.9863043013054,64.43494543120052,62.81981596404879,-141.69698266638133,448.9240316713032,155.3115771453028,-165.6801840359512,-592.936015407661,-666.2796918467793,-116.9693986732292,11.961373849775304,146.86197303659318,-180.97720950139097,296.14744275625935,303.03316927027606,16.365717954205007,12.131908237747654,-43.63023983315954,3.9160583941605838,4.956621480709072,-6.432325338894682,-27.2711157455683,-65.00041710114702,705.4864442127216,-751.8900938477581,-305.0429614181439,-58.20312825860271,-54.676225234619395,-58.20312825860271,305.0429614181439,-54.676225234619395,-35.27142857142857,3.6218978102189783,-46.214389989572474,-14.637226277372262,-16.675078206465066,11.635974973931178,218.91616266944735,-7.991657977059437,962.8545359749739,-562.0530761209593,1263.2638164754953,-245.91063607924923,-825.0539103232534,-245.91063607924923,-1263.263920750782,-825.0539103232534,20.494890510948906
-31.95676429567643,1037.566447499502,159.2042239489938,69.57813428401664,982.2438106555753,115.52525252525253,151.33597600171416,895.1107778015856,415.81615598885793,813.3945320295351,402.76990620634604,91.76571542606266,437.6786658531625,756.9320724018711,165.55155582672361,26.364626658744307,891.7452960982373,-170.33353139235493,-31.28890217174736,906.5343693962941,-339.1018131101813,322.7753321435653,600.7802895102121,508.58457267499506,243.4228560110913,974.1923153099624,306.3269954446425,-527.9975850271685,784.5729523042866,66.43328637552827,-440.9633300297324,547.4445986124877,535.8828543111993,-973.695385224797,-149.90711031887503,56.01782531194296,-24.507229154287977,-36.38918597742127,40.390968508615565,533.4400871459695,-18.776391364626658,112.19924737571796,-912.1043771043771,281.753614577144,136.3921568627451,-9.374727668845315,-35.38958209546445,-2.210734798970093,418.85918003565064,-337.8819568231333,-153.07585660526837,-401.9514755397108,740.8146167557933,-186.4999009704892,5.7035056446821155,-31.069320657555952,-57.17132105367399,44.68785898197663,-540.3826500297089,-37.00198059021589,-898.319073083779,-258.77698554169143,286.1319073083779,-65.21271538918597,0.3343236284412755,17.502673796791445,476.89799960388194,277.810853634383,-31.618340265399087,-566.2370766488414,-674.8964151317092,-91.58922558922559,-53.43355119825708,-6.591800356506239,1.4886116062586652,259.35056446821153,388.4202812438107,114.65042582689641,41.60741643454039,-41.753133704735376,4.782903899721449,3.6028899721448466,1.7254526462395543,-23.604282729805014,-75.608286908078,694.3373955431755,-751.4176532033426,-21.10114902506964,-23.375522284122564,-23.612291086350975,-23.375522284122564,21.10114902506964,-23.612291086350975,-53.932277158774376,10.108635097493035,-44.32068245125348,-4.362813370473537,-35.0433495821727,22.029596100278553,114.18784818941504,-3.421309192200557,619.0369080779944,-689.299442896936,554.9270543175487,-80.5292479108635,-405.4228760445682,-80.5292479108635,-554.9270543175487,-405.4228760445682,15.384575208913649
26.944545564858633,970.2832180560612,267.46984589248876,-40.4549062049062,982.3388648388649,119.79473304473305,171.45212279555847,853.0719790986284,468.7708687132593,803.433900760594,478.53639985512496,-7.37232886635277,449.0440861569467,791.7914094974178,197.59831212999117,114.92038484666266,804.3790739627179,-204.86349969933855,-6.287020109689214,919.6943327239488,-325.3886654478976,365.11097708082025,701.9738238841978,414.60446320868516,160.032859894078,1031.7563793933557,242.66165142031775,-534.6619769557308,751.8214675560946,112.4972710733778,-420.2755791505792,542.8578667953668,527.7807673745174,-981.575517075517,-181.66810966810968,57.29569504569505,-145.20214045214044,-8.746392496392497,-9.937950937950937,497.96753246753246,105.09415584415585,-41.73051948051948,-958.0505050505051,232.5050505050505,97.30784030784031,-142.89153439153438,59.79004329004329,109.10978835978835,511.1952861952862,-131.8315295815296,-99.14550264550265,-531.3864838864839,707.8867243867244,-255.3572631072631,-82.65379990379991,137.13468013468014,73.94745069745069,264.10858585858585,-459.24074074074076,95.93109668109668,-918.2866762866763,-258.98388648388647,288.3075998075998,-233.22498797498798,-51.27248677248677,104.04304954304955,436.728835978836,171.62698412698413,-175.53583453583454,-570.3342953342953,-660.8452380952381,-129.3027898027898,-182.98436748436748,-153.9829244829245,181.0978835978836,283.07082732082733,328.80988455988455,7.961399711399712,8.953125,-48.81308302238806,25.791977611940297,-5.59375,-21.076725746268657,66.46816697761194,-93.75478078358209,1158.8865438432836,-609.4743470149253,878.2634095149253,572.8621735074627,203.72049906716418,572.8621735074627,-878.2634095149253,203.72049906716418,-32.47096548507463,10.996152052238806,-41.65030317164179,4.508628731343284,-22.99953358208955,14.549673507462687,95.12126865671642,-16.17234141791045,534.5524720149253,-758.2330923507462,-414.5130597014925,85.64890391791045,160.18505130597015,85.64890391791045,414.51317630597015,160.18505130597015,24.137243470149254
288.4237924442529,273.30473453180207,446.84175635053384,187.02258493030405,166.79882820609672,261.2470586731131,198.25926844115907,187.03602462262802,186.2630096653509,203.16766589318,326.4283715469643,193.12690427580216,331.9223137142674,465.007134632413,386.54400370988833,200.570686020505,349.18588690036444,451.0744615421932,241.77336372544383,280.89802344368024,333.38751708727494,334.552009559024,369.5052205476128,244.09710370173585,259.2274025783558,191.5263884646831,166.37381201619115,281.0814387626448,321.1652563224883,267.7351163765557,368.0268464286909,443.23219990971626,291.42554043051763,146.50647194742126,153.1992164522514,115.070201959428,985.8361956765805,370.69751773265864,229.51008733960268,158.481426403981,368.94294038327877,416.8807386865282,162.54950572576618,197.79732621469213,152.3595664117182,1207.3272612395078,449.7399823938562,530.9119193739106,196.7422701807558,406.38166885860085,393.5956474479467,373.54012596632776,221.44222989573396,290.8706845589717,1027.343104857344,1178.7744985948168,889.693902263651,428.6662339041164,312.29905876683057,425.96851407841916,176.68008265351145,200.68841474411172,160.61100600927443,1132.4158616630261,523.5951211450537,842.8373062528533,263.5158297473269,413.20787229607026,352.05795711091827,401.7889684947264,236.64297673765972,388.34006466473363,1078.2432386267546,1170.6734187084842,1313.471596043805,426.19532389585146,359.4048981334666,419.3752067709156,102.68730960646548,17.754278298865966,32.359305230881695,637.4840684053011,673.1024737940733,609.9647285881131,590.6750572633111,670.5235592158384,426.88552049382383,2515.5280193011104,1216.889088022436,1123.8401105829762,1216.8890796838261,2515.528098178493,1123.8401105829762,99.55236233080907,109.16736254794897,20.07135086383073,43.650124373017036,854.7770385175488,815.0351060114486,791.5780379707771,751.8249373916686,791.8028866547712,668.9497778079448,2753.144942465205,1786.6556866749418,1693.3552130147677,1786.6564991449177,2753.1450146784696,1693.3552130147677,65.41982251203136
218.16114245580295,125.53149107939441,267.9662664140813,154.3683145727315,81.91600353462132,192.37884052168013,199.90968709805747,114.72698579884108,140.6872258060404,177.94023932110673,386.709166587468,266.9879118924035,298.4599221079609,351.4342693406358,357.65802646858594,246.05563403076212,374.90930805331965,435.38450956281224,198.88071873126748,139.32619539447575,217.74126867234094,313.09711773164423,439.62449777192063,299.67428742665254,300.4413428042589,235.1998571259218,193.9218430501343,278.77246342986984,233.4803771071808,231.78198237096723,354.85496411177746,357.1396518161846,246.2319359651523,104.16452678239489,178.65290174513572,135.37188001711098,903.8900242547165,344.05680828524766,233.520195586633,175.822356377459,363.34203736445176,399.054972162451,184.5599779494432,262.54114708110484,170.460996432668,972.5602251752741,476.3650064644631,534.0349230219621,267.2669676012278,411.1160665833366,354.3928929033729,442.03125826633436,203.75225898223704,283.2363604784116,860.1410308445734,903.2126324278147,725.722077719355,498.28731566008,308.7012466780521,433.35810666024116,127.67322456206406,190.33348678535614,169.64036595084661,1010.7982609697593,463.42276908128,675.2392012532413,281.86196269118807,372.69926891680996,367.96969816107696,348.43330143660233,206.84527098730663,354.7274209851036,928.6580678234872,1109.781604306228,1048.1953563732873,528.5769208390926,299.76245099133394,396.42052895746986,100.7882990135952,12.658628235124937,20.365385823123923,380.27060559205,392.0660407476568,287.27837834662586,340.1904894092234,306.100839241865,257.3445821328122,1843.526221563254,1451.11776678084,1974.646142043243,1451.11776678084,1843.5260923642156,1974.646142043243,93.05441898354161,104.75299856068894,7.459508797783587,9.304622369701434,120.29414803953249,125.86817670219028,26.258120795056556,63.3449401287686,26.103522776710946,23.306492629532332,92.87650861131876,130.57011045348997,126.92750542295101,130.57011045348997,92.87650861131876,126.92750542295101,67.72455562193998
302.8236837704636,334.7417236167938,441.20677430075636,254.76728186366867,227.80530814182202,258.15497838464694,244.81456229330388,196.0221776442154,224.2954887114053,252.72151163871806,375.5482491442885,235.83301736601604,351.2428925416817,476.71835744940176,395.886087904265,228.76008198505394,426.25680228707995,462.8142299740072,281.27958177060526,279.84336190181733,338.28238222533724,338.35516155753805,399.2523808426895,277.8598526521362,332.66238788820647,215.24001365514084,184.37256205932525,324.06769859191314,340.0037849103553,252.36237302796275,390.4563180340022,469.6384672455061,284.4326263642332,158.85543976388553,157.0052062849534,163.16879541114278,973.8110530074575,455.08787008113967,243.52673656359028,161.58515975183934,376.29337111724567,420.71107118896,170.68129779276342,236.55830046621804,162.13723839668407,1206.691596316433,480.8415574463622,558.1677540493624,216.82392057896905,419.2789494161581,382.33363839159153,408.67922638383493,222.62440651750802,309.9275040366235,1058.641386175851,1209.1106520638139,863.8933852120554,448.43394293077324,315.3469441060792,429.3395857783823,178.57879706425447,235.38372088922918,168.92913855223773,1259.4926198213143,572.7685679964991,906.2881765456757,260.88574361440277,405.15018883738105,376.55784993373646,444.3459417725555,240.7168105186953,380.75736714108626,1246.5700530107556,1316.4246533489538,1400.7391377643473,444.4550811828867,351.0646596588334,429.4719843449502,103.96917593142977,6.3714481880145994,8.07532730909106,109.42686702868079,109.54813168946757,44.19393015112689,90.65873456379988,57.75313430120493,49.45947498883493,421.0198668252352,177.76092814785915,204.23724180872748,177.76092814785915,421.0198668252352,204.23724180872748,98.64752972375688,107.65654117807867,19.278224339729086,50.485837461118564,877.6914425838914,845.0819424379073,773.4542774481403,614.9618599550361,756.6633150972651,708.7439523458994,2929.265685296792,2042.6870575038265,2501.0303770718215,2042.6870575038265,2929.2657762669505,2501.0303770718215,69.18030662146387
205.05693131732426,147.01543517774576,274.1119796279224,158.4151021123405,79.53636061750633,196.62013936951124,182.55697382036047,118.25569995467254,156.32935619589736,159.67604242648787,339.4431272938622,207.08094445137218,319.0274092525012,357.307272873372,438.52586669070547,186.2829841469967,150.93020766346683,384.7492176032879,203.69497466710737,182.42657188411454,254.99513940205395,316.6961407211388,393.51264278532096,244.131151586359,253.0404817036739,167.62080953388335,164.32865580224757,265.6018679312987,236.29116712477747,245.67044146184594,378.5641300994445,349.3464646624998,256.15376116508656,85.87401570551245,159.44793415832416,106.35958168975226,859.5336412410778,290.8498464353468,216.26055310223177,184.7673463880349,329.1465132854571,393.19668139612156,138.53424745013092,219.98718154223215,166.05518000633333,979.7150408232908,487.53214504366304,497.3538970652042,253.4287648285272,386.9273196897824,344.10124554324653,425.45787889967494,173.9109721791907,297.36968348320755,780.7725400780478,1019.8134771015752,715.245194291489,470.41090125481276,285.47874431358605,427.88752974371795,133.08408100717432,186.9364319046474,167.12268697555106,912.4730301838681,403.6385894188143,569.279927921207,297.5777324135771,375.83332511326546,334.0308400850292,338.01838900174977,199.75811880161967,375.0258776210968,853.8135650098649,886.9790245301883,805.9628325668826,563.7545891845515,314.58577718179095,354.7890441490188,107.1764569170909,4.798062896196936,6.906331853428171,61.697736505385215,59.74402422777218,14.626617191349313,46.92449439678309,21.87710489338003,17.26800680009796,75.51366870976923,83.80714762958421,88.43540833495705,83.80714762958421,75.51366870976923,88.43540833495705,98.55344180083898,111.50514122468381,12.013177677506231,19.742861609365104,347.7391004962226,346.4649911165877,253.41720963034078,291.0662776690673,292.06487946052926,253.02751574871263,1539.0874649275636,1202.3838982083846,1950.6697957992383,1202.3838982083846,1539.0874649275636,1950.6697957992383,76.04560188903838
334.8060012209438,339.9029571263467,562.4359891040098,205.68618920414596,197.97277918016403,241.95860869873678,239.3896248817935,197.0875156076686,212.5846074526717,232.64082822630274,344.68723574049704,225.21689557592865,359.2288222826919,486.7012918255065,410.0249981651797,204.50723037646648,380.17664556481736,432.161016129891,308.990808488427,290.9934126154349,332.6066439701735,346.6074129984183,382.40290288213004,260.6219257030758,281.55203571946345,203.03908307583757,186.14414495005352,319.9267339649878,336.79415402206075,266.17719160365635,394.2058345122041,476.43656577002713,290.09602831112187,139.57841840980248,154.47358594005343,133.8617976280282,987.919095457924,368.78381455962995,249.08161560145192,155.61611540542478,383.75316456546346,416.1656261559392,165.49910256867787,209.68436801479248,159.8880764310586,1240.8298146818886,450.4653844498629,533.8957644368526,202.36215009275975,403.3005675695454,401.5797068666986,389.4525102086928,216.0790860135057,287.41934423996645,1087.9402110691033,1179.4097383806704,879.8542733187835,431.5216301086075,311.16356110624065,449.23168478722056,175.90901907016126,229.15655902393627,174.24411348320166,1260.8300428205355,599.1520860301031,906.2984424003639,270.70079861765237,408.0472952709807,366.00511356194835,448.4699996078698,244.77208361860474,395.3070158116131,1188.4688288136415,1332.2597655605616,1454.0524382303417,448.9150396702897,354.83257719457424,423.5061875262716,102.85651199140433,20.726094795955877,54.3658043870795,944.146564981402,933.8368361557884,847.200654483568,601.0031496794866,824.2922992420565,769.0996152107722,3362.418063544087,2018.716409920883,2068.0201988805597,2018.716409920883,3362.4183929613127,2068.0201988805597,98.44531700237177,109.0194755506167,9.541648824954043,11.887143563366239,173.0995823869109,181.5776989039458,67.89107369124523,127.6041004301015,74.28030308988097,63.7014547786796,611.1522887649694,287.78594163726325,289.2060686175145,287.78594163726325,611.1522725430447,289.2060686175145,64.41514902896664
Sit
5
0.0
85.0033447751267
29.216187009941002
3.5587327244798668
29.363543710967505
85.0033447751267
0.0
155.57460121072222
6.943182615150341
185.79877133508123
29.216187009941002
155.57460121072222
0.0
2.565737003720536
47.91186112566866
3.5587327244798668
6.943182615150341
2.565737003720536
0.0
2.6921499379146363
29.363543710967505
185.79877133508123
47.91186112566866
2.6921499379146363
0.0
2383.3614167705205
22749.331239241164
2
2921.8809963019385
-3.7466616147818857E-10
40345
2.565737003720536
2537.017616348459
1241.3185694814783
-2.568207709653342E-10
10677
8054.57868985798
1987.922903876516
-3.7466616147818857E-10
14294
5045.634900865846
1779.3772913763355
-1.4464461222490046E-10
5558
19827.450242939227
3793.8268888254006
9.010205771973442E-9
4974
9805.338801964765
2803.0378686882664
-1.3030618001613982E-10
4842
110
177.59043389420907,209.62704354296542,144.67586489464514,150.44353406267967,107.9111687702473,211.73596894622193,236.19312262538756,171.11878125778787,244.0620491036161,217.66564323037832,407.16422867749384,229.188210246547,288.7716544715186,460.33764942552165,431.5720440048999,194.21797593025772,153.6542716376513,218.89052981083842,235.29653349491113,119.45769696890902,336.5812353249849,319.41967246091804,414.76533720913795,226.93156426289826,312.02259944712375,199.41369186025457,262.46147650611346,192.34192960369407,316.5198113181552,242.13071631341668,316.74888703140203,346.8084440276244,263.2261389962612,60.529414853017855,166.77974277428785,132.43038996482608,172.34675461092593,141.21772804662427,113.97078844971875,108.48844081113457,176.14140530356624,147.27910768133967,154.52297499766343,214.25279196951917,251.8432747019096,475.83524224342705,339.64076230683537,339.0201634420871,287.61055287102863,148.54069686242957,234.90787364942642,382.081141816478,242.07055463786193,285.14906301228706,572.508565043381,504.4813085177114,483.0548938897907,224.40170936924807,282.4148734789433,265.62997778523925,171.18855690924917,302.25903653425166,196.1238530484405,348.74030859056955,296.1947301289739,336.88968273894733,451.2235212668384,204.52415518430993,226.8445716850993,326.3944197406595,210.96317927528895,290.5452960438185,515.3194906509051,394.2190829213387,381.95911765052836,299.30626274216246,378.74397810215663,258.05164487908934,125.2746968445297,20.181435486073827,21.077556275711196,75.69199352645172,71.85180989328767,91.74610728507521,273.13528366464124,288.95310924803005,168.01527838056208,304.70371445177597,256.6719754661042,212.80683721320983,256.6719754661042,304.70371445177597,212.80683721320983,37.758120179609584,38.89319655517371,22.11379304079261,7.339771884438745,74.29853730447903,57.67638383103404,93.4855647624423,117.55630010160091,291.69567613854025,211.25322973606188,229.40662117859083,185.52760791615742,192.88611447261536,185.52760791615742,229.40662117859083,192.88611447261536,22.622665554850467
56.86292920495114,372.58507746490136,919.1413670628478,9.826301517689473,959.9345680992303,218.31445258250545,68.17721325988288,658.8645903108388,666.953807057842,775.4193269765801,-182.20355958506093,305.2503451360533,731.615796524765,-9.989937803213133,-263.20918952547504,-3.0118344930573144,874.6191766947344,-397.2224709966397,1.4499404099315376,615.3778572079502,-634.3773901717157,291.1017625924976,-122.45292026518231,773.4567847673345,603.0481300713056,643.6090276028015,407.18906046866203,-893.5058327230233,81.66427937939905,193.6460982375633,-333.3797654032409,-391.8017532151346,689.1275683436314,-957.3056075217264,-118.8979872038202,159.66217216184015,-12.194024897570765,-9.7975230695007,-1.8684706568243972,457.5222430743072,126.06523382301563,612.972538453436,-676.4727000531587,595.6198235302627,257.6819447665792,6.952190136861129,-15.947630802189822,-3.612627657120457,-48.93941641615323,-730.7483194130303,209.9712630960713,364.79939547034775,780.0377048375509,24.48544310598621,1.8135921386343554,10.995645039831963,20.413480718633526,-504.24029323020073,-4.785131029820494,-350.93791760565574,-684.2125769012789,-501.4283562049071,364.64393985445713,-35.21919961750204,0.20508352434996632,18.602379557018658,-353.10558860049406,634.2587581075587,23.93541447612136,354.92036094141963,-817.94114255422,17.57496546943632,-63.024231726575444,28.657595115406053,38.12688930843621,-377.8425476504159,-93.98792168662823,-462.7897487389572,91.26208947825009,-52.27235097285909,-1.334242161358285,1.0617920436237451,0.3895650018589664,-17.308315776428305,28.83579130003718,773.6863551865163,-518.2397075226174,1.0787706035444293,0.9749163465113397,1.9855496344032717,0.9749163465113397,-1.0787706035444293,1.9855496344032717,-103.19995042756227,-76.97127277233858,-45.19742223323832,-5.33622505886727,-0.17184285537241295,-0.6225306729458421,93.715751642087,66.50169785599206,592.7354566860826,-582.8656586937662,2.5613334985747924,3.0376998388895773,-1.8734167802701698,3.0376998388895773,-2.5613334985747924,-1.8734167802701698,-8.2398562399306
110.26909984871406,425.8960854765507,940.5037821482603,36.25930090900572,997.4889888482804,134.59057257988943,-80.66126893939393,668.491571969697,736.7674242424242,732.4709024995229,-557.4025949246327,219.25949246327036,790.3726822638579,-371.1267838073973,-14.95951849335016,65.46117823358621,846.8925728200805,-513.2897817739065,99.0206166244963,588.1193889982195,-770.2596757567238,360.3250585480094,-510.02182669789227,696.2498360655737,833.5350753957104,556.8541725203709,180.07586400674347,-952.7422496956074,-117.10555399456776,107.34513440104898,-417.85829428303657,-609.5453608247423,555.6994376757264,-950.5510911304674,-196.8704692329306,226.8795541818863,-11.53245293621804,-4.9251662451999625,-2.833286503699541,464.3632106396928,180.55633604945209,605.1689613187225,-715.1904092909994,662.6164652992413,18.307483375480004,6.599793949611314,-9.515219630982486,0.9675938934157535,-222.43785707595765,-728.3175985763792,338.51550060878526,708.1545377915145,618.9923199400581,-39.7893603072024,3.516718179263838,20.705160625643906,21.825981080827948,-427.80237894539664,193.16249882925916,-419.21017139645966,-679.0005619556055,-647.0735225250538,264.58995972651496,-34.46258312259998,6.011145452842559,17.279010958134307,-613.2996159970029,594.1083637725953,-57.34120071181044,547.8861103306173,-753.1803877493678,-67.52898754331741,-65.62536292966189,22.145921138896693,38.78833005525897,-267.98145546501826,-120.71106115950174,-571.8567013205957,164.641565982954,-59.530111454528424,0.5716961693359558,1.1357122787299803,0.7219256345415379,-18.895382598108082,-8.384002997096562,871.2968062189753,-504.35646717242673,2.3079516718179263,3.0433642408916364,1.763697667884237,3.0433642408916364,-2.3079516718179263,1.763697667884237,-106.29586962629952,-83.70272548468671,-53.932658986606725,-5.52233773531891,-0.45443476632012736,0.3353001779526084,114.80434579001592,40.75611126720989,698.4204364521869,-502.2403296806219,1.303081389903531,2.2200992788236396,0.684836564578065,2.2200992788236396,-1.303081389903531,0.684836564578065,-8.238643813805377
132.58941695247427,379.0379365857073,955.5310422062014,14.666013712047013,988.10906674129,177.89841891702812,61.48235106213065,607.5470372145024,771.8437949209391,875.9534769833497,-145.3011753183154,315.5228067720722,682.4979600601246,34.762794359745186,-395.9202634027629,-11.599482300265846,908.7854344480202,-384.6941374003078,85.26591576885407,665.1800055967539,-703.9348677766895,346.799426332727,-65.32713026444662,844.6449559255632,604.2234503987687,688.3630894081433,458.9682384217154,-905.8852665454036,26.21211697215615,298.7120470127326,-220.6457530985225,-433.99439815139,742.9984594916323,-981.1569189869875,-132.64446620959842,82.10402966279558,-14.475024485798237,-6.161746187211417,-0.3256611165523996,414.36707709528474,137.52826360710787,665.2018329368966,-680.0105638729536,608.9555058066321,306.02007835455436,1.3928221631453757,-6.2584301105358895,-4.68735133622499,-42.548272002238704,-760.7540926262768,216.024485798237,326.1998041136141,875.2487757100881,-8.881418777109277,5.691408982789982,4.602210717783685,10.367706730096543,-577.903246117252,7.316426472645865,-374.78193647684344,-628.7247096683923,-585.092696236183,425.4703372044214,-38.566251574087026,4.338183853365048,15.813138379739751,-457.2177137260389,651.6778368546243,60.74038057926403,402.24618721141735,-822.9221351616063,124.69007975374284,-64.46648943612705,24.592276479641807,35.75171400587659,-400.848258010354,-266.2447180635232,-497.5721981250874,149.5425353295089,-53.12445781446761,8.128935217573806,0.5019588638589618,0.10885686301944872,-19.872044214355675,-79.30173499370365,815.6441164124808,-593.5222470966839,-0.05211977053309081,1.3535749265426054,0.7159647404505387,1.3535749265426054,0.05211977053309081,0.7159647404505387,-115.60731775570169,-78.20700993423814,-42.241639848887644,-3.5396669931439764,0.089128305582762,0.14817405904575345,93.42535329508885,51.63327270183294,603.616132643067,-664.2689939834896,0.395480621239681,-0.34084231145935356,-0.25206380299426334,-0.34084231145935356,-0.395480621239681,-0.25206380299426334,-5.574926542605289
66.4465635120547,457.5444404462037,931.5313062252609,62.52572666546308,996.3686586026358,137.01408196425348,93.07250809643757,661.2851745232098,726.8981648074847,900.3652392947104,-157.96275638718964,272.79489024829076,804.9570496556723,22.931678144255166,-384.78035520115986,94.74595178121626,962.7695214105794,-261.6507736595898,36.737855343648796,547.6394386469954,-813.3585822238215,316.5289672544081,-87.89636559913637,868.4080604534005,633.8562432529687,643.4098596617488,508.8828715365239,-947.3263763943864,110.77024109391867,230.73929471032744,-328.79381072328175,-419.31720043181,788.245232097877,-980.3575026988125,-170.77833753148616,83.86847786973732,-8.615689096797409,-6.809823677581864,-5.20996761424973,374.20780856423175,183.4928031666067,664.6842389348686,-644.6860381432169,615.3270960777259,385.678481468154,10.78067650233897,-10.882871536523929,-6.360741273839511,17.40572148254768,-731.9071608492263,244.3821518531846,337.1216264843469,882.2033105433609,29.928931270241094,1.2545879812882332,6.430370636919755,25.815401223461677,-583.0631522130262,19.5726880172724,-355.79093198992445,-682.9066210867219,-516.2488305145736,448.34904641957536,-34.88359121986326,3.7213026268441887,20.05937387549478,-425.53166606693054,713.3303346527528,74.4532205829435,366.0824037423534,-898.7340770061173,68.64807484706729,-68.91705649514213,20.121266642677224,37.23209787693415,-351.2984886649874,-239.45124145376033,-556.7022310183519,-161.8452680820439,-69.02518891687657,-8.58006477150054,0.163727959697733,0.031486146095717885,-14.282475710687297,49.63116228859302,947.4965815041381,-334.8884490824037,0.759625764663548,0.6702051097517092,0.02482907520690896,0.6702051097517092,-0.759625764663548,0.02482907520690896,-102.7020510975171,-83.18855703490465,-64.23857502698813,-3.5735876214465634,0.2689816480748471,-0.04390068369917236,128.906441165887,52.245052177042105,785.2684418855704,-355.69197553076646,0.70726880172724,0.08492263404102195,-1.0131342209427852,0.08492263404102195,-0.70726880172724,-1.0131342209427852,-10.926412378553437
-297.91738309918225,103.58104424407632,768.3340322918851,-66.95459345300951,744.2595564941922,596.2418162618796,319.88462757527736,761.886529318542,132.05768621236132,444.66470092670596,491.7617944397641,507.6177337826453,618.8248940441669,488.3685032344412,-243.945572161499,-303.9224156007549,713.5632208010065,-363.1922834975886,-481.43324016340574,558.2281229843045,109.75618146635132,-63.87033151489719,481.2744439781788,654.3730591691145,76.26504508282659,697.7951352484797,656.628643321451,-697.1841056825331,503.1702663032082,-9.443698888655902,-459.05648757698026,92.0874920365258,650.9316203015502,-869.053680016775,169.06710002096875,310.34116166911303,-17.416439505137344,-43.065632208010065,8.44705388970434,660.501362969176,-47.54204235688824,420.45145732858043,-645.4684420213881,346.1402809813378,515.7466974208429,0.1260222268819459,-49.78716712098973,5.857202767875865,283.97567624239883,-698.9897253092892,-154.34200041937513,-271.24617320192914,739.8538477668275,288.2199622562382,-1.6080939400293564,17.359404487313903,34.50765359614175,-345.7768924302789,-541.4590060809394,-178.1838959949675,-841.2231075697212,83.14195848186202,272.5453973579367,-26.808345565107988,2.4816523380163558,42.81568462990145,558.7154539735793,557.3921157475362,-77.22310756972112,-141.5418326693227,-792.8360243237576,-165.68861396519188,-79.2811910253722,43.0819878381212,70.0398406374502,-493.4873139022856,700.3703082407213,-95.31306353533236,34.34077201447527,-13.063530357860877,-33.05166867712103,4.572778447929232,0.5723763570566948,-8.607157217531162,510.6497788500201,209.97647768395657,-519.1869722557298,-0.8827905106554081,-3.332529151588259,8.006835544833132,-3.332529151588259,0.8827905106554081,8.006835544833132,-78.15782066747084,-63.276236429433055,-7.425211097708082,-11.347205468435867,-0.6751105749899478,-6.357458785685565,-0.9947728186570165,179.75432247687976,50.83876156011259,-814.2581423401689,18.73039806996381,20.129272215520707,-14.869320466425412,20.129272215520707,-18.73039806996381,-14.869320466425412,-0.22155207076799358
68.99827288428325,414.7955526770294,905.3065630397236,-44.366018596787825,973.6834319526628,227.33622147083685,128.99590536851684,680.5211555959963,684.0345768880801,769.6880831212892,-183.9624681933842,293.9124257845632,778.7315233785822,104.49773755656109,-299.085757379875,68.25147306397307,899.1580387205387,-368.8463804713805,-5.591974656810982,664.9275607180571,-688.3784582893347,309.4964871194379,-96.32488822652758,746.8888652331275,597.116372053872,647.3579545454545,382.1641414141414,-866.2342171717172,217.26052188552188,239.8310185185185,-356.05953389830506,-252.59978813559323,749.7786016949152,-965.9859006734007,-142.64499158249157,172.6155303030303,-5.6618265993265995,-0.5290404040404041,-11.056607744107744,456.9568602693603,84.48863636363636,614.4057239057239,-648.9894781144781,642.1780303030303,230.79987373737373,26.758627946127945,-29.786616161616163,-17.113215488215488,-103.37521043771044,-678.8228114478114,243.3968855218855,406.7786195286195,778.0906986531986,-12.454335016835017,-9.232954545454545,7.162457912457913,26.2756734006734,-527.6374158249158,46.3442760942761,-301.89541245791247,-699.7186447811448,-516.7792508417508,404.2327441077441,-36.03219696969697,-31.17382154882155,3.208754208754209,-325.5515572390572,659.5690235690236,140.43371212121212,286.88930976430976,-879.0890151515151,18.65719696969697,-29.566498316498315,49.998526936026934,11.924242424242424,-463.8520622895623,-175.58459595959596,-389.3026094276094,106.41367203634861,-54.800495662949196,7.426270136307311,-0.024370095002065262,0.7085914911193721,-18.65200330441966,-88.67967781908303,814.1499380421313,-536.1036761668732,4.088186699710863,0.07063197026022305,2.2878975629904996,0.07063197026022305,-4.088186699710863,2.2878975629904996,-86.0419248244527,-65.4116067740603,-51.606361007847994,-6.07786038826931,-0.30813713341594384,0.21726559273027674,104.96902106567534,67.19041718298224,663.2370921106981,-543.4072697232549,-2.7519619991738953,0.6462205700123915,0.0617513424204874,0.6462205700123915,2.7519619991738953,0.0617513424204874,-21.26270136307311
50.634654072886725,54.06326282709864,21.77866275001078,150.33989466620628,17.841193806929795,79.71405563954427,190.01917582813394,85.60603231777938,71.10526817490776,133.7012704965734,178.32260041470923,166.39103792057497,198.03792817881668,341.43402018237407,256.84076554652574,116.159066514225,97.50480470673126,157.4642535321155,77.14113908115931,65.89058117638346,64.70116833942957,212.770777133315,246.61701867200438,135.15299441279808,97.29827202315025,186.85727206182796,152.51526913778778,61.36381250478105,273.959134105884,102.46118583552709,205.9859200154949,232.92226165452334,211.97073295537697,19.432992392087378,58.89918409558189,69.18634130127296,47.44167408080694,38.430111552587945,29.57451367830771,46.08013800438428,48.485221725051964,30.340266505368646,131.10513482925788,103.64884571024602,146.49119958557517,120.67320644533288,67.49330953396839,78.83813277244238,113.78839896681657,85.87346378170885,90.69942241884532,206.1878281495248,191.47940228559136,195.77900312822013,183.18478547628615,131.03859693189446,154.2071597996109,106.91359487180657,163.16322622211015,142.00277781578248,83.71160953123429,145.50255260386052,153.81946485181535,63.56241220716548,45.86690438764316,55.70899996973491,147.19349230989738,154.34454701372923,93.42031364974794,262.9856989428518,208.5714013604327,157.34848679947638,155.23936769542854,70.27052490594411,77.019730789363,103.67904039764507,142.8175379958828,52.01219770855666,7.995697565766391,7.896883495191076,3.9505699891614556,3.97045987292204,3.722499980926115,4.53220173871599,55.489577893061,75.82529837124564,125.80718522280455,21.11222545331305,17.24012448664867,18.67317358883093,17.24012448664867,21.11222545331305,18.67317358883093,6.2684747393104505,13.020887227292697,12.855752815837414,4.429688009422462,3.312599030576283,3.6396769822755237,19.467427422663288,26.844055352513525,102.43261575310424,176.49588819420254,26.437653722310344,21.06317720864487,21.084031580695093,21.06317720864487,26.437653722310344,21.084031580695093,2.951714826353173
64.45166767462037,40.83825688519803,20.227711081307586,126.93484390275988,29.732809271467787,144.67052691894654,165.6479848948825,185.0481661611999,148.00504129944082,107.21202931829086,242.96498673385173,190.16556766027978,332.3291103085503,389.52941341517413,477.5355120775451,115.04280868502151,92.7342923838848,189.86519809894315,122.23213130715752,48.57118340811281,51.19243485112005,301.508898529986,249.17165733919867,187.9305098262799,196.20984029154076,165.12671578264604,223.57602127598423,130.19461933105788,193.28945549448656,274.8960968153653,381.4236351044745,194.9907736005614,259.8457557943739,22.731383747766742,111.3562457769563,65.2682425868225,150.1634922772886,64.85432661218601,75.84904154966053,42.21267359750433,77.89332928193795,27.596786818226107,143.89767907057592,147.05234129271065,207.71117971884414,445.61663496408755,309.26426136821664,302.14881864857097,202.18734479447724,68.45621049682288,154.7631998880798,218.54800243466843,170.14486840297553,293.27026106113493,617.4432321699104,435.1413386702691,414.3340897596914,132.03196483802586,145.3791713535613,135.55741435384815,180.9855861450245,157.27580512016863,183.29881067009615,299.9426439212429,230.60169748394662,303.05970865014245,282.0087514173012,201.879774778315,188.80732306769417,172.252857720091,157.33990581575227,350.62973911893835,530.5531305373535,346.5675034932287,285.8049833001274,261.77577173629527,186.69967682344478,179.29365342974563,14.708415366050117,5.4631026046038365,7.547333656495275,5.422081490267959,5.1848002287686725,4.391456765764169,71.72528654286386,58.97424253993319,88.50554367855223,32.73733385768656,21.553548408174144,24.69028019508525,21.553548408174144,32.73733385768656,24.69028019508525,8.646452049340274,28.961995881802377,6.373731861620435,4.3493382344987035,4.874887857846432,4.588824738932477,13.534473275104745,54.6653901257243,62.24917863445371,84.05178292065662,32.164345420885354,26.753249029005055,25.299599629640834,26.753249029005055,32.164345420885354,25.299599629640834,1.5943748998046565
40.142569456325155,44.436966218975975,23.16871347906884,83.54289405434477,32.00943680580951,144.69190996225103,146.63514856573784,186.11248850233187,138.91124266366128,105.46685381993493,205.37595160853965,168.86150555228397,204.88569509666038,389.2238860915373,336.9475367492529,111.80899134668357,29.06317777683868,118.29795814597475,49.77553910131251,17.921245320567042,16.846726419198774,291.6609410314533,214.08925092416806,166.44023684724095,152.86712103053642,156.14035823630635,186.3144002496698,90.43444813970493,149.28280562423637,212.8447368236481,239.55687065655934,150.99749420559374,169.01417724205507,16.950311330198787,68.48030695387145,41.1983025898236,133.91475504261368,55.57612269352144,68.41937123000676,17.519371427706467,62.530420470974676,18.95512843235599,136.01310891775634,138.06609568216783,172.44879868362528,485.3654954190305,357.514643486958,317.32080061184774,221.59119794411646,65.38537644429363,137.78655406366218,189.7247344365688,162.26215869548219,275.3311481186264,517.0461125653942,470.8094918005058,376.59143508577455,140.24600153087215,137.43311631534718,148.75061773755064,178.9831507287719,141.00379036826686,152.80337642313486,330.49074206258837,274.7722053897304,280.9272764937137,221.39897108088857,185.97680176462163,206.07301894607048,143.4707587050358,109.02554208052294,226.76733469335994,461.7947611580012,388.61412985509276,255.57056901133848,198.3996335115685,191.829684168923,203.98058538504276,12.43067463432349,4.764953514566114,16.02181497794348,5.5306336439860555,6.740271215598259,4.850778757063319,85.09023239183145,27.341117365005022,92.8344794156235,39.43595674236899,22.46949619209426,34.254166940359966,22.46949619209426,39.43595674236899,34.254166940359966,3.207440193717286,23.072389201459714,9.154755399817432,7.009818593555992,4.825530307167209,5.5843570597331595,9.541507868062745,24.9351804599423,38.269681987466114,105.18604532971668,36.599557013332074,24.501140900733542,28.272091300755275,24.501140900733542,36.599557013332074,28.272091300755275,1.1845157994355882
295.98174622066637,476.4881952307898,318.7075622777933,220.08835324854277,185.71314152407749,279.1536124751339,422.83595041725385,227.5231132924196,381.24414005335063,337.9597473933841,352.62739596549176,353.8804887135566,361.0244643885852,397.8229755362211,466.78243561145365,294.0525413653577,310.6465657945696,351.0350983056488,347.8638053912846,259.0517849842987,525.3071141681332,390.9730632321253,362.61610624653304,390.73395481059765,381.00143425912665,259.65259801161557,272.29015969544685,389.24893379051053,372.98623386253377,213.76136451457765,304.9599124644829,486.9423268126662,348.3902226453312,128.4865734259316,265.1693173978851,230.23383936919535,307.6177630094656,357.07102567661724,260.02546939055,170.7406808119607,406.0057711461322,354.14293252199633,209.94890293010087,393.82234425210015,194.2502828866094,712.707253981949,484.9475294591893,555.5596718857613,453.99110461103623,366.3833834403344,377.92814657808583,394.8934103999709,357.40517032397076,313.57131876244364,785.1312329559931,850.2267840453126,855.7065727621471,470.7006893674172,305.81658216752413,608.4451853422048,190.2733499358069,403.98670074911314,246.99850827839362,511.4074335528265,445.22063865177836,506.34078169115037,455.7735613138965,264.9866911085747,387.2749943768891,447.90227829601935,368.1644035699307,264.8634361426927,595.9633109686608,449.0922889634717,704.93338974889,539.7623423479683,365.4739981121323,329.6330796464114,141.68004995654047,30.253802483835486,37.98313605804472,214.8081449624485,203.75468814923838,260.7531252268025,512.030681938968,508.37676609541097,279.65130470851807,861.5909919068226,728.0908575185434,598.2521357171447,728.0908575185434,861.5909919068226,598.2521357171447,47.930560719335475,64.32137422203424,33.43341470877225,14.302464890419671,210.78702644263257,162.9540259285235,239.38292707711867,290.30709375298284,524.0053611148752,271.4126492453272,643.8088612951253,522.8227619699971,543.5679734653779,522.8227619699971,643.8088612951253,543.5679734653779,32.34163678388667
79.57353939819772,195.80630182905693,208.55449624864113,145.5740871518454,73.60277423287755,165.06542330212312,192.2096870757449,171.05386322944526,194.1379514589001,184.14956239387612,446.76234423728283,230.51631329700797,260.9905556646613,422.7885686198908,417.707420565892,168.9468763859145,113.9534299418897,213.2358024398549,115.29550917076756,129.92868616375523,160.60224229043877,290.12771456101257,476.1704999487214,216.97891621664388,334.0002327420502,229.44070720418605,252.72685030486426,199.04633201660084,319.48704265085007,222.12776340826142,285.7758159253235,387.7755660110734,244.9663779096234,35.35479151346451,110.25340790708088,105.62898235851105,247.8881076281422,138.80012779984028,129.14198805104652,65.49591942434922,158.41190083950931,59.4172531284883,167.85445973678148,210.00491288635547,247.89456458437868,701.8837041789851,535.8785639722302,502.3722887039074,306.30445795639883,95.78398529520257,190.0624815419868,338.6615411690641,257.0853902831685,263.3392363022996,780.4476513794772,742.9448085464314,704.1083024299592,196.2688504152688,228.28439741884517,228.50256780613975,156.95186183978936,221.20635052491528,171.90746128124476,595.9350546537413,535.2217480641085,568.3033471328611,369.46953713315924,217.08411653531783,246.9339015618201,292.2411682071184,177.45888638171652,260.7641348602963,854.5218518213984,746.763803820894,627.6236973859169,368.86619417674825,354.75592268421,345.28623557340967,100.97399700745267,13.2596406588123,16.732683140281342,13.177424658161486,14.629132961707391,7.626623390167954,178.03515976351912,132.2473044886426,175.8341408977794,72.21169065858354,42.76039671638622,76.05520813952926,42.76039671638622,72.21169065858354,76.05520813952926,88.24610252280218,66.48049955009002,15.137050174117709,5.696040413841983,15.500972904923163,16.7054351342141,27.200546464764113,44.04471455067805,128.5682987374857,210.39342204470904,79.6463328754068,43.8787388793562,50.49150395837545,43.8787388793562,79.6463328754068,50.49150395837545,53.82698119856496
Stand
Walk
Sit
