3
Stand
5
0.0
4.512150990469191
3.371844732070133
6.965182509530648
5.270360067320068
4.512150990469191
0.0
74.59490414780885
150.48583724901815
142.77439876389866
3.371844732070133
74.59490414780885
0.0
56.281752029549914
41.71917013688731
6.965182509530648
150.48583724901815
56.281752029549914
0.0
279.2043974477406
5.270360067320068
142.77439876389866
41.71917013688731
279.2043974477406
0.0
3533.513645577512
205159.21377790754
0
2023.2352822948235
-6.107364084365447E-13
52852
3.371844732070133
203135.9784956127
737.8748695618594
1.6869661369036864E-9
1973
20674.17678521746
4271.379853829561
-4.1674082837112144E-13
11323
3929.5643849751227
1592.6931100563231
-4.0700758904220325E-13
11059
8893.102315083259
3033.2114266215685
-6.107364084365447E-13
16562
19362.66980738381
4991.11789474737
-4.402798178079347E-13
11935
110
162.99298545276073,191.99942917293893,302.64609776594773,220.43471352369895,202.14328719062786,296.21564107380345,249.78139166733155,153.0004944398791,217.61209023173606,192.52161396643515,325.6669862038692,230.5990432155852,335.53578920009073,391.30347087581504,433.4209945504349,259.22384477239524,438.92746167414873,475.3782344295803,159.23613567482403,897.5604735798236,317.20667172155567,322.4646842100798,337.8204892294967,280.4647553697717,309.0943870621111,176.14460811681244,183.2916822097805,295.32973815605794,289.58722760470766,249.4021806544005,357.80718865121787,394.42683239781485,277.25392578689383,283.9035976840833,192.59635922064678,317.65396356343035,503.93532912741057,365.8369105427694,190.4923598011763,276.79359931611117,336.45265611607283,485.35275153633773,160.5484626947782,310.16678436554093,183.22440212734543,612.4634134654748,382.99464104380866,396.801958073655,311.0576971276067,503.43515798199167,333.19686185756996,377.5566716767598,217.29328093833502,310.43079495688914,734.1761143915949,658.996132744015,519.0947933490374,548.9214406168637,316.22409095477457,468.115035644345,139.88660641927967,282.4887467967533,188.22167032920754,601.5777213634244,381.00644164059645,471.56267200863715,311.2819897428495,462.69466749555045,367.5784412009759,364.19091047933466,237.07338411718356,352.09088663524636,691.6954004664466,651.2713982568284,576.098811528443,570.851798852803,346.70524383451436,391.41269075967375,104.17819411835025,7.270643735237232,10.284030244349447,183.0986062182967,184.32398280231413,148.20118428582822,190.04018065981367,180.8184467850656,162.93894102116448,499.299587540823,613.9652218364084,804.6687491854647,613.9651872895433,499.299587540823,804.6687491854647,99.82315608884328,99.12819585210583,8.463645270425506,12.31467978544622,190.76100646314086,199.0979158310249,151.87245620326686,192.31480915166048,187.87828273335296,169.99325384955438,514.0747936203112,639.0340760923632,803.9723408750118,639.034076630922,514.0747790088657,803.9723408750118,63.10996995639155
-5.761311798495761,973.9724590753419,218.1284184258789,-60.93911362041409,904.5428699752712,244.58370667456123,199.90656069726535,867.2869777568746,364.9667842172835,766.6355832900136,501.7705801487038,19.33125887543996,519.8387626582595,640.8989002812777,169.45306576119998,72.25490414719886,642.8521627102331,-361.2555697333437,-52.85129167809569,929.2821610029521,-248.28889974796917,338.0229529215751,666.825126078506,438.22905589580637,91.32597150139654,1004.0116267679749,254.55310450140053,-555.3058046273903,725.8964887320617,29.85521608225572,-510.0139877479312,442.48252370347535,516.9938040833429,-834.1297023878298,-146.3823018951329,271.722310684619,7.027264238199792,-12.700696304187803,-8.838198173348223,386.14663435364133,-3.6699687321367707,-33.40610809615005,-905.6894860036709,149.88308040225277,160.3260917510949,26.096695608334958,-21.996582380261962,-31.15200233242798,405.0235633968385,-169.1049231150489,-145.33202329116602,-483.03944807943674,695.9492333111501,-207.4244166194853,23.131701326451257,-4.388357044844994,7.395901599584876,160.6061994074814,-368.36274038469827,-24.518589146159407,-890.9646798823252,-163.45639286763517,262.77361646163774,-15.245550705033608,-8.355591311388471,28.717533813585902,405.37038062418503,167.73460877153863,-38.19566601750943,-504.46258035245114,-667.2792429692505,-198.24923278463953,-52.21992569341502,35.585561228492764,38.14140714798373,211.92275564245426,318.3692908355328,114.85208678891036,37.634734730946796,-43.2872738969197,6.853799288579429,3.0468667221675623,-2.769109967456293,-23.236206766063724,-86.30362143343676,709.8443578294105,-727.9509573904488,13.326969651101189,-1.6127298872322713,-2.998940437447968,-1.6127298872322713,-13.326969651101189,-2.998940437447968,-53.07479376371755,-19.24576174979187,-39.1938431847423,1.3589078937410126,-0.613543479906153,7.381404677211837,89.52204268523424,-0.48403087868008754,548.6146408839779,-725.3218988874593,10.483709225762507,-24.689075153258155,39.29026337697722,-24.6890562324983,-10.483728146522365,39.29026337697722,17.824812684477408
-63.43993917891536,1036.9158641662443,-8.54637607704004,-38.69437404967055,1015.2534211860111,-4.838824125696909,161.54485554992397,944.1449569183984,339.9265078560568,918.8043588443994,334.56462240243286,-171.91890522047643,719.6619361378612,155.13583375570198,622.5139381652306,142.14848950332822,893.4541730670763,-434.8151561699949,-92.77344145970604,1056.5549923973645,-193.56259503294476,760.5331981753675,532.9761784085149,348.83071464774457,162.8798783578307,1083.8312214901166,134.39128231120122,-871.227065382666,438.227572225038,-251.68474404460213,-965.522047643183,-32.75114039533705,274.07197161682717,-985.9619868220983,-152.99391789153574,72.89711099847948,-12.449062341611759,-3.4064875823618856,-3.1728332488596047,578.5154586923467,-79.41561074505829,-409.8124683223518,-977.6006082108464,137.15053218449063,127.63659401926002,12.736441966548403,-16.10542321338064,-4.8824125696908265,612.6649771920933,282.1616827166751,-344.1079574252407,-306.21642169285354,724.5509376583882,-610.3786112519007,4.0015205271160665,7.187024835276229,26.118094272681198,675.2427774961986,-389.21946274708563,334.4728839330968,-941.4358844399392,-247.2843385707045,222.69589457678663,-28.230106436898126,1.3547896604156107,17.732894069944248,782.4865686771415,-141.24176381145463,11.081094779523568,8.866700456158135,-746.931069437405,-660.3730359858084,-61.21338063862139,20.503294475418144,40.12975164723771,289.72630511910796,309.90623416117586,715.4738976178409,-33.970096300050685,-42.87683730359858,11.611758743030917,0.617840851495185,-0.9113025848960973,-27.638114546376077,-107.52154080081095,673.523061327927,-768.6092245311708,2.7815509376583885,1.560567663456665,1.964521033958439,1.560567663456665,-2.7815509376583885,1.964521033958439,134.67105930055752,31.729853015712113,-31.972630511910797,9.956918398378104,0.4201723264064876,-0.612772427774962,82.50278763304613,10.05980739989863,516.86213887481,-758.0136847440446,1.3826659908768373,1.4216928535225546,1.8205778003041053,1.4216928535225546,-1.3826659908768373,1.8205778003041053,152.80081094779524
42.515326562936735,1000.1483275878132,174.7550545047983,-96.63752090689464,954.608158334882,181.06337112060956,248.18840432035867,849.6987976360301,409.1628286121867,791.3607518377222,344.52656555317765,53.546291988461896,472.5233481883356,744.7475295485372,132.1268165084286,152.22473058342624,739.8089929394278,-306.78920475659606,-4.713469464218808,945.7627388535032,-230.14368677407268,370.54849279161203,525.406665418461,483.57667103538665,228.0299312139803,940.9136456590444,235.8622420524261,-515.0056737588652,770.0059574468086,114.3061938534279,-428.5093793747084,517.5645356976202,561.0118525431637,-892.9618412521996,-215.1935722885987,208.93840881726405,-68.61646753727888,-18.362322867463185,-42.50560340835417,501.45123645457073,23.648420857645643,-3.6549041400388997,-849.1653237010281,278.3862183939983,129.49226637028804,2.5355191256830603,20.067611373529683,-50.14337315921089,378.7703065666389,-288.4422524775401,-127.8688524590164,-323.21580068537554,728.4797628971011,-183.81457812355285,42.03065666388812,48.62647031582847,9.473001759748078,59.220802074650365,-407.218301380013,-41.101324441974626,-886.040381587478,-157.30675187552097,324.76502732240436,-70.64082615541354,-50.86764842085765,59.42354357691951,463.26544410484394,188.6902843382421,-70.49504491988516,-573.8069834213208,-659.1755117162174,-101.39159025655275,-77.16541631934797,-31.803463925164397,41.82495137538205,302.7481707881819,345.7902195054182,72.71686579605446,34.6584827342577,-45.07559833966263,9.529983219994701,10.284288616091143,-2.8108275192086905,-16.204274485560365,-97.54817627837146,765.1926167976685,-672.0871677117372,104.32288262827872,-1.75245076393182,-17.337896317230417,-1.7523624481144573,-104.32288262827872,-17.337896317230417,-48.15499425947187,-5.336571579969973,-38.948246931025345,2.329064735494127,-10.903559127439724,11.973681886425858,87.98710589066502,-10.921928817451205,523.1491654155259,-752.773911507551,3.7568665547999647,1.5225646913362183,4.15252141658571,1.5225646913362183,-3.7568665547999647,4.15252141658571,7.458535723748123
-26.557633924199394,1024.4852609930467,75.14376652629517,-3.271966527196653,989.9594239564075,69.84752359638027,111.78132051407829,910.5664671833612,407.9644854311783,814.6958174904943,520.7253582918983,20.241883591693476,674.4654868987094,587.5814430973797,162.9498435666797,86.78981825288255,749.0592143834278,-43.89085401602502,-61.029386007589764,959.750218935487,-185.18808990950666,320.4536360908273,688.7663298989697,517.6359907972392,134.67461321397295,1050.7494404981999,266.44156855113357,-652.7819176385592,702.940447930643,-25.488492104448344,-609.759225002434,366.6191217992406,570.5473663713368,-980.0060328889754,-155.83574973241218,58.32256495086115,-8.883039797606305,-3.896857059453148,-1.9961078135642698,414.78991923713147,-129.75654373844506,422.45567772696313,-949.7705556096137,225.98686387077942,152.67578086990366,11.015763355064708,-15.173786124355356,-3.0998345820764817,185.1628880023353,-563.1769971781648,-153.64337841782623,-499.49975673834774,768.3403717038046,-162.73990464143233,-6.610878661087866,0.1463462099834582,22.69310109954267,-236.73854237617982,-506.7372774155882,-308.8857643281113,-930.0605234990757,-252.96205118225163,218.73114722195194,-23.9509584509098,3.844215237909896,21.33258733093315,276.97207356232366,563.8361389510558,135.7042911355454,-424.9456066945607,-771.1911063539943,-269.58480101196847,-66.05925853848399,23.437481755376083,44.3376471732996,-251.40829035710811,455.0834873990464,201.19169018195973,104.7322542725382,-42.07821683696537,5.422823040057872,-0.3668505289809205,0.20996473460529885,-23.62410706212135,-89.65638846188625,680.489736865901,-758.9042408897731,-0.7929288362419749,1.0557916628989963,-2.417035898363324,1.0557916628989963,0.7929288362419749,-2.417035898363324,-113.49190704403654,-69.59318202369111,-36.87494348494439,1.5882086987973596,0.3938873315851343,-0.08716882177412062,81.01564336739307,7.604756307080206,519.804412695542,-757.4156795370286,-0.07071163758025138,-2.3930735147843385,-0.007505199385116195,-2.392983090695361,0.07071163758025138,-0.007505199385116195,-0.9416764626096392
-15.561902942300344,990.6060374474589,245.28072856960895,-87.8157614483493,810.1490321368163,391.5268433251895,218.12979961215257,862.337556561086,304.9010342598578,702.4808992985973,637.3280936873748,-12.779809619238478,474.83669795550986,699.4645107367879,148.1787321589302,25.528809942254583,498.4979286969621,-525.3614109967361,-74.7967137944211,943.2788816711247,-231.02604763724366,289.7457380062108,780.7776158184929,355.89251536852777,-53.63372603083093,1026.2413209675399,243.46008271713248,-494.24696594023226,779.3729609813389,31.661229283570403,-475.67001191745595,524.4354889293106,504.2227937025654,-702.1336908399327,-95.1880650994575,431.33609777389785,4.478954916755004,-26.79553532456195,-2.1344391095591444,272.384236453202,-39.6745027124774,-212.73243125272808,-917.4352434994076,22.486998815239758,178.5801583837376,-0.820851780258153,-10.712913886637152,-20.48356924611835,438.61339402631415,35.172787927916694,-202.5192991207832,-604.9799837874914,633.45338903785,-205.08299557273804,7.632100766976367,1.2372014715969322,-9.413294257030616,372.2544116730062,-263.4134813244372,-38.158944939826654,-884.9273554904283,-106.75525347633598,236.96738791544553,-8.343642825964956,0.08162374508948057,26.279541061295753,409.78954916755004,-0.8615701190995823,-10.963023009291014,-578.4019455010289,-629.3736359668267,-184.83681486562324,-46.23807445282784,48.17129138866372,43.21213443910956,335.11411111803955,196.57704059362723,123.22367026251793,32.2704987320372,-42.095217968844345,4.599082236444874,0.4181862093950006,-1.4643762830576017,-24.491063881173773,-75.14158918005072,688.6614539306847,-753.3183190435938,-0.3302137423016544,1.5796401400797004,-4.178843134887091,1.5796401400797004,0.3302137423016544,-4.178843134887091,-52.48013524936602,-11.232520227025722,-40.18518294891921,2.2914503079338244,1.3250815118946988,7.9253713319647385,89.21289699311677,-1.6177997826349475,542.9012800386427,-723.9175824175824,-0.03278589542325806,-5.716157468904722,1.1184035744475305,-5.716157468904722,0.03278589542325806,1.1184035744475305,20.236565632170027
-9.157417993140445,868.8460997273767,391.5609005364524,-46.88680895731281,890.5845871238629,304.0798635409377,216.81113356604814,838.0330699981628,370.6869373507257,762.516577727233,472.9182048814627,62.20286939025457,450.8658735924446,590.8114783872139,165.51679985470395,36.20442810886497,611.3457600420057,-467.112715498381,-53.889962237639416,844.9521384034425,-356.97532273645385,320.59244654749386,644.6580792148616,450.6637749737119,110.79434919524142,976.5237928621414,296.527466759972,-535.7225525872016,678.6667258365137,45.05209905032395,-467.27260755048286,406.3828797190518,483.4900790166813,-801.2139251523064,-142.28833768494343,340.39834638816365,100.29060052219322,2.5356832027850307,6.5236727589208,376.27893820713666,149.72915578764142,-172.96170583115753,-890.2824194952133,136.34160139251523,176.74073107049608,101.98537859007833,-84.85787641427328,-58.27476066144474,552.71636205396,-48.811401218450825,-41.98050478677111,-479.43167972149695,680.0052219321149,-207.86431679721497,57.43237597911227,-68.60661444734552,11.481723237597912,246.1970409051349,-345.4698868581375,214.29199303742385,-859.4445604873804,-151.17998259355963,287.2070496083551,37.94447345517842,7.358746736292428,11.628024369016536,400.9439512619669,65.86048738033072,-214.62497824194952,-494.60974760661446,-618.1160139251523,-166.25805047867712,-22.544212358572672,95.80374238468234,21.540034812880766,371.26588337684944,336.0828546562228,-36.08294168842472,-2.4333472978634267,-44.433012149141184,7.983074989526602,3.393045664013406,-7.607624633431085,-27.079095098449937,-84.51076665270213,719.9338081273565,-710.3456221198156,-39.22421449518224,-8.907415165479682,10.882362798491831,-8.907498952660243,39.22421449518224,10.882362798491831,-33.62153330540427,-5.336405529953917,-41.393632174277336,-2.4894009216589863,5.35425219941349,10.511688311688312,100.44968579807289,1.7538332635106828,612.6473397570172,-666.0837871805613,42.74344365312107,-100.86099706744868,168.20427314620864,-100.86099706744868,-42.743527440301634,168.20427314620864,19.388688730624214
48.116102258474996,11.693300760835044,80.62827271087497,32.841934335364805,17.260345244370857,75.77098229297934,31.241138948851006,17.520034060163578,30.66984055211996,26.251190280305607,65.23594643463807,41.127288587376235,73.90435513289104,89.8764240537325,50.803647324686054,109.71841039185722,89.56336520891696,155.19027564708668,58.19466932369287,4437.855468108801,1203.4147609936654,74.86535945555536,70.94597650568646,79.65796385944998,67.67343630497818,20.442056794312066,64.25985978148238,21.450734568864277,24.135045387516797,37.11401701546483,44.570774057274456,43.07321241509198,62.298046049595854,22.375508073957885,44.002777013455564,58.045376884412555,190.66156327197427,119.14573804802926,40.42407091149875,86.3113578632717,203.64695119203697,39.07905736819473,19.236877185473002,58.74694024202281,81.86357088651822,112.52695180834316,68.56641289781196,70.19293434748565,39.511838354397334,50.040568852095134,182.83060028380402,77.631105450307,56.12065083084972,67.32752051696924,170.26063273865498,90.584377271118,122.47356274733576,117.25982036225845,137.85302086415987,138.6805100721782,14.526696752893653,30.594278572473353,22.365187024525934,65.52839346992505,39.801597504543025,50.22797033166249,139.71553411724224,25.95195356509399,186.95597618383192,28.027604675458765,42.92058699214437,44.03178276271472,50.26682943407644,60.06982595409385,56.173208947302236,80.91905593223171,76.2010779889191,188.8080363682245,16.72721779778135,0.35539272393008625,0.9853406236451066,5.064785757340814,4.788396532781148,3.800395902972062,11.709688402894571,6.775305682705999,7.56519038321505,19.669052519253114,21.191103947010657,20.155977934275644,21.191103947010657,19.669052519253114,20.155977934275644,101.97681874127721,35.99679535303557,0.4895055084685325,11.323460587085243,5.020883221833238,4.721565803665865,3.2615246335265593,10.41956885748485,4.246493707792491,3.715041960838482,23.84855538398683,23.98699308996243,23.397574514789035,23.98699308996243,23.84855538398683,23.397574514789035,25.246238836843347
167.47570590804537,150.07634281089943,272.35645003852903,182.9526792186773,130.91585511006235,224.3294988981891,227.5089248303228,134.27323829318223,175.46823117831326,181.2635424939044,414.12532743095613,288.04910286549574,322.5452713584239,362.5729275658919,395.44974794358825,235.20609598532374,321.28857372550186,455.4445909295716,162.1702919984019,106.47477255827465,178.52832930346523,322.3669122589134,466.1646433572137,311.63577259581643,350.9985721005651,280.78599901093816,206.03828441272992,286.3322340499924,250.06416097889579,232.07019381558632,358.3760951756836,364.07528808376514,249.57511355468924,169.26954972175105,176.00716934276164,239.53058755642522,605.3932216614659,383.2403265412618,201.98977843439985,250.1743826004602,307.4232860816928,440.86278626227045,238.69367099157301,343.371605702285,191.01969131918986,740.5464353685406,465.67934740370623,461.43153622307653,327.26497388326726,499.88184999430155,305.9617097452269,484.74283595000554,223.79998191089152,325.19451254272917,868.4721566572572,812.7126447620755,613.5940096566718,566.9376761196188,338.8317525089757,438.4674606795304,117.78570477095639,238.7259917023741,181.19870123390743,681.7262456862087,407.0872074019361,506.02448092920235,299.8817198034679,413.0848063923611,363.218210209201,326.51424277771315,222.31572884210917,350.9827929252945,728.2657177099286,744.6097498683233,611.5387383380983,558.1789402779373,329.93895180198007,377.3440864802144,98.32633082624105,9.397807476098928,13.856529388828971,353.3298141872805,360.1593688334876,288.68756013410143,357.62355512192744,340.3837507368068,283.7655596798204,877.9243464323933,1255.7365558704857,1657.8133608707058,1255.736426610472,877.9243464323933,1657.8133608707058,104.15453177227177,106.00436456574404,6.280872682904605,8.581322816974762,83.83406881469145,82.25781642028319,23.310205279060078,65.38686457071101,31.122770409787172,27.39629353148513,101.63269331400393,119.63492905584137,119.04324236167145,119.63492905584137,101.63269331400393,119.04324236167145,68.18873327699686
84.94232232914015,37.53988480540086,178.73445110231594,99.88992426171393,39.118309336168586,218.0397157402323,138.57750481021665,62.51309063731011,96.56258856804813,120.70391605119772,187.2504640436077,159.40533165127894,258.7551595652356,281.04029761953365,332.41305062327933,191.99151951282977,399.46454096396155,504.2909034106911,123.42339755798056,25.458878933373544,83.89632510031166,262.1303796022067,194.38149984413906,230.7434932146852,131.1280325085183,56.136297919188145,129.85428105863906,196.94350939037344,190.84843398948897,201.68200358605657,264.7314105349051,282.86701366561823,229.51500210967498,22.436749091735606,86.34969387723686,88.18189763534821,116.29806749678784,56.545133721437296,49.7546059181784,62.944601922752625,197.9487965316031,257.67080920966316,44.49325744612652,95.67274205369596,120.78341721954018,181.63863026704345,109.9900388364539,127.84853733389212,141.37735316272887,178.24929704177464,230.54315677808208,218.22982438790004,156.6662791495204,264.6963634568442,438.3445123782102,206.3702064619596,175.65938889524853,253.4244924647583,218.39186896991885,244.55441480981312,43.25566084179278,103.43420140850928,108.39672035637662,166.7382177264398,112.69113497677891,132.75338706268738,155.72720112495875,277.0660656154908,208.3666503803617,266.4884077898884,147.1976930113481,270.7367716217478,244.4187468942479,196.9705019977924,160.73115055970953,328.75931724281935,287.8538948306112,214.9979899718523,86.9149345185717,2.548025638980582,7.292030545955736,6.053125028315659,5.975415827418766,4.101757902738592,25.071073282054023,12.904120687709074,12.16819930204009,22.467024945382835,23.80990569871717,23.049453840386175,23.80990569871717,22.467024945382835,23.049453840386175,37.16937814764784,92.51660296211843,4.032155600690352,3.8679915345010167,7.566048635189084,6.8396351175960355,4.6801696008784415,23.52959483385977,11.811934184192717,10.936853729631679,26.26937046976694,27.888313524451945,26.317603226001857,27.88830020694365,26.26937046976694,26.317603226001857,30.761233982493867
159.31751561226292,101.2109600096021,257.9480611505952,276.5193185643764,257.80371496057217,314.96057446323255,294.1321261477434,158.58773565372644,251.51289382609494,206.4363514336293,249.1477176582756,208.6375747935791,343.0940686951889,355.9614689946867,460.0782267610305,285.7958299280417,494.74337669503694,429.58081067664756,151.87889743072833,94.58075788244612,166.16067639681054,333.94301743858466,233.314429331063,257.76141167431797,293.8913909257169,108.26537868198685,177.7013248736751,308.24295858312706,255.5645389135269,247.43053562110092,356.8644921699497,361.47893928676376,285.5017742827581,367.22527443045266,218.96612735452786,370.7746320739,406.1283861485492,353.89672191616694,184.4043991445873,321.7500317937476,341.8066177864234,485.79229302449016,121.19966714707223,318.45814494376026,185.35192878283448,534.1698503789097,344.50459858971345,374.9156292316794,299.07535323832235,497.3472633251664,348.2782000347049,311.46851923486173,214.59742868595194,309.5589432882273,713.5597067262595,587.4639417605945,472.4303137921265,517.3011081738161,308.3781659594959,435.67424314133666,148.98966516955176,338.84436271435294,198.882916094584,541.6813529656389,373.72412987769263,484.28651658471864,345.35508880203895,480.94655313471856,378.6901736708544,338.6985992717151,248.3217077997011,338.2072016474922,726.606488557426,617.7430791819412,593.308883445016,595.571774776971,363.8179633835655,398.61165137142274,98.44999765803576,4.100930903722335,5.368144370079878,25.250613481848184,22.389562825556332,10.809165738985259,44.3711714498087,28.910162964341616,26.996321788969542,54.21944324823321,52.21209264027494,55.429800559691905,52.21209264027494,54.21944324823321,55.429800559691905,94.58005535328056,95.9690543373829,7.519967357453245,8.070601188778474,58.43002426072565,63.64793084015739,22.210121451938637,84.03612943740116,71.25617701425766,81.77984783469107,79.62849750380077,86.35565969367173,88.01297613987884,86.35565969367173,79.62849750380077,88.01297613987884,61.72130639263419
212.33727718118766,332.1449433362837,388.3801781239305,247.69070700794842,214.81356732820996,285.6846174473069,280.8606609301448,210.3464089734149,273.7903910558152,217.55033017666406,363.84402988901184,248.51583361592904,368.61857260003666,493.18951895810716,500.03671083940236,288.8141081170209,453.58560918257143,409.62508835200754,193.40056378292013,304.7942827493946,316.5549560986319,325.43822884111916,380.97662459394365,307.7612241205407,344.36503224997824,187.28594629142154,208.17237028843087,325.2169190608075,402.0180066627882,277.6689993094524,384.7855515397753,496.5618368850885,320.2982961874807,295.74665054759396,228.11131383102241,315.18573631110513,714.5141829230018,519.9867294340559,264.62027969176074,302.2805273096848,403.7334450798218,435.80137501765495,177.56046010980793,344.6594366484505,222.4263467571482,835.6940074889741,508.71192471198407,528.4809755234076,328.04564502405367,496.81192463455034,394.6759271136748,421.0176418146551,249.9526621884144,312.1346668712885,879.6032223121404,873.4473359915551,699.9681410169109,569.964038908446,345.1469447148258,556.9681397459684,193.74074775906874,338.65130708401466,228.34396690813287,845.7382207326409,523.9323457302711,627.2369113298789,328.8576373245005,428.0806458757791,406.42395960435954,443.54705627629454,282.77849201534724,391.2399832694624,902.8757663678373,877.3981324620319,770.8251691440934,549.0421560520791,358.50168918345463,422.10936491697396,108.26828720850875,10.641428606304553,13.267675762535013,170.3981386626455,163.19794758012597,133.99312473896111,186.77872730918145,170.01683187121736,186.2762102043113,597.6080249068359,410.9878022267391,504.84189216517524,410.9879469019088,597.6080249068359,504.84189216517524,93.88035285626417,93.1972425598739,12.898258314280952,21.14524457871472,386.7180549820222,404.1897163553242,317.3764538135336,386.2842558161631,377.52860427589974,335.4281601618008,1072.2288753909277,1332.7474925381068,1678.1305757976704,1332.7474925381068,1072.228841845743,1678.1305757976704,59.22691002016033
Sit
5
0.0
85.0033447751267
29.216187009941002
3.5587327244798668
29.363543710967505
85.0033447751267
0.0
155.57460121072222
6.943182615150341
185.79877133508123
29.216187009941002
155.57460121072222
0.0
2.565737003720536
47.91186112566866
3.5587327244798668
6.943182615150341
2.565737003720536
0.0
2.6921499379146363
29.363543710967505
185.79877133508123
47.91186112566866
2.6921499379146363
0.0
2383.3614167705205
22749.331239241164
1
2921.8809963019385
-3.7466616147818857E-10
40345
2.565737003720536
2537.017616348459
1241.3185694814783
-2.568207709653342E-10
10677
8054.57868985798
1987.922903876516
-3.7466616147818857E-10
14294
5045.634900865846
1779.3772913763355
-1.4464461222490046E-10
5558
19827.450242939227
3793.8268888254006
9.010205771973442E-9
4974
9805.338801964765
2803.0378686882664
-1.3030618001613982E-10
4842
110
177.59043389420907,209.62704354296542,144.67586489464514,150.44353406267967,107.9111687702473,211.73596894622193,236.19312262538756,171.11878125778787,244.0620491036161,217.66564323037832,407.16422867749384,229.188210246547,288.7716544715186,460.33764942552165,431.5720440048999,194.21797593025772,153.6542716376513,218.89052981083842,235.29653349491113,119.45769696890902,336.5812353249849,319.41967246091804,414.76533720913795,226.93156426289826,312.02259944712375,199.41369186025457,262.46147650611346,192.34192960369407,316.5198113181552,242.13071631341668,316.74888703140203,346.8084440276244,263.2261389962612,60.529414853017855,166.77974277428785,132.43038996482608,172.34675461092593,141.21772804662427,113.97078844971875,108.48844081113457,176.14140530356624,147.27910768133967,154.52297499766343,214.25279196951917,251.8432747019096,475.83524224342705,339.64076230683537,339.0201634420871,287.61055287102863,148.54069686242957,234.90787364942642,382.081141816478,242.07055463786193,285.14906301228706,572.508565043381,504.4813085177114,483.0548938897907,224.40170936924807,282.4148734789433,265.62997778523925,171.18855690924917,302.25903653425166,196.1238530484405,348.74030859056955,296.1947301289739,336.88968273894733,451.2235212668384,204.52415518430993,226.8445716850993,326.3944197406595,210.96317927528895,290.5452960438185,515.3194906509051,394.2190829213387,381.95911765052836,299.30626274216246,378.74397810215663,258.05164487908934,125.2746968445297,20.181435486073827,21.077556275711196,75.69199352645172,71.85180989328767,91.74610728507521,273.13528366464124,288.95310924803005,168.01527838056208,304.70371445177597,256.6719754661042,212.80683721320983,256.6719754661042,304.70371445177597,212.80683721320983,37.758120179609584,38.89319655517371,22.11379304079261,7.339771884438745,74.29853730447903,57.67638383103404,93.4855647624423,117.55630010160091,291.69567613854025,211.25322973606188,229.40662117859083,185.52760791615742,192.88611447261536,185.52760791615742,229.40662117859083,192.88611447261536,22.622665554850467
56.86292920495114,372.58507746490136,919.1413670628478,9.826301517689473,959.9345680992303,218.31445258250545,68.17721325988288,658.8645903108388,666.953807057842,775.4193269765801,-182.20355958506093,305.2503451360533,731.615796524765,-9.989937803213133,-263.20918952547504,-3.0118344930573144,874.6191766947344,-397.2224709966397,1.4499404099315376,615.3778572079502,-634.3773901717157,291.1017625924976,-122.45292026518231,773.4567847673345,603.0481300713056,643.6090276028015,407.18906046866203,-893.5058327230233,81.66427937939905,193.6460982375633,-333.3797654032409,-391.8017532151346,689.1275683436314,-957.3056075217264,-118.8979872038202,159.66217216184015,-12.194024897570765,-9.7975230695007,-1.8684706568243972,457.5222430743072,126.06523382301563,612.972538453436,-676.4727000531587,595.6198235302627,257.6819447665792,6.952190136861129,-15.947630802189822,-3.612627657120457,-48.93941641615323,-730.7483194130303,209.9712630960713,364.79939547034775,780.0377048375509,24.48544310598621,1.8135921386343554,10.995645039831963,20.413480718633526,-504.24029323020073,-4.785131029820494,-350.93791760565574,-684.2125769012789,-501.4283562049071,364.64393985445713,-35.21919961750204,0.20508352434996632,18.602379557018658,-353.10558860049406,634.2587581075587,23.93541447612136,354.92036094141963,-817.94114255422,17.57496546943632,-63.024231726575444,28.657595115406053,38.12688930843621,-377.8425476504159,-93.98792168662823,-462.7897487389572,91.26208947825009,-52.27235097285909,-1.334242161358285,1.0617920436237451,0.3895650018589664,-17.308315776428305,28.83579130003718,773.6863551865163,-518.2397075226174,1.0787706035444293,0.9749163465113397,1.9855496344032717,0.9749163465113397,-1.0787706035444293,1.9855496344032717,-103.19995042756227,-76.97127277233858,-45.19742223323832,-5.33622505886727,-0.17184285537241295,-0.6225306729458421,93.715751642087,66.50169785599206,592.7354566860826,-582.8656586937662,2.5613334985747924,3.0376998388895773,-1.8734167802701698,3.0376998388895773,-2.5613334985747924,-1.8734167802701698,-8.2398562399306
110.26909984871406,425.8960854765507,940.5037821482603,36.25930090900572,997.4889888482804,134.59057257988943,-80.66126893939393,668.491571969697,736.7674242424242,732.4709024995229,-557.4025949246327,219.25949246327036,790.3726822638579,-371.1267838073973,-14.95951849335016,65.46117823358621,846.8925728200805,-513.2897817739065,99.0206166244963,588.1193889982195,-770.2596757567238,360.3250585480094,-510.02182669789227,696.2498360655737,833.5350753957104,556.8541725203709,180.07586400674347,-952.7422496956074,-117.10555399456776,107.34513440104898,-417.85829428303657,-609.5453608247423,555.6994376757264,-950.5510911304674,-196.8704692329306,226.8795541818863,-11.53245293621804,-4.9251662451999625,-2.833286503699541,464.3632106396928,180.55633604945209,605.1689613187225,-715.1904092909994,662.6164652992413,18.307483375480004,6.599793949611314,-9.515219630982486,0.9675938934157535,-222.43785707595765,-728.3175985763792,338.51550060878526,708.1545377915145,618.9923199400581,-39.7893603072024,3.516718179263838,20.705160625643906,21.825981080827948,-427.80237894539664,193.16249882925916,-419.21017139645966,-679.0005619556055,-647.0735225250538,264.58995972651496,-34.46258312259998,6.011145452842559,17.279010958134307,-613.2996159970029,594.1083637725953,-57.34120071181044,547.8861103306173,-753.1803877493678,-67.52898754331741,-65.62536292966189,22.145921138896693,38.78833005525897,-267.98145546501826,-120.71106115950174,-571.8567013205957,164.641565982954,-59.530111454528424,0.5716961693359558,1.1357122787299803,0.7219256345415379,-18.895382598108082,-8.384002997096562,871.2968062189753,-504.35646717242673,2.3079516718179263,3.0433642408916364,1.763697667884237,3.0433642408916364,-2.3079516718179263,1.763697667884237,-106.29586962629952,-83.70272548468671,-53.932658986606725,-5.52233773531891,-0.45443476632012736,0.3353001779526084,114.80434579001592,40.75611126720989,698.4204364521869,-502.2403296806219,1.303081389903531,2.2200992788236396,0.684836564578065,2.2200992788236396,-1.303081389903531,0.684836564578065,-8.238643813805377
132.58941695247427,379.0379365857073,955.5310422062014,14.666013712047013,988.10906674129,177.89841891702812,61.48235106213065,607.5470372145024,771.8437949209391,875.9534769833497,-145.3011753183154,315.5228067720722,682.4979600601246,34.762794359745186,-395.9202634027629,-11.599482300265846,908.7854344480202,-384.6941374003078,85.26591576885407,665.1800055967539,-703.9348677766895,346.799426332727,-65.32713026444662,844.6449559255632,604.2234503987687,688.3630894081433,458.9682384217154,-905.8852665454036,26.21211697215615,298.7120470127326,-220.6457530985225,-433.99439815139,742.9984594916323,-981.1569189869875,-132.64446620959842,82.10402966279558,-14.475024485798237,-6.161746187211417,-0.3256611165523996,414.36707709528474,137.52826360710787,665.2018329368966,-680.0105638729536,608.9555058066321,306.02007835455436,1.3928221631453757,-6.2584301105358895,-4.68735133622499,-42.548272002238704,-760.7540926262768,216.024485798237,326.1998041136141,875.2487757100881,-8.881418777109277,5.691408982789982,4.602210717783685,10.367706730096543,-577.903246117252,7.316426472645865,-374.78193647684344,-628.7247096683923,-585.092696236183,425.4703372044214,-38.566251574087026,4.338183853365048,15.813138379739751,-457.2177137260389,651.6778368546243,60.74038057926403,402.24618721141735,-822.9221351616063,124.69007975374284,-64.46648943612705,24.592276479641807,35.75171400587659,-400.848258010354,-266.2447180635232,-497.5721981250874,149.5425353295089,-53.12445781446761,8.128935217573806,0.5019588638589618,0.10885686301944872,-19.872044214355675,-79.30173499370365,815.6441164124808,-593.5222470966839,-0.05211977053309081,1.3535749265426054,0.7159647404505387,1.3535749265426054,0.05211977053309081,0.7159647404505387,-115.60731775570169,-78.20700993423814,-42.241639848887644,-3.5396669931439764,0.089128305582762,0.14817405904575345,93.42535329508885,51.63327270183294,603.616132643067,-664.2689939834896,0.395480621239681,-0.34084231145935356,-0.25206380299426334,-0.34084231145935356,-0.395480621239681,-0.25206380299426334,-5.574926542605289
66.4465635120547,457.5444404462037,931.5313062252609,62.52572666546308,996.3686586026358,137.01408196425348,93.07250809643757,661.2851745232098,726.8981648074847,900.3652392947104,-157.96275638718964,272.79489024829076,804.9570496556723,22.931678144255166,-384.78035520115986,94.74595178121626,962.7695214105794,-261.6507736595898,36.737855343648796,547.6394386469954,-813.3585822238215,316.5289672544081,-87.89636559913637,868.4080604534005,633.8562432529687,643.4098596617488,508.8828715365239,-947.3263763943864,110.77024109391867,230.73929471032744,-328.79381072328175,-419.31720043181,788.245232097877,-980.3575026988125,-170.77833753148616,83.86847786973732,-8.615689096797409,-6.809823677581864,-5.20996761424973,374.20780856423175,183.4928031666067,664.6842389348686,-644.6860381432169,615.3270960777259,385.678481468154,10.78067650233897,-10.882871536523929,-6.360741273839511,17.40572148254768,-731.9071608492263,244.3821518531846,337.1216264843469,882.2033105433609,29.928931270241094,1.2545879812882332,6.430370636919755,25.815401223461677,-583.0631522130262,19.5726880172724,-355.79093198992445,-682.9066210867219,-516.2488305145736,448.34904641957536,-34.88359121986326,3.7213026268441887,20.05937387549478,-425.53166606693054,713.3303346527528,74.4532205829435,366.0824037423534,-898.7340770061173,68.64807484706729,-68.91705649514213,20.121266642677224,37.23209787693415,-351.2984886649874,-239.45124145376033,-556.7022310183519,-161.8452680820439,-69.02518891687657,-8.58006477150054,0.163727959697733,0.031486146095717885,-14.282475710687297,49.63116228859302,947.4965815041381,-334.8884490824037,0.759625764663548,0.6702051097517092,0.02482907520690896,0.6702051097517092,-0.759625764663548,0.02482907520690896,-102.7020510975171,-83.18855703490465,-64.23857502698813,-3.5735876214465634,0.2689816480748471,-0.04390068369917236,128.906441165887,52.245052177042105,785.2684418855704,-355.69197553076646,0.70726880172724,0.08492263404102195,-1.0131342209427852,0.08492263404102195,-0.70726880172724,-1.0131342209427852,-10.926412378553437
-297.91738309918225,103.58104424407632,768.3340322918851,-66.95459345300951,744.2595564941922,596.2418162618796,319.88462757527736,761.886529318542,132.05768621236132,444.66470092670596,491.7617944397641,507.6177337826453,618.8248940441669,488.3685032344412,-243.945572161499,-303.9224156007549,713.5632208010065,-363.1922834975886,-481.43324016340574,558.2281229843045,109.75618146635132,-63.87033151489719,481.2744439781788,654.3730591691145,76.26504508282659,697.7951352484797,656.628643321451,-697.1841056825331,503.1702663032082,-9.443698888655902,-459.05648757698026,92.0874920365258,650.9316203015502,-869.053680016775,169.06710002096875,310.34116166911303,-17.416439505137344,-43.065632208010065,8.44705388970434,660.501362969176,-47.54204235688824,420.45145732858043,-645.4684420213881,346.1402809813378,515.7466974208429,0.1260222268819459,-49.78716712098973,5.857202767875865,283.97567624239883,-698.9897253092892,-154.34200041937513,-271.24617320192914,739.8538477668275,288.2199622562382,-1.6080939400293564,17.359404487313903,34.50765359614175,-345.7768924302789,-541.4590060809394,-178.1838959949675,-841.2231075697212,83.14195848186202,272.5453973579367,-26.808345565107988,2.4816523380163558,42.81568462990145,558.7154539735793,557.3921157475362,-77.22310756972112,-141.5418326693227,-792.8360243237576,-165.68861396519188,-79.2811910253722,43.0819878381212,70.0398406374502,-493.4873139022856,700.3703082407213,-95.31306353533236,34.34077201447527,-13.063530357860877,-33.05166867712103,4.572778447929232,0.5723763570566948,-8.607157217531162,510.6497788500201,209.97647768395657,-519.1869722557298,-0.8827905106554081,-3.332529151588259,8.006835544833132,-3.332529151588259,0.8827905106554081,8.006835544833132,-78.15782066747084,-63.276236429433055,-7.425211097708082,-11.347205468435867,-0.6751105749899478,-6.357458785685565,-0.9947728186570165,179.75432247687976,50.83876156011259,-814.2581423401689,18.73039806996381,20.129272215520707,-14.869320466425412,20.129272215520707,-18.73039806996381,-14.869320466425412,-0.22155207076799358
68.99827288428325,414.7955526770294,905.3065630397236,-44.366018596787825,973.6834319526628,227.33622147083685,128.99590536851684,680.5211555959963,684.0345768880801,769.6880831212892,-183.9624681933842,293.9124257845632,778.7315233785822,104.49773755656109,-299.085757379875,68.25147306397307,899.1580387205387,-368.8463804713805,-5.591974656810982,664.9275607180571,-688.3784582893347,309.4964871194379,-96.32488822652758,746.8888652331275,597.116372053872,647.3579545454545,382.1641414141414,-866.2342171717172,217.26052188552188,239.8310185185185,-356.05953389830506,-252.59978813559323,749.7786016949152,-965.9859006734007,-142.64499158249157,172.6155303030303,-5.6618265993265995,-0.5290404040404041,-11.056607744107744,456.9568602693603,84.48863636363636,614.4057239057239,-648.9894781144781,642.1780303030303,230.79987373737373,26.758627946127945,-29.786616161616163,-17.113215488215488,-103.37521043771044,-678.8228114478114,243.3968855218855,406.7786195286195,778.0906986531986,-12.454335016835017,-9.232954545454545,7.162457912457913,26.2756734006734,-527.6374158249158,46.3442760942761,-301.89541245791247,-699.7186447811448,-516.7792508417508,404.2327441077441,-36.03219696969697,-31.17382154882155,3.208754208754209,-325.5515572390572,659.5690235690236,140.43371212121212,286.88930976430976,-879.0890151515151,18.65719696969697,-29.566498316498315,49.998526936026934,11.924242424242424,-463.8520622895623,-175.58459595959596,-389.3026094276094,106.41367203634861,-54.800495662949196,7.426270136307311,-0.024370095002065262,0.7085914911193721,-18.65200330441966,-88.67967781908303,814.1499380421313,-536.1036761668732,4.088186699710863,0.07063197026022305,2.2878975629904996,0.07063197026022305,-4.088186699710863,2.2878975629904996,-86.0419248244527,-65.4116067740603,-51.606361007847994,-6.07786038826931,-0.30813713341594384,0.21726559273027674,104.96902106567534,67.19041718298224,663.2370921106981,-543.4072697232549,-2.7519619991738953,0.6462205700123915,0.0617513424204874,0.6462205700123915,2.7519619991738953,0.0617513424204874,-21.26270136307311
50.634654072886725,54.06326282709864,21.77866275001078,150.33989466620628,17.841193806929795,79.71405563954427,190.01917582813394,85.60603231777938,71.10526817490776,133.7012704965734,178.32260041470923,166.39103792057497,198.03792817881668,341.43402018237407,256.84076554652574,116.159066514225,97.50480470673126,157.4642535321155,77.14113908115931,65.89058117638346,64.70116833942957,212.770777133315,246.61701867200438,135.15299441279808,97.29827202315025,186.85727206182796,152.51526913778778,61.36381250478105,273.959134105884,102.46118583552709,205.9859200154949,232.92226165452334,211.97073295537697,19.432992392087378,58.89918409558189,69.18634130127296,47.44167408080694,38.430111552587945,29.57451367830771,46.08013800438428,48.485221725051964,30.340266505368646,131.10513482925788,103.64884571024602,146.49119958557517,120.67320644533288,67.49330953396839,78.83813277244238,113.78839896681657,85.87346378170885,90.69942241884532,206.1878281495248,191.47940228559136,195.77900312822013,183.18478547628615,131.03859693189446,154.2071597996109,106.91359487180657,163.16322622211015,142.00277781578248,83.71160953123429,145.50255260386052,153.81946485181535,63.56241220716548,45.86690438764316,55.70899996973491,147.19349230989738,154.34454701372923,93.42031364974794,262.9856989428518,208.5714013604327,157.34848679947638,155.23936769542854,70.27052490594411,77.019730789363,103.67904039764507,142.8175379958828,52.01219770855666,7.995697565766391,7.896883495191076,3.9505699891614556,3.97045987292204,3.722499980926115,4.53220173871599,55.489577893061,75.82529837124564,125.80718522280455,21.11222545331305,17.24012448664867,18.67317358883093,17.24012448664867,21.11222545331305,18.67317358883093,6.2684747393104505,13.020887227292697,12.855752815837414,4.429688009422462,3.312599030576283,3.6396769822755237,19.467427422663288,26.844055352513525,102.43261575310424,176.49588819420254,26.437653722310344,21.06317720864487,21.084031580695093,21.06317720864487,26.437653722310344,21.084031580695093,2.951714826353173
64.45166767462037,40.83825688519803,20.227711081307586,126.93484390275988,29.732809271467787,144.67052691894654,165.6479848948825,185.0481661611999,148.00504129944082,107.21202931829086,242.96498673385173,190.16556766027978,332.3291103085503,389.52941341517413,477.5355120775451,115.04280868502151,92.7342923838848,189.86519809894315,122.23213130715752,48.57118340811281,51.19243485112005,301.508898529986,249.17165733919867,187.9305098262799,196.20984029154076,165.12671578264604,223.57602127598423,130.19461933105788,193.28945549448656,274.8960968153653,381.4236351044745,194.9907736005614,259.8457557943739,22.731383747766742,111.3562457769563,65.2682425868225,150.1634922772886,64.85432661218601,75.84904154966053,42.21267359750433,77.89332928193795,27.596786818226107,143.89767907057592,147.05234129271065,207.71117971884414,445.61663496408755,309.26426136821664,302.14881864857097,202.18734479447724,68.45621049682288,154.7631998880798,218.54800243466843,170.14486840297553,293.27026106113493,617.4432321699104,435.1413386702691,414.3340897596914,132.03196483802586,145.3791713535613,135.55741435384815,180.9855861450245,157.27580512016863,183.29881067009615,299.9426439212429,230.60169748394662,303.05970865014245,282.0087514173012,201.879774778315,188.80732306769417,172.252857720091,157.33990581575227,350.62973911893835,530.5531305373535,346.5675034932287,285.8049833001274,261.77577173629527,186.69967682344478,179.29365342974563,14.708415366050117,5.4631026046038365,7.547333656495275,5.422081490267959,5.1848002287686725,4.391456765764169,71.72528654286386,58.97424253993319,88.50554367855223,32.73733385768656,21.553548408174144,24.69028019508525,21.553548408174144,32.73733385768656,24.69028019508525,8.646452049340274,28.961995881802377,6.373731861620435,4.3493382344987035,4.874887857846432,4.588824738932477,13.534473275104745,54.6653901257243,62.24917863445371,84.05178292065662,32.164345420885354,26.753249029005055,25.299599629640834,26.753249029005055,32.164345420885354,25.299599629640834,1.5943748998046565
40.142569456325155,44.436966218975975,23.16871347906884,83.54289405434477,32.00943680580951,144.69190996225103,146.63514856573784,186.11248850233187,138.91124266366128,105.46685381993493,205.37595160853965,168.86150555228397,204.88569509666038,389.2238860915373,336.9475367492529,111.80899134668357,29.06317777683868,118.29795814597475,49.77553910131251,17.921245320567042,16.846726419198774,291.6609410314533,214.08925092416806,166.44023684724095,152.86712103053642,156.14035823630635,186.3144002496698,90.43444813970493,149.28280562423637,212.8447368236481,239.55687065655934,150.99749420559374,169.01417724205507,16.950311330198787,68.48030695387145,41.1983025898236,133.91475504261368,55.57612269352144,68.41937123000676,17.519371427706467,62.530420470974676,18.95512843235599,136.01310891775634,138.06609568216783,172.44879868362528,485.3654954190305,357.514643486958,317.32080061184774,221.59119794411646,65.38537644429363,137.78655406366218,189.7247344365688,162.26215869548219,275.3311481186264,517.0461125653942,470.8094918005058,376.59143508577455,140.24600153087215,137.43311631534718,148.75061773755064,178.9831507287719,141.00379036826686,152.80337642313486,330.49074206258837,274.7722053897304,280.9272764937137,221.39897108088857,185.97680176462163,206.07301894607048,143.4707587050358,109.02554208052294,226.76733469335994,461.7947611580012,388.61412985509276,255.57056901133848,198.3996335115685,191.829684168923,203.98058538504276,12.43067463432349,4.764953514566114,16.02181497794348,5.5306336439860555,6.740271215598259,4.850778757063319,85.09023239183145,27.341117365005022,92.8344794156235,39.43595674236899,22.46949619209426,34.254166940359966,22.46949619209426,39.43595674236899,34.254166940359966,3.207440193717286,23.072389201459714,9.154755399817432,7.009818593555992,4.825530307167209,5.5843570597331595,9.541507868062745,24.9351804599423,38.269681987466114,105.18604532971668,36.599557013332074,24.501140900733542,28.272091300755275,24.501140900733542,36.599557013332074,28.272091300755275,1.1845157994355882
295.98174622066637,476.4881952307898,318.7075622777933,220.08835324854277,185.71314152407749,279.1536124751339,422.83595041725385,227.5231132924196,381.24414005335063,337.9597473933841,352.62739596549176,353.8804887135566,361.0244643885852,397.8229755362211,466.78243561145365,294.0525413653577,310.6465657945696,351.0350983056488,347.8638053912846,259.0517849842987,525.3071141681332,390.9730632321253,362.61610624653304,390.73395481059765,381.00143425912665,259.65259801161557,272.29015969544685,389.24893379051053,372.98623386253377,213.76136451457765,304.9599124644829,486.9423268126662,348.3902226453312,128.4865734259316,265.1693173978851,230.23383936919535,307.6177630094656,357.07102567661724,260.02546939055,170.7406808119607,406.0057711461322,354.14293252199633,209.94890293010087,393.82234425210015,194.2502828866094,712.707253981949,484.9475294591893,555.5596718857613,453.99110461103623,366.3833834403344,377.92814657808583,394.8934103999709,357.40517032397076,313.57131876244364,785.1312329559931,850.2267840453126,855.7065727621471,470.7006893674172,305.81658216752413,608.4451853422048,190.2733499358069,403.98670074911314,246.99850827839362,511.4074335528265,445.22063865177836,506.34078169115037,455.7735613138965,264.9866911085747,387.2749943768891,447.90227829601935,368.1644035699307,264.8634361426927,595.9633109686608,449.0922889634717,704.93338974889,539.7623423479683,365.4739981121323,329.6330796464114,141.68004995654047,30.253802483835486,37.98313605804472,214.8081449624485,203.75468814923838,260.7531252268025,512.030681938968,508.37676609541097,279.65130470851807,861.5909919068226,728.0908575185434,598.2521357171447,728.0908575185434,861.5909919068226,598.2521357171447,47.930560719335475,64.32137422203424,33.43341470877225,14.302464890419671,210.78702644263257,162.9540259285235,239.38292707711867,290.30709375298284,524.0053611148752,271.4126492453272,643.8088612951253,522.8227619699971,543.5679734653779,522.8227619699971,643.8088612951253,543.5679734653779,32.34163678388667
79.57353939819772,195.80630182905693,208.55449624864113,145.5740871518454,73.60277423287755,165.06542330212312,192.2096870757449,171.05386322944526,194.1379514589001,184.14956239387612,446.76234423728283,230.51631329700797,260.9905556646613,422.7885686198908,417.707420565892,168.9468763859145,113.9534299418897,213.2358024398549,115.29550917076756,129.92868616375523,160.60224229043877,290.12771456101257,476.1704999487214,216.97891621664388,334.0002327420502,229.44070720418605,252.72685030486426,199.04633201660084,319.48704265085007,222.12776340826142,285.7758159253235,387.7755660110734,244.9663779096234,35.35479151346451,110.25340790708088,105.62898235851105,247.8881076281422,138.80012779984028,129.14198805104652,65.49591942434922,158.41190083950931,59.4172531284883,167.85445973678148,210.00491288635547,247.89456458437868,701.8837041789851,535.8785639722302,502.3722887039074,306.30445795639883,95.78398529520257,190.0624815419868,338.6615411690641,257.0853902831685,263.3392363022996,780.4476513794772,742.9448085464314,704.1083024299592,196.2688504152688,228.28439741884517,228.50256780613975,156.95186183978936,221.20635052491528,171.90746128124476,595.9350546537413,535.2217480641085,568.3033471328611,369.46953713315924,217.08411653531783,246.9339015618201,292.2411682071184,177.45888638171652,260.7641348602963,854.5218518213984,746.763803820894,627.6236973859169,368.86619417674825,354.75592268421,345.28623557340967,100.97399700745267,13.2596406588123,16.732683140281342,13.177424658161486,14.629132961707391,7.626623390167954,178.03515976351912,132.2473044886426,175.8341408977794,72.21169065858354,42.76039671638622,76.05520813952926,42.76039671638622,72.21169065858354,76.05520813952926,88.24610252280218,66.48049955009002,15.137050174117709,5.696040413841983,15.500972904923163,16.7054351342141,27.200546464764113,44.04471455067805,128.5682987374857,210.39342204470904,79.6463328754068,43.8787388793562,50.49150395837545,43.8787388793562,79.6463328754068,50.49150395837545,53.82698119856496
Lie
5
0.0
1.5248221634319974
0.13268824452025504
2.8064062469838995
0.14805209905562414
1.5248221634319974
0.0
0.3312642384022988
1.687536778715437
0.21782297026278896
0.13268824452025504
0.3312642384022988
0.0
0.1414546230015672
0.050531646306803374
2.8064062469838995
1.687536778715437
0.1414546230015672
0.0
0.13838029003580662
0.14805209905562414
0.21782297026278896
0.050531646306803374
0.13838029003580662
0.0
2008.6248328697834
13797.0460825476
2
1691.3052900195241
-1.57304108716118E-10
4914
0.050531646306803374
1329.730351728855
655.7447222539336
-1.2498852983824924E-10
1106
13253.559622499482
3678.109588193966
6.997834139398757E-10
1513
4626.767751372496
836.823884262627
-6.179057380237578E-11
448
1053.4389766294796
764.3983720040451
-1.57304108716118E-10
1339
7760.140545838842
1397.294243403806
-6.103748076334302E-11
508
110
188.82925963259535,222.92264185508913,160.35868082616648,314.5962925703456,148.92852421498156,400.06395418447664,300.02341933801887,185.32408159285313,262.7276656852429,193.29953680739587,170.06051589250717,166.58981727735943,253.99913366373667,244.56027916906237,278.36902129587634,209.4796475650222,401.28853430323295,305.67739124029606,154.75651731544747,159.7592754829823,220.94316667589496,217.91479374364837,180.37814192209828,197.90682825600013,200.2008442485175,198.61042790567032,123.17676749941285,259.1800571902225,222.4720344291453,188.79971795324732,213.8100188590448,272.8513279934543,175.3024806268815,70.83868835645731,100.23801787515711,182.65197920384196,186.49860290993675,171.33036363280004,184.9085278514793,115.85828484848206,132.50395564012075,153.70533661579273,176.141815774474,222.47941099438177,88.12918392611984,408.72333539828827,288.6082590651038,305.53971484981906,149.3093166838404,177.94779629803352,162.40526049445765,187.61948401206794,213.16494130643932,179.73341911112874,424.7694699855532,663.1636551392594,502.3053477959332,248.0698865704648,184.19088401593353,105.0766287364119,138.23289104979017,119.70480309630342,238.83085829029218,202.81198107997213,214.44384099079315,269.46936409404043,170.03004235956527,94.12959795189101,196.30035206802376,172.65922355280944,170.01136150526003,152.71153372484585,271.7158941588648,214.93678962465458,272.5508569654552,112.29056104368753,208.7119096675152,181.52199509041245,162.92572417509976,9.870952149519221,8.935670117260985,97.00341965875246,109.52656308199384,134.89105227092602,146.46758599453716,189.17304173482367,143.17822417944225,423.6482047185713,393.06746454803425,448.52532457536506,393.06746454803425,423.6482047185713,448.52532457536506,26.294920663742122,121.80166931520681,12.064876384387203,17.910021878955536,132.902794801679,139.5718549250884,207.7881062722739,290.3342867641161,222.4136890821171,212.73832653248016,520.7981261062672,455.24381996389485,448.2833699899806,455.24381996389485,520.7981261062672,448.2833699899806,46.47024947409554
-794.1244393005481,235.08906716366914,530.1802293318304,708.0050327880962,412.02396824855373,291.10216249153063,-747.1961764320381,190.73320012164513,483.63301034937507,248.00012639442772,825.6951618269486,472.66358552573314,805.8720247804329,325.8384817661807,-439.12981610106146,-760.7893267019398,300.22869424742214,-108.72346015367583,-892.2233589666051,243.01086371453005,-148.31375065606005,-322.2711396604103,737.3313730172837,532.0396120788025,-220.75232948902683,485.5645219742319,879.6518574789116,-942.3295389462412,69.20064695657497,28.47959376596585,-460.7343016247476,-263.04839721905256,774.7072577530404,-579.4935636917098,790.7841600689507,7.225487808526487,3.110183521634676,-3.615671727413206,4.513707013893461,117.22922598193446,-837.7826112385866,657.7524640433174,-348.7701364431756,88.87723104156713,892.8224177074634,32.50255872537913,-4.482842469464922,9.99904167078235,-433.8776116343886,-280.8889549444395,-806.6026360038825,-654.786896893764,559.708717231507,429.34363176590676,18.44554608305382,2.493609619064915,42.209886222468036,219.06905562466005,-75.64380117745148,-992.2910435175029,-98.21018023450819,-915.888258987755,-263.9151293347408,-37.052100958801056,17.73502813417381,10.32133335682481,-759.741913012324,780.7505421123086,121.65977849840891,273.3532390333199,-925.7061625293279,-98.32991952144685,-68.83678669155474,27.45775929458184,45.17020563408492,-1066.345141675978,372.03254095047777,-131.8317774457696,-8.391941391941392,17.246845746845747,-75.495115995116,1.0801790801790803,-2.8833943833943834,0.8044363044363044,913.6098901098901,-282.8019943019943,-213.6994301994302,23.252747252747252,-31.991859991859993,3.942612942612943,-31.991859991859993,-23.252747252747252,3.942612942612943,-39.497761497761495,-38.68518518518518,0.38400488400488403,-61.20940170940171,-0.8431013431013431,0.5895400895400895,-50.165445665445674,861.7930402930403,-37.76455026455026,-509.9273504273504,-28.705535205535206,-20.82336182336182,39.19149369149369,-20.82336182336182,28.705535205535206,39.19149369149369,-36.98819698819699
-853.9853273137697,327.66139954853276,457.617381489842,877.5169300225733,359.3261851015801,73.10722347629797,-848.4469525959368,147.77878103837472,437.8510158013544,353.97968397291197,863.5248306997743,401.0191873589165,791.5135440180587,364.8352144469526,-555.8747178329571,-894.7674943566591,385.2076749435666,-154.92437923250566,-912.0169300225733,187.0530474040632,-268.0530474040632,-219.73024830699774,830.989841986456,508.234762979684,-266.96839729119637,532.2607223476298,882.3408577878104,-999.6162528216704,36.53160270880361,-38.17720090293454,-475.13092550790066,-298.27765237020316,814.4198645598194,-564.7121896162528,819.9097065462754,50.93566591422122,-9.706546275395034,-6.194130925507901,-1.5270880361173815,129.14221218961626,-869.8961625282167,633.3860045146727,-376.1455981941309,23.83860045146727,920.1297968397291,12.413092550790068,-12.443566591422123,-4.451467268623025,-465.47968397291197,-148.22460496613996,-871.6331828442438,-723.5451467268623,609.8318284424379,313.7923250564334,3.379232505643341,8.77313769751693,17.81489841986456,398.0643340857788,-92.25395033860045,-1013.7415349887133,-128.10835214446954,-934.9018058690745,-270.9650112866817,-36.340857787810386,6.081264108352144,12.98645598194131,-734.4988713318285,834.8690744920993,111.44469525959369,249.47968397291197,-964.262979683973,-91.17381489841986,-62.67155756207675,20.778781038374717,39.104966139954854,-1074.505643340858,425.5654627539503,-109.29571106094808,-169.21971066907776,20.122061482820975,-76.3001808318264,1.5216998191681737,-2.6645569620253164,-1.5433996383363473,904.1546112115732,-332.50542495479203,-236.9620253164557,3.8300180831826403,-8.254068716094032,1.6808318264014466,-8.254068716094032,-3.8300180831826403,1.6808318264014466,-37.27757685352622,-26.134719710669078,1.2151898734177216,-71.31103074141049,0.0922242314647378,1.1112115732368897,-67.19168173598554,954.9538878842676,-119.52893309222424,-423.94755877034356,2.122965641952984,-0.0189873417721519,1.061482820976492,-0.0189873417721519,-2.122965641952984,1.061482820976492,-55.91139240506329
-712.911434236616,165.1130204890945,562.0753469927297,574.1552878179384,486.18607764390896,311.69946452476574,-612.9358889623265,288.84798413747524,461.8354263053536,198.02965159377317,739.9169755374352,537.0229799851742,706.0642570281125,373.7918340026774,-445.43908969210173,-690.5016523463318,402.17977528089887,-166.743555849306,-827.2875082617317,328.5459352280238,-130.20092531394582,-367.5188367481824,665.4838070059484,549.6311962987443,-141.51685393258427,428.44348975545273,865.270323859881,-828.801718440185,114.15928618638466,75.52478519497687,-350.5941837409121,-196.08195637805684,734.8797091870456,-608.1150033046927,750.2571050892267,-13.12491738268341,33.03106411103767,-3.280237937871778,13.840713813615334,152.3932584269663,-790.3522802379379,670.8816920026437,-255.64705882352942,157.07336417713154,880.2663582286847,78.46860541969596,14.003965631196298,43.33113020489095,-453.77461996034367,-381.5016523463318,-709.3463317911434,-611.0588235294117,532.8466622604097,480.52742894910773,53.45538664904164,-17.95505617977528,93.55584930601454,134.58426966292134,-130.78585591539988,-951.7805684071382,-143.50760079312624,-891.4910773298084,-264.8916060806345,-37.764044943820224,41.78519497686715,1.4230006609385326,-714.0522141440846,798.5485789821547,156.33509583608725,317.349636483807,-885.4514210178453,-53.37078651685393,-84.28288169200265,43.67547918043622,36.92200925313946,-1031.8407138136154,304.9358889623265,-167.18770654329148,-9.495042961004627,15.236615994712492,-76.10376734963648,6.060806345009914,-11.343688037012559,6.5261070720423,916.7660277594184,-238.8995373430271,-207.70059484467944,23.141440846001323,-61.838070059484465,18.297422339722406,-61.838070059484465,-23.141440846001323,18.297422339722406,-40.98876404494382,-24.077990746860543,-2.4203569068076667,-52.56708526107072,1.5175148711169861,10.348314606741573,-32.73694646397885,766.9411764705883,31.34368803701256,-584.4230006609386,-69.25974884335757,-45.70918704560476,96.97752808988764,-45.70918704560476,69.25974884335757,96.97752808988764,-32.49239920687376
-753.2723214285714,-32.707589285714285,682.2700892857143,325.20089285714283,324.35267857142856,921.5424107142857,-810.4375,177.22767857142858,565.8125,60.72767857142857,785.9419642857143,645.6674107142857,953.9419642857143,365.93526785714283,-7.779017857142857,-789.9933035714286,564.0848214285714,240.90401785714286,-904.9151785714286,290.3325892857143,233.56919642857142,-374.93973214285717,602.8035714285714,698.7991071428571,-130.94642857142858,238.03125,1014.4330357142857,-1003.9486607142857,89.22767857142857,76.10267857142857,-552.9977678571429,-236.43303571428572,792.6852678571429,-629.3303571428571,719.6897321428571,-296.19419642857144,-12.683035714285714,6.087053571428571,5.53125,4.493303571428571,-644.8928571428571,902.3035714285714,-142.4375,384.59598214285717,897.7366071428571,9.752232142857142,-20.495535714285715,-5.470982142857143,-645.6897321428571,-418.34151785714283,-612.328125,-491.0200892857143,626.2522321428571,569.5535714285714,8.587053571428571,20.142857142857142,28.113839285714285,189.109375,122.60714285714286,-945.0535714285714,21.524553571428573,-891.6919642857143,-452.90401785714283,-38.96875,10.397321428571429,15.691964285714286,-898.6339285714286,642.8482142857143,288.75,360.1049107142857,-850.484375,-118.66741071428571,-48.138392857142854,-3.1361607142857144,104.34151785714286,-1064.466517857143,221.11383928571428,-217.765625,-178.64732142857142,15.662946428571429,-76.44866071428571,2.2857142857142856,-2.5267857142857144,-0.8616071428571429,947.2075892857143,-246.44642857142858,-208.26116071428572,0.07366071428571429,-4.837053571428571,-0.7924107142857143,-4.837053571428571,-0.07366071428571429,-0.7924107142857143,-39.40625,-95.33258928571429,-4.212053571428571,-42.28125,3.3526785714285716,-2.7723214285714284,-28.616071428571427,695.9665178571429,76.49107142857143,-721.2477678571429,2.267857142857143,7.558035714285714,-3.1830357142857144,7.558035714285714,-2.267857142857143,-3.1830357142857144,-7.638392857142857
-835.5347274085138,316.45257654966395,500.4690067214339,874.6713965646004,400.32337565347274,88.38909634055265,-711.9970126960418,97.0888722927558,698.5690814040329,286.7228260869565,888.6510869565218,395.9054347826087,842.5481702763257,257.4607916355489,-477.7669902912621,-837.9902912621359,439.12546676624345,-311.3562359970127,-920.3211351755041,208.40403286034353,-220.22554144884242,-285.75877520537716,773.8476474981329,501.84839432412247,-279.6034353995519,598.1389096340553,836.8745332337566,-989.7333831217327,42.9529499626587,114.94324122479462,-465.7303958177745,-292.545929798357,822.965646004481,-562.747572815534,814.3928304705004,122.4286781179985,-9.18521284540702,-3.9805825242718447,-0.18297236743838685,132.87602688573563,-929.3778939507094,556.9895444361464,-479.4017923823749,-2.5489171023151607,875.0074682598954,13.073188946975355,-10.665421956684092,-5.155339805825243,-315.176997759522,-263.31067961165047,-899.5974607916355,-682.2957430918595,559.0149365197909,384.3539955190441,1.6138909634055265,10.527259148618372,18.70052277819268,204.57057505601196,-127.4772218073189,-1025.2987303958178,-78.01717699775952,-987.7856609410007,-56.87453323375654,-36.24047796863331,6.371919342793129,14.611650485436893,-763.6534727408514,794.9648991784915,-66.93129200896192,226.8252427184466,-973.2987303958178,-47.81404032860343,-65.4085138162808,27.40926064227035,42.26960418222554,-1104.1209858103061,447.31142643764,-214.31292008961913,169.07766990291262,24.320388349514563,-70.44660194174757,-0.2949962658700523,-3.7199402539208366,-1.7035100821508589,881.1239731142643,-412.0485436893204,-230.0619865571322,2.732636295743092,-12.502613890963406,-0.027632561613144136,-12.502613890963406,-2.732636295743092,-0.027632561613144136,-36.047796863330845,-55.49887976101569,7.129947722180732,-72.70799103808812,0.7864077669902912,1.870052277819268,-71.89693801344286,981.9133681852128,-131.8050784167289,-390.46452576549666,2.5795369678864826,1.7393577296489917,0.7804331590739357,1.7393577296489917,-2.5795369678864826,0.7804331590739357,-44.50112023898431
-832.5545722713864,263.6637168141593,537.3539823008849,635.8879056047198,414.03244837758115,682.7050147492625,-963.637168141593,250.77286135693214,9.221238938053098,229.1818181818182,867.9278996865204,486.7115987460815,907.141592920354,242.98525073746313,-444.7286135693215,-449.1946902654867,-787.2300884955753,390.4395280235988,-957.2772861356932,159.57227138643069,-88.79941002949853,-460.5486725663717,769.7964601769911,463.9882005899705,-280.2005899705015,475.5958702064897,910.5221238938053,-976.4424778761062,57.94690265486726,-236.41592920353983,-662.8908554572272,-331.51917404129796,663.811209439528,-526.6194690265487,848.5457227138643,-63.40117994100295,-11.76401179941003,-6.595870206489676,1.368731563421829,44.740412979351035,-837.8082595870206,721.6253687315634,-404.1622418879056,7.557522123893805,913.3893805309734,10.613569321533923,-11.793510324483776,-4.227138643067847,-431.8938053097345,-195.1769911504425,-880.8938053097345,-707.2418879056047,473.7315634218289,523.4100294985251,0.035398230088495575,12.985250737463128,16.793510324483776,145.6283185840708,86.53982300884955,-1020.8997050147493,-57.023598820059,-778.9852507374632,-624.7138643067847,-36.92920353982301,7.899705014749262,14.976401179941004,-817.9823008849557,694.0648967551623,390.3628318584071,240.42772861356931,-902.5457227138643,-363.02949852507373,-63.54572271386431,20.805309734513273,38.40412979351032,-1053.4306784660766,389.9911504424779,217.59587020648968,27.409448818897637,-0.2736220472440945,-84.39566929133858,-12.153543307086615,23.728346456692915,-3.045275590551181,980.7933070866142,3.263779527559055,-142.58661417322836,140.3996062992126,-70.0984251968504,-19.246062992125985,-70.0984251968504,-140.3996062992126,-19.246062992125985,-49.06496062992126,-15.240157480314961,-6.801181102362205,-51.34055118110236,-17.905511811023622,-30.021653543307085,-26.728346456692915,771.0925196850394,81.53543307086615,-603.7677165354331,-84.81692913385827,-76.5,88.71456692913385,-76.5,84.81692913385827,88.71456692913385,-15.259842519685039
30.735592081937476,51.681165305211465,54.37294620915196,96.1225280099132,120.7223397452423,286.7606904282403,101.94373659710948,47.37274528222529,239.13522244702096,47.94190969743213,28.985929836774233,58.186090265249916,59.15796470555573,93.55195505848447,153.80548686398788,23.072377003840188,41.91265854939771,178.84915821351245,31.52017999550048,39.65381988384978,97.54233330873835,83.19308783587184,43.84315791053685,77.64877587373495,77.03871735622093,32.910300503818334,37.42984489958422,12.934669653691913,40.73034675807391,114.77148595399646,67.63214570696229,65.5932656175115,64.56599838402813,45.45987997568329,25.00202876567563,71.01153986713582,22.828015844140772,20.98265653151579,17.721028712507888,40.134126556120805,46.505870438657034,76.74250721780302,23.71545582545244,95.28162194291693,12.88717109926462,22.770354602649643,20.76074844697588,22.841171398136314,30.862610335747505,84.98756508319511,7.366574718174342,42.77627641434818,58.836476852412396,36.186768937187935,34.02203635960603,26.612120782016063,31.780917476362877,112.27660221288905,37.87024921145416,22.098388404374376,22.296299462262414,58.60412489204415,184.1878613425219,20.883401376420448,13.313522668995294,13.701079897715982,38.84544922224912,18.93643284412127,130.3081995940104,43.97036925138796,16.543786302891757,84.81475482249299,31.664937626014595,16.556925977804198,17.066147088301165,40.14276038159999,91.8947672729981,82.97728586959676,8.042061953205675,7.228307957429469,9.28767684320148,4.865426946367956,6.4304529043194885,7.514596162856884,38.84770777706111,103.78061819349837,82.31424394181961,18.0382711143849,26.333771423159646,19.967175181715188,26.333771423159646,18.0382711143849,19.967175181715188,13.39439282651217,143.20026456269676,9.509546753982438,13.263941028453575,5.787847553427003,10.448811704786056,17.92648041235742,70.8405299046974,106.70979622360075,130.8443410748821,23.43125647066955,25.490422321036913,23.209255042099194,25.490422321036913,23.43125647066955,23.209255042099194,58.73117926286654
306.02772911436745,330.6356889066385,246.15990336116818,426.31149991364816,211.75614422053346,394.088907505828,473.09208359927686,283.97650742636057,272.76416012926836,290.37363735108374,264.42231797125396,225.1155758017672,409.67936904304554,382.7552055749977,323.9788160460373,291.53208714405616,400.2648669209169,348.12981494743735,252.3272628459612,248.17116396820114,271.5002763875358,291.68665431870664,259.4162196841835,275.10071292830287,306.6758731151544,287.5847970396603,187.35844822176276,427.26618541385085,376.51330862109285,220.92069449088612,321.6613874359292,458.6507730708606,280.45736703980424,102.30052854777468,156.42794837607624,224.69201936255178,316.86226158608974,293.044675769359,318.12037526084976,162.35515117559802,160.0383577422347,193.05268324265307,221.81851155779756,311.4601332236323,143.65887186905306,692.0101837524992,478.5136640722395,523.248627701383,192.6329235044244,235.85091393031595,206.44320760049064,257.67787784998364,302.8998062223764,229.92019421702693,694.8259246991249,1103.5750259614465,857.652678777666,341.88858211862043,243.2241174467472,164.26470996420323,221.81433821246583,175.78169731838491,242.34858937507377,347.89628422763417,369.0194672210041,465.34779284595146,275.9460960645316,129.18986140807678,202.5022325084512,237.78757032150526,246.7853005678263,189.90369842398673,450.5485214597579,355.7808924409931,442.49222842926724,143.23949173353947,275.74010650754434,214.91861492026965,162.8783471209763,9.847893829624628,9.439822930633321,158.33031410199087,178.0273693404275,225.12783437717394,237.5308155639561,228.34034679542188,213.11770378745015,648.4397817964106,651.3573055567067,719.3912844979465,651.3573055567067,648.4397817964106,719.3912844979465,34.331202825220544,125.99415980494867,14.436841398140833,19.622991604271853,219.7012127282035,215.29706842121348,343.70243423163936,426.7477863150616,306.9665063703445,268.6296984092509,854.2203230993563,744.664167427303,729.5439945410213,744.664167427303,854.2203230993563,729.5439945410213,57.78740092284172
10.21784822452247,9.753871966379775,11.051265447946145,12.844093485180595,9.97135458562658,12.654697706431794,10.071805953640352,10.334535917506596,15.066760457826105,12.805442843220769,12.081239831426089,14.33565697281194,14.042002434642413,15.646480600613197,13.840181003835166,7.15206825591077,7.130734559602623,12.182878730262496,6.94348821583401,8.396153934204499,11.089815844287378,91.56266265172941,106.11861492991522,74.35888425806861,9.715035314074974,8.558988955846871,12.323200784076352,7.095989224850993,6.829462556067607,11.426966495050314,33.36795733427343,31.194489527696675,44.57692300235225,15.344304056759194,17.735811215748882,36.65426183017197,71.86830783663085,58.290900608585446,38.26364336812599,28.842005003062393,24.01513584721781,20.299475659450316,128.59024155710125,83.06273568745104,62.02858761512843,238.00646456811725,252.14688907718204,100.74969118884906,69.64550494941977,39.002229838389454,118.31381285530519,148.99094472128354,147.1497167679726,132.3309247067698,426.0811031936076,570.1719212786941,219.02879584619782,185.57796314240215,98.72374464368598,74.39183271494551,12.26038617464744,14.470017684607297,23.18705536271051,60.64370516805571,31.765474369773244,28.51890110992598,6.057141085828124,8.919937020302243,11.955547793493428,285.708719136459,253.5160351309406,83.88216732992278,230.09813789789342,188.33183084785895,289.2613780814724,144.83935016143016,295.7368804323646,181.6731115000624,0.48760196137781225,0.946091584210691,0.9633312778307703,8.12863975558805,8.017832274872266,8.600169037782202,9.729874450126234,8.319771643005051,22.765433794042618,19.16877641514333,26.648390195731697,21.732134486590144,26.648390195731697,19.16877641514333,21.732134486590144,3.9544561843123933,0.4763869341470604,8.254732885610753,7.606450003482635,10.520702588981582,14.244020432758662,33.580647333837085,114.68398851172378,176.53485415052086,70.6766512579489,29.276047013407123,36.07147053748955,27.235118099210002,36.07147053748955,29.276047013407123,27.235118099210002,0.5504109566105272
40.270155851431156,26.72675971868774,56.55689797323526,84.15468804852419,65.31886247840197,257.16671478523017,58.731699678480126,40.00650567608267,72.56962205234844,19.832166325610334,50.832835332020665,96.45085220461672,70.7620892554593,146.5951857972301,235.0985184532263,60.88293352622049,89.13212561042195,90.78586920554403,37.887410025907684,40.923480476090326,103.25120616414902,200.56509681418453,96.85095926721003,168.40387655366422,98.70631206767312,28.423975684762986,46.88293567372481,13.54353600595114,46.79264468160237,160.30979837383148,83.37299656794859,50.15741979335571,52.56658116800308,28.73616752586289,18.115089861686336,69.6799749418194,24.085021103691727,26.007867832581617,18.52211887772189,83.33123803253586,68.72946240686129,43.895121077701425,32.02112806452784,46.42698066404728,21.120869419850564,31.875256996334308,26.671787284472096,26.606158313060952,31.097958102658424,87.36774654860758,15.448647547158066,140.419547753978,185.9729147976073,141.82624321038713,31.855726027489563,29.158293759211748,30.02371894482874,158.40141266454498,132.70815517846216,21.846805047043333,8.861102455015097,14.755594431701091,128.99373376045958,26.827753824298725,13.70855035699802,15.413533796795369,24.032041568227918,7.970862026839991,91.1800551138878,29.01688991683167,11.798713790760555,92.2818386246263,36.13441877815868,20.40797869207019,20.180161507110807,92.25568227503395,78.92185088091244,48.259496354628766,5.1778476585603475,1.9591404337633609,5.742671422464815,6.958583244707836,9.644657341920682,8.403469881886007,26.579623736134288,34.65591967910142,52.23818520354681,20.206709873497864,29.99535017342594,21.34606970323113,29.99535017342594,20.206709873497864,21.34606970323113,7.668142169742698,125.34897399959085,5.441040763144833,3.0105475389410885,8.401940866839334,10.670615012063761,15.954901347700014,39.866049545445634,72.56033068102836,93.07683256358776,25.384756429366544,39.39065047923954,29.231403033041286,39.39065047923954,25.384756429366544,29.231403033041286,12.58040651336775
11.04586195417056,9.985442616676197,11.628561314124608,15.23288062414359,10.514380553583488,16.591730088277092,9.902239852021317,8.514434372052726,13.853033235412305,12.777418975580773,13.126542040923198,21.410738142655262,11.353283749340646,7.888446771483682,13.769986275833057,8.558388120801444,12.100180092715414,16.39468003665809,7.698062290429343,8.286115025872482,12.23975962293527,41.03490889757994,37.43439846739956,50.239425358596726,10.781635696403136,8.873141812021485,16.517570353626084,7.171118173190932,6.907470496650255,11.506411125500946,41.984322294123174,27.427830280063716,42.70290642534696,3.0372010552079662,3.4246069605356335,5.087820335210688,18.533762646110088,16.314733078991058,15.15354436975687,3.2686227227227795,2.7502215473758245,3.5264939043032792,5.433317308137092,8.608449873617205,5.468738961422277,18.280715222785208,17.75520139830635,15.199609766526434,2.5548289299657405,4.454696521375604,1.2285761604980117,6.877233944044921,7.724657414013965,8.395195494781461,22.83122895175493,21.051284676935296,23.500821194434096,4.466564854823763,3.0246582228462726,1.5371051429554958,1.624344391588134,2.6784954785529216,5.0463077010319,16.098834983479794,13.713314694585195,13.86300376544379,1.1119227513705574,1.7410568369237573,1.9987952594981169,2.0095771811109397,3.6382425116676744,8.274453630535179,22.18387663458012,15.873869567213811,15.232093397983057,1.5586378364512834,2.2327401448024458,7.57362954937391,106.73466922554142,7.625215945522089,9.062077219676883,126.20810296368613,142.8627602556798,157.01976633231897,160.79281692550938,161.7534628643422,183.53943510486292,683.3525747229722,469.46744152954017,634.3138836898248,469.46744152954017,683.3525747229722,634.3138836898248,49.8459729400645,71.75061869840805,15.430886780960504,17.11096656579971,162.85927338699477,220.40800771638263,244.90532933947713,361.34674308865533,232.74482714028593,200.2858834013134,659.5232932266305,583.051503065402,578.7353614256747,583.051503065402,659.5232932266305,578.7353614256747,28.403048034458113
Stand
Sit
Lie
