3
Walk
5
0.0
0.9202856210656941
1.0669367776747185
0.6079693892066363
1.096268729926177
0.9202856210656941
0.0
6.3368503060074435
7.143320107740297
6.216424879215948
1.0669367776747185
6.3368503060074435
0.0
3.5320342849971755
4.084553942524261
0.6079693892066363
7.143320107740297
3.5320342849971755
0.0
1.5472350812606255
1.096268729926177
6.216424879215948
4.084553942524261
1.5472350812606255
0.0
7325.8392861478715
160152.89073899187
0
5806.689776570039
-8.193525271727308E-13
35880
0.6079693892066363
29416.618131110707
8026.00360327515
-4.3769593079965177E-13
5996
17370.620680759595
5967.536263378138
-5.527327610722307E-13
6995
19771.642619085782
6250.384810122403
-8.193525271727308E-13
10556
156681.9590298601
6196.751888598763
2.1515543990341748E-10
7296
19547.001176836675
7371.468381854265
-3.817122299283999E-13
5037
110
311.23109461160254,262.7414337197503,437.43435640711675,176.268282567812,169.9784667744743,159.8463561840781,206.8483390503723,181.7916032256699,163.3107453279569,245.62636378180915,457.11387239561606,220.7090007816859,303.9760364259186,418.7496976160349,351.407352329274,202.12198587722466,244.61939801191048,226.56544894033507,259.87571108624377,1051.0691301318773,479.064464720798,302.5310148384183,406.54755181150966,236.70926254823107,182.7666127468496,236.20510855488718,209.41359135036566,231.36874395306216,340.22269841103883,226.60061933429478,228.12955427044994,352.9612696144239,270.75434034844636,290.24664334287934,149.017216231596,156.57434197902737,771.0104330052928,294.50877547857016,350.9788082461366,320.5417493539021,341.74225393161623,400.2267794857309,171.56801597366012,204.19006521444692,164.8202242779415,858.2869400251958,406.3860964531281,607.3915926058676,352.25597469163006,420.0765106216195,348.0456896078994,349.8859549588622,259.36789425466867,215.15846050955196,871.9321318074265,669.8896153531122,862.6784235892071,459.54901613305265,391.0044659345865,402.5065707166198,175.06336652362558,183.51928640796154,170.67985852984262,914.623821017505,482.48140633952636,521.0571997405732,312.63779830092074,365.8541238972,404.0250397667599,329.2678938882609,202.33470812806013,257.2720748695157,817.238204847984,861.507921680711,822.8494520306853,418.0937249728043,397.35396425094547,391.1144982299776,102.61127576654536,9.986045454768707,35.62476939904401,621.3839984421273,647.4535165433629,594.0383783781092,580.6639284497082,604.124367161495,431.2080619881721,2120.6158128274524,1752.5214634893612,1778.5936931256833,1752.5213776848175,2120.6158815036124,1778.5936931256833,101.25335091405073,109.1038557302797,15.23808291500848,31.87185932723733,633.1400472812734,660.7848452887805,596.1183589297324,531.6321172911022,679.792278844205,438.6169516397076,2274.0852714702173,1455.3500846278023,2016.9556964929607,1455.3501144214981,2274.085269984363,2016.9556964929607,62.52978184959441
47.09413727407321,989.9656795249116,393.221122584986,-420.25262312709606,907.124061205968,116.43236405321989,102.87054433067367,931.4649843436861,339.1460305032905,178.15921848292888,643.5393595963295,573.2658986616772,267.57362026863234,896.3720257930821,-122.87945107285391,26.462530118251532,867.9836899824128,-405.04402818613505,-73.25078805915182,970.9724761172471,-103.20087494657777,294.8922503733134,673.2502663736551,491.4311455806169,-200.6020066889632,908.113127090301,504.29997212931994,27.184228701566212,816.4711428354536,463.97940424277266,-557.1083914993013,712.4001113192779,209.07250353065479,-796.6118142581663,-56.815496098104795,369.24071906354516,-132.0345039018952,-28.932051282051283,49.9358138238573,544.3717948717949,44.13670568561873,-238.42316053511706,-916.8658305462653,-105.44796544035674,314.088740245262,-103.86530100334448,-44.99548494983278,77.00373467112597,592.1685618729097,68.77132107023411,-232.7111761426979,-757.0513935340023,502.81195652173915,98.49832775919732,-79.75381828316611,59.36744704570791,43.89083054626533,497.02578037904124,-337.63765328874024,-179.74108138238574,-952.3155797101449,-200.92040133779264,120.47926421404682,-143.33971571906355,-19.359476031215163,26.966694537346704,582.5023132664437,132.4860089186176,-78.8964325529543,-785.3173634336678,-473.17416387959867,-161.68372352285397,-145.55822185061317,-51.51792084726868,-3.2731605351170567,505.8015607580825,278.19233556298775,74.91017279821628,2.266737262847628,-52.36941015253658,11.332291564371893,-4.093709721495154,7.210631841037887,-10.783378283125812,-86.09980742756913,951.3175046122229,-616.0028253664796,-66.82240280423727,201.26059069953382,-43.98014123010913,201.26053452702513,66.82243067491721,-43.98014123010913,-11.980811539667704,-8.796550293440896,-43.1757929474735,10.66654133974098,-5.000356931329025,34.60294426542229,110.37837810761572,-189.88852992085512,748.8617296519725,-671.9200580471274,-1.7384391111383493,-13.973596659924631,-45.89596161336929,-13.973568417018821,1.7383553344756852,-45.89596161336929,14.021003653960005
55.06221155621193,950.1515599040059,428.7729370500277,-390.2754573696928,889.7547462892647,131.87297204004142,59.74559023066486,914.2766282225238,317.95098371777476,141.68247739293636,785.7568674287664,529.0689302166866,150.98569969356487,1006.4967654068778,-163.19322437861763,9.499478623566215,911.7898852971846,-332.41779631560655,-73.53910116808552,1003.8980399920807,-84.83448822015443,183.36505622657225,779.4266972094961,417.63348604748023,-224.5010006671114,951.3677451634424,441.5036691127418,81.16852791878172,860.4915397631133,396.90626057529613,-469.1071123997953,764.9945420433226,278.6692819375746,-718.6312983662941,-63.445296864576385,281.86691127418277,-50.19979986657772,-90.87108072048032,19.330887258172115,678.2958639092728,47.07138092061374,-300.1946297531688,-852.9748165443629,-58.51917945296864,251.28352234823217,-35.7498332221481,-90.36257505003336,30.224149432955304,743.8622414943295,99.39609739826551,-249.59939959973315,-804.6365910607071,366.38859239492996,118.57021347565043,-35.038525683789196,-8.10790527018012,151.3162108072048,704.2151434289526,-318.71714476317544,-221.75383589059373,-878.8252168112075,-198.79169446297533,39.665443629086056,-106.32338225483656,-46.5925617078052,-26.240660440293528,731.4491327551701,138.91927951967978,-76.19446297531688,-807.2810206804536,-419.24016010673785,-70.00617078052035,-130.89559706470982,74.84606404269513,-105.81220813875917,673.8167111407605,296.1784523015344,50.94362908605737,-3.545697131420947,-52.89759839893262,13.041694462975316,-23.248165443629087,11.912941961307538,-195.54286190793863,-83.96264176117411,1111.8218812541695,-761.9621414276185,-2134.3644096064045,-1228.549199466311,-1671.8323882588393,-1228.549199466311,2134.364576384256,-1671.8323882588393,-16.456804536357573,-20.893929286190794,-40.979319546364245,12.637424949966645,-8.014176117411608,15.850567044696465,-25.18679119412942,-220.81771180787192,886.1626084056037,-802.3170446964643,-2111.3235490326883,632.0171781187458,1612.197631754503,632.0171781187458,2111.3233822548364,1612.197631754503,13.948132088058706
71.26525119617224,971.626495215311,408.2674940191388,-464.56266205704407,885.278594065111,61.10486891385768,99.22646127267492,865.1189173625108,412.7733947595739,230.7350043465662,478.36322804984064,668.0524485656332,398.61501527717155,662.7226829623163,-132.31514622435617,103.54940165694998,781.4976986805768,-472.39153114452284,-63.799210734017365,955.1157063930544,-87.82904498816102,428.10388263189094,420.7379964433906,569.0583876704209,-148.72909220872052,829.0027162258756,591.4606147248035,-27.070079307858688,646.0607065609229,601.6919971160779,-657.4166666666666,522.762470657277,136.26041666666666,-843.7680869316557,-99.28992137240887,401.81529664045746,-198.36869192280201,-74.433881343817,45.42673338098642,441.71937097927093,57.237884203002146,-194.59585418155825,-894.3714081486776,-74.02859185132237,352.34924946390277,-158.17898498927806,-40.051751250893496,124.74010007147963,461.1056468906362,15.568263045032166,-234.8867762687634,-543.1503931379557,688.4567548248749,56.62273052180129,-98.02744817726948,104.13695496783417,20.066047176554683,274.26804860614726,-402.0456040028592,-120.9614010007148,-896.4847748391709,-272.3837026447462,183.83788420300215,-191.79428162973554,-67.48591851322374,59.48506075768406,451.33423874195853,164.90578984989278,-98.72380271622588,-599.691350964975,-566.1276626161545,-272.6255897069335,-175.1722659042173,-144.41729807005004,16.44288777698356,329.766118656183,320.3641172265904,106.77669764117226,8.506935506935507,-52.82039182039182,17.615043615043614,5.136994136994137,17.072930072930074,41.87959387959388,-131.64049764049764,931.4179894179895,-561.5722865722865,459.7873587873588,739.2400972400973,334.1934791934792,739.2400972400973,-459.7873587873588,334.1934791934792,-9.96896896896897,0.6934076934076934,-43.77405977405977,21.23866723866724,-13.385957385957386,20.865722865722866,107.23237523237523,-239.13828113828114,572.1545831545832,-667.7297297297297,-40.397540397540396,39.244673244673244,53.544973544973544,39.244673244673244,40.3973973973974,53.544973544973544,11.023309023309023
7.233681719581936,1036.2847564582923,357.66761979885626,-433.22918280402786,905.4267041053447,136.53563129357087,158.73408239700373,995.9247094977432,264.9883799097282,143.21755573248407,707.6457006369427,536.84375,196.76793614156568,1079.2503366031929,-125.288132333141,-18.102530230667615,884.9859770348542,-395.9991870744843,-63.487462813429666,981.6690395240119,-92.82564810879728,235.99158303658143,764.5681450307543,472.1617567713392,-248.88414172034862,913.2025388404699,483.76667298219024,65.29494059026447,990.9131851284017,353.4302414718283,-506.2817364401044,889.4119694479358,253.6667311224983,-785.2960418078003,4.544145509662751,394.3523114816218,-31.640867752936717,-6.044998105342933,25.09009094353922,551.2008336491095,5.125426297840091,-244.66682455475558,-922.2654414550966,-153.56271314892004,352.4100985221675,47.574175824175825,44.03126184160667,-93.01439939370974,592.470538082607,84.20632815460402,-259.1758241758242,-861.6942023493748,427.6386888973096,144.092175066313,43.793671845395984,67.54689276241001,-162.1657824933687,547.1863395225464,-312.5850701023115,-226.77879878741948,-1020.8233232284956,-115.16492989768852,120.52150435771125,73.54708222811671,54.26847290640394,-115.33109132247063,618.3855627131489,70.01544145509662,-66.34435392194013,-966.4637173171656,-405.50236832133385,-95.94988632057597,-19.431318681318682,23.199317923455855,-176.45973853732474,598.3511746873816,199.81337627889351,66.02065176203108,2.0393445746403733,-52.24826140802134,-1.3548632942745547,-6.115175764504144,1.383252357816519,-15.798513861103173,14.09164523197104,810.3249499857102,-622.8964466037916,-91.24454606077927,-20.03267600266743,-43.65399637991807,-20.03267600266743,91.24454606077927,-43.65399637991807,-10.392302562636944,-7.716776221777651,-45.46051252738878,-2.2632180623035154,12.421453748690102,57.0840240068591,200.99152138706296,-107.01228922549299,872.1751929122606,-605.9000666857197,1374.6206535200533,-551.9037820329618,-1111.645422501667,-551.9036867676479,-1374.6207487853671,-1111.645422501667,13.409736115080499
83.22565847883989,974.029594554602,402.1626220775377,-387.56641285956005,946.103214890017,137.35265087422448,156.9447390454926,938.8901758303098,352.2945855428412,126.21885913853318,751.3279976717113,488.5848370197904,146.76923076923077,1062.998745819398,-184.21112040133778,38.004060324825986,920.8554234338748,-370.46606728538285,-98.46030009377931,945.2416380118788,-167.00156298843388,221.01936848958334,919.44287109375,444.0174153645833,-227.88678728070175,1005.9028234649123,426.3719846491228,155.55137844611528,936.9402673350041,369.3201058201058,-462.3609285414627,857.3677807299679,324.83582715704097,-758.7280489540344,-101.68571820175438,396.6827028508772,-162.99547697368422,24.43064692982456,48.32017543859649,596.8469024122807,60.70956688596491,-273.6374725877193,-1006.851288377193,-159.30660635964912,237.2423245614035,-220.328399122807,-142.15679824561403,267.4956140350877,678.1498081140351,125.6407620614035,-195.52275219298247,-992.5583881578947,375.85731907894734,110.72121710526316,-240.53467653508773,-48.367735745614034,312.3074287280702,678.1818804824561,-260.0046600877193,-209.99725877192984,-988.4321546052631,-194.88993969298247,149.78303179824562,-309.9325657894737,-39.38500548245614,266.7986567982456,650.100466008772,130.82360197368422,-83.00274122807018,-939.3785635964912,-414.445860745614,-16.54673793859649,-260.87911184210526,-128.84594298245614,386.59498355263156,616.7467105263158,261.8955592105263,19.95216557017544,1.3428176795580111,-51.43121546961326,29.54157458563536,1.378867403314917,7.691298342541437,127.4060773480663,-242.37886740331493,1101.0367403314917,-515.7024861878454,1505.857872928177,1439.1864640883978,1177.3523480662984,1439.186187845304,-1505.857872928177,1177.3523480662984,-8.061325966850829,-11.220027624309392,-39.28093922651934,20.95635359116022,-2.1767955801104972,33.26698895027624,106.1114640883978,-245.29378453038674,571.146685082873,-667.4128453038674,-78.1610497237569,24.62831491712707,65.03370165745856,24.62845303867403,78.1610497237569,65.03370165745856,15.79267955801105
35.24142233312539,988.8407153254315,391.5629028904138,-414.55327623979286,905.2342162915754,102.45369448317068,-36.131489954247066,898.2192162323454,398.4945295404814,297.02917505030183,413.1519114688129,693.2338028169014,547.7483753046304,465.142567018684,32.09890333062551,16.279794959419053,823.7270397266126,-467.01131994873987,-69.97862595419848,968.6527808069793,-75.74045801526718,473.1002470152326,349.54899135446686,580.5370522848909,-103.48401826484019,814.1733174508636,613.9188008735358,-227.53968887116076,460.6485839648983,721.3671719186278,-766.3208086583622,332.20114355728,-33.79579334286298,-902.5404010323605,-53.53543776057177,335.6372840976772,-302.8777049831249,-17.270001985308717,147.03871351995235,437.1848322414135,80.19952352590828,-161.6628945801072,-882.5014889815367,-26.09747865793131,366.719078816756,-258.19853087155053,-43.69267421083978,146.7788366090927,468.42882668254913,-8.521143537820132,-207.99126464165178,-437.02918403811793,748.831248759182,19.503275759380585,-133.6349017272186,216.42783402819137,-7.866587254318047,192.21600158824697,-435.66805638276753,-68.95612467738734,-921.4460988683741,-292.66368870359344,86.15723645026802,-333.3349215803057,-45.402025014889816,-4.034544371649791,414.23863410760373,213.1328171530673,-74.93547746674608,-414.17351598173514,-635.1760968830653,-464.7343656938654,-219.1697438951757,-117.50506253722453,-110.3627159023228,195.60492356561446,386.0806035338495,157.42128250943023,2.334723049434187,-52.72721858248958,0.7849910661107802,2.198133809807425,-0.566805638276752,-53.636291443319436,-9.00357355568791,866.500893388922,-648.6793726424459,-563.7706968433591,-173.16120706769902,-401.13857454834226,-173.16120706769902,563.7706968433591,-401.13857454834226,-18.45284891800675,-6.327377407186818,-45.81318244987096,5.830851697438952,-30.368076235854677,30.824498709549335,92.40619416319238,-178.106015485408,829.8072265237245,-667.4020250148898,-210.548143736351,214.56104824300178,-84.96883065316656,214.56084971213025,210.548143736351,-84.96883065316656,16.985507246376812
333.4565360792479,295.3909804748379,544.8204013280041,173.95910972817913,175.13455185659265,147.05343592378154,152.06342165185293,174.09293522881717,110.69998182917443,228.27719740486975,458.76854651596335,185.03199711863894,176.41969621172635,243.28166755117596,173.82804419248097,148.84473160985246,208.43826463397536,206.05025874466355,310.9677672728752,370.57340542734437,506.16427373567836,212.4873546142236,251.85315276915253,177.42289877720654,144.1439398488954,177.3846097329968,145.09159680272862,118.32050302524515,207.1441342320781,132.26333373768446,147.51415381981906,192.93454227383205,136.1709805714542,293.1352253151323,105.13602853752117,114.00768582083101,552.4765832918757,221.75629364020395,278.18689319034974,348.5170574099048,326.35895378211364,390.7416420563299,154.57819342040867,160.6960686756223,109.42272819912743,654.7414969396838,393.51414855703604,534.8926773388777,356.0687028316201,405.04290287872414,359.1763982091508,187.0086006112349,146.918120762758,141.1703443661646,723.5576575181982,441.05178202364954,864.9333823329671,388.69721851834674,423.24426690838004,398.8686725710539,157.87040579345717,114.75647117902295,126.78985449418079,723.7442878223156,362.6697230880267,521.5020210118369,317.9980165499304,348.69363419864266,406.8244670598454,174.71777193486594,135.48724179351748,111.95793232633935,686.669325859634,666.0036926211492,830.2079877015339,339.0386540426275,417.50015947538816,383.84430506810463,102.4406909344635,12.718489987381503,40.68736676466761,951.2251720254686,1030.5399458095783,931.8279276434904,954.1934623413316,1041.789175985652,663.179171047898,2646.2062969338663,1619.2797343663224,1624.1812219165658,1619.2797343663224,2646.2064950638496,1624.1812219165658,100.12798799726013,106.86008291658047,19.349821332300504,32.40286893526921,947.6539901444526,1015.7270354415031,923.7521994040918,864.2644449581679,1076.5327332138434,669.2534317029764,2667.523942542818,1506.441658987071,1911.3155343098483,1506.441658987071,2667.5240517126904,1911.3155343098483,55.897861801457815
267.81694080029524,175.33387279292077,300.04715357781856,177.7304868426393,162.23534817521474,184.92154644507622,257.5140692547401,192.12960505003468,201.29251012541928,259.912572195312,463.3697948567416,234.61585451647753,378.57860490105304,476.55151998305047,500.4129969819909,238.47229929591765,277.4740879611457,260.5823929033897,236.14050802871103,198.59970409644401,327.92522556377844,371.5076985570967,436.99086723770824,284.0466509663336,216.09296962811158,285.3201661621817,247.2406165875954,286.46378604047237,386.80096516380297,256.14179188886607,273.0322517872542,409.4754804667154,353.51934090831014,224.25654723037712,179.29390391331515,163.26008369330944,867.4432622881095,361.69011926635505,379.79060407743685,283.5030012024002,344.49487171395697,394.1425577149509,174.44763723185756,250.08090663417812,196.30888082804296,953.2847919002112,424.4797756827643,643.2249601587032,312.15963973835045,434.51289655330845,340.39176371680117,394.5748869416025,275.29065557765483,280.9100298405262,927.0403544647409,822.5656728027062,845.7766965347474,468.205344736367,339.90784854666225,405.9505076213282,176.24034120473414,219.74254183679164,213.45565684212247,948.9656029642351,606.0925420122232,532.8297997836073,271.2799190390051,382.56569556913433,401.9055900166761,380.6933481310498,236.12911200155241,322.28283048021575,831.3736411339814,986.1008089395962,735.7011982215192,451.21346435593904,388.0596491964736,395.4602063872149,105.70464355726861,10.737629331306016,39.85878551600133,602.6893172706142,558.4987271287833,520.7466707085782,508.29096811587493,504.02217610636757,390.71764337725085,1960.9166241785408,2108.2723767236657,1982.2582074864526,2108.2723767236657,1960.9166241785408,1982.2582074864526,101.33594063395532,110.30815523470402,8.810789282832284,11.011245190673145,148.02820971886013,130.7986780553661,42.37104779002822,70.80212346254045,38.9376810514574,36.890134657751936,106.5709379818193,145.96633747814823,122.21003843136342,145.96633747814823,106.57099823521503,122.21003843136342,63.06303963537894
298.59813542960336,312.1975210393524,471.59429955113904,177.60799758477023,168.31829193962443,138.65604591652462,170.41042935449985,162.51056970035535,129.02888620839275,231.43776846306312,407.7935226935537,209.59720044055257,205.5792242669899,246.37190397676713,229.77873754319248,207.6616887788488,241.1197481199285,214.92959662039132,238.20493144706512,217.19477453139666,339.0424299415395,250.53066177855735,330.4023957485538,220.34499383875104,175.62509521610497,202.12366424714682,202.11196936041455,146.33881899445618,196.26700210078542,148.64938350257748,177.32291850189887,198.3783393881621,170.8328451346842,325.2984048647046,156.31148330556957,160.29230309178593,770.1389777517749,286.9035324179021,356.09154706799,317.59475148495085,345.60460809771934,400.3729099271098,163.5985752275649,191.8622599950592,158.65203491960165,874.7066796129868,393.68807728512166,610.4364742822812,346.710838968993,412.7629408571901,358.5804458036913,267.5238246734296,217.84704997388954,191.36812011381085,920.050513443302,603.2744502463582,891.8577602442424,405.2434189000904,403.4944450449081,396.68842668158857,160.4633371437139,155.61055917169298,152.74816002229042,923.0432457370148,400.0730053164371,467.26763661619015,310.22533958813386,346.4509038125581,407.02014904825563,183.0177143382691,160.05431424773394,151.2358639532965,862.2934718345895,661.0933421772336,729.3178172958548,365.5637019707034,373.0262180987222,402.44616641713463,98.76011388403442,6.700224607534845,10.231323771230212,98.60663690010387,104.21588443868487,38.88686105524853,72.09499724523391,45.02128201400281,40.93347522276529,139.17773734827793,146.1442315424124,137.38573110608027,146.1442315424124,139.17773734827793,137.38573110608027,104.25159954560402,106.42738375139756,17.591642349936606,40.67034023391215,734.6984926769803,787.1356111014092,696.2244583487094,560.7388173523377,761.0224088589405,505.5615060236484,2435.1574914840753,1858.669441990777,2389.3809716759333,1858.6694462660073,2435.157446642642,2389.3809716759333,69.93603534736272
344.29984094562724,226.39733861691835,409.89020145645446,180.4511674938298,199.1614264616903,174.4499743306143,167.28684414155788,151.7426552948169,103.78906969486468,216.87202182812808,407.1720939088363,177.38945776564285,175.85203942376896,219.21385831618701,146.43931287656994,164.51885145880482,206.5505547533441,177.3938764186237,297.6149387661939,2289.6097795686073,764.3433867566297,178.17722179373024,239.01003909223536,163.105393989652,140.26848264042522,187.2533260096895,141.552755229921,117.66069702409665,175.22039332779002,114.03690373049557,130.08775813758788,175.48188229023268,117.05617518270078,325.1793582691599,107.44234238190023,162.02064298583522,672.1899743354446,287.7415466298459,324.585500652364,335.1286099305276,338.4230469105549,401.3550236198875,166.5347513056821,150.73959095028513,118.12428694051734,765.5815464091918,402.595362267588,488.8929705464295,346.81953070135137,408.7124213640863,357.7101468701109,195.34210237547933,136.060409953968,129.278712336611,822.6179349650896,424.01057676311603,787.5740121393723,370.88955727220326,413.29594118775185,395.6883983136183,167.01883614331098,133.177320056094,153.01225006142613,807.5129870403598,353.2335583534387,437.02535819428596,303.8270018738254,355.407636869072,411.003899753728,160.77920628742243,125.1062137450177,112.09827646463496,777.2659819962275,703.8339674337196,762.0887076838355,319.34398871485627,406.907439364988,393.45917420887184,98.43317994462096,11.644927224329699,47.85604519552079,830.8054817776735,891.0945913898404,797.4171796039234,728.579281770686,692.7227871368397,581.4216623841984,2232.211253834387,2151.685858453276,2269.137279173227,2151.6856723581654,2232.211253834387,2269.137279173227,100.51696788683749,110.44823623746642,10.039503198881446,10.57105630241919,143.5284627870447,138.86421294963353,54.35302969532111,72.77668347954628,59.12917136225795,42.645758609313525,137.0348066212553,135.41733561824012,123.16020100723266,135.41705393652163,137.0348066212553,123.16020100723266,57.672970659493366
308.7753036875859,244.32282301171384,419.989645409034,150.29837057974206,114.86276287443052,134.58032486744767,225.36930300905303,206.79527604981806,211.44407256208424,257.6554931364994,453.9590168207655,220.852307351617,373.3914345069978,530.7647719355139,569.3070840312006,209.77081188839605,256.0651550504534,246.36940357207226,208.11984414177925,194.88089463799452,318.79855142847913,348.46560812400753,422.1653064655231,269.17413243910346,188.24107557715996,277.31924885431266,225.5972207159238,292.1952930631045,429.21775414323514,226.50458572879594,257.2800487611164,437.55180992796846,388.9973977393508,177.92335713552194,138.18335636768012,127.2325476874288,929.2009772109025,269.19182240783425,393.62700909577705,223.91146754485442,345.05166828823496,399.2669697140573,155.5586075695136,223.68543576537624,177.95207870277815,960.267712732748,386.80545798011764,679.8320687526618,307.10416567208347,429.46273836666643,298.77657196548995,370.22069730909675,237.24746557309913,286.01451164740763,877.5692097764326,976.1317621309328,801.197891923564,459.3982027560047,317.8149688829066,392.7246364214167,166.50644691943694,223.11911583458502,162.91771842349374,1084.2376244936404,677.3603368907286,591.9479337179736,224.50569794950775,393.53010865101265,385.7202437514392,371.18439716825117,244.35631462931045,296.1676406403138,862.5660414758174,1311.474810940006,993.952902996569,435.0803121697276,386.0085901980742,346.54665573136487,111.41144937489445,8.060745327620987,18.544807304033245,383.90637568862036,339.36133621123076,323.61220764740654,336.1945531808896,375.40502174407726,224.42705411449452,1333.574834193616,732.7020058444763,895.4765670987641,732.7020058444763,1333.574834193616,895.4765670987641,96.63132615936367,112.1821315996862,16.11380547553437,38.77376768760368,768.8669481469932,726.604936460531,671.7935758872691,651.5972017295451,733.7205237372925,516.1123171632221,2559.273130602604,1981.1252480112703,2631.4779371030963,1981.125495788557,2559.273130602604,2631.4779371030963,59.35426272124758
Stand
5
0.0
306.8051822951459
31.39890623427597
383.0319828120313
53.52367798567964
306.8051822951459
0.0
47.16873231473534
142.22822997599147
30.175498032044377
31.39890623427597
47.16873231473534
0.0
19.45995650409151
6.6312324396316304
383.0319828120313
142.22822997599147
19.45995650409151
0.0
69.07586583535671
53.52367798567964
30.175498032044377
6.6312324396316304
69.07586583535671
0.0
3670.469500596739
172904.63322766608
1
1511.0352487102175
-9.011209769857031E-13
55985
6.6312324396316304
16698.525710561687
4351.673557927431
-8.766877630441527E-13
14211
5926.645110878594
2180.5849797011774
-9.011209769857031E-13
14484
171555.62590592128
1530.2057160548302
1.6742242348945742E-9
3882
21167.484187800987
5261.849495652286
-7.068140037895274E-13
11504
7991.633116695088
3007.8522344009266
-7.213237112844263E-13
11904
110
178.02650802808606,165.32746901199337,211.88771555369544,202.42156947966808,210.52055677474527,175.2317674732678,270.45433813333574,177.2790321477071,201.55339080817888,254.73907462106794,413.5341257466176,245.46398819830574,336.5182352836458,337.8411257039481,423.1008711815745,233.06669584245864,330.86381780107126,240.3335842637851,190.81818476320535,135.9885085742435,254.64858115370865,341.1094592812146,392.54932740342497,280.56695018650584,229.07539061817215,273.05128130228417,284.0381867916812,267.4652521890251,279.78103131914526,252.6145775728009,254.12981354339112,868.8007579959396,396.68244945273267,311.66896940594404,214.37837880868597,230.10866040965612,619.976738229669,336.1537456331266,321.9582539907336,340.5865053321868,327.9093252560035,424.47731322851456,169.2422009241263,277.4399162527997,232.50720076015568,671.5877059165654,393.96151464884906,575.547687834727,282.81143756605184,451.0248876645327,415.78115357509705,348.01880607785847,282.72798344689613,285.35851031139686,808.7871501696051,623.211541259201,655.5829420156326,455.6341049841931,359.08686319660893,541.1552461631447,159.52623959892242,228.35038522297555,250.26035642363948,639.8525981985609,458.37411081751907,406.43459328826486,259.2376684190373,324.4440815656967,469.57572856819934,277.9466838422064,227.6225783597634,294.5023895206911,623.0700519151816,615.5711539045452,467.96281554975366,461.4107501032183,321.65653327313294,400.91978545235673,94.60091008822123,5.490271417000017,10.357102223450617,173.2614119595689,175.81200603976006,134.60965581107337,185.86702679865172,158.75364852588564,135.4645688849476,464.6057082445655,711.2948198502487,751.3718962803123,711.2947785674262,464.6056965941105,751.3718962803123,110.16607343066195,101.09896230353571,8.205737628098335,12.687432762159586,221.89515482838075,212.897837667263,146.85096460874175,209.70268099286113,194.52206361356508,156.49598654491965,576.8350747467401,725.2864676877962,919.7799329952418,725.2864626587632,576.8350747467401,919.7799329952418,63.6324009554915
20.674955738493487,906.6442619664199,483.3695210236915,-574.8038656261238,768.4047037070292,70.4853977028592,219.0837623543676,881.4836232695719,294.0603882711452,188.71034966190726,606.1481391935372,614.4926594625767,358.9232638294081,792.928223583297,-117.08162769134556,64.58985893626738,689.5135386757207,-586.3841227684908,-81.13262773182556,962.5846873209356,1.2795061444678366,372.37478481932436,561.3419681516023,514.5478864638147,-235.2849156023935,866.58106635706,457.7470215236224,-33.34120758829342,778.120133658857,496.4554179042451,-603.7882712509432,650.0140915201443,129.0538063262127,-678.5265696168617,-69.3205501473609,557.9452889166741,-16.826435652406893,-3.102402429222113,9.544449406090918,321.78403143699205,42.93339287309101,-198.20764490488523,-866.9263552737341,-186.34348486201662,288.7472001428954,-4.097151022595338,-3.391944270786818,-13.802768598731802,445.7817093864428,38.34214521746897,-176.83642046976868,-660.6282039832098,573.6881128873805,59.167080467982494,-5.7367151915691705,36.45119228364741,8.477681521836207,320.48005715816737,-318.3952487273377,-84.19153344645888,-893.3450924354738,-120.07298383495579,256.44261855854245,-46.57749397159954,0.46746449941948737,33.95062963293739,421.1722961507547,63.85360364383317,-80.14478878270965,-741.6225417522551,-468.07339465928374,-231.40210770742164,-81.1233187460927,25.558667500223272,37.73773332142538,372.9293203536662,242.70708225417522,108.48284361882646,0.6270069588188567,-52.01346724489172,-0.13890938531467545,-2.228535282476979,0.40229699421367565,-16.46072095476702,4.231213860103504,811.7853805788204,-612.5468309733341,9.3725156561673,29.405859831251792,-26.403490440202496,29.40584196932449,-9.3725335180946,-26.403490440202496,-7.332834479912383,-27.279758500726228,-41.28505119510395,19.13061356171531,0.6374621999313729,7.9774735315380525,95.35768593354423,-233.2042314792966,578.3154197069704,-662.9542788615372,19.167057858918977,13.589513925064514,9.03050056979548,13.589531786991817,-19.167057858918977,9.03050056979548,4.899936099425128
68.14775160599572,941.2184154175588,432.64832262669523,-536.6908922330789,814.2526923899865,24.930247485913988,215.76302676537586,872.9911019362187,349.1976082004556,183.36396650114875,577.6889498258356,660.5802267842585,343.0413205537806,817.9369542066028,-158.28342208022718,100.61618777822744,735.1117766086604,-554.7239983812221,-69.74192319414813,965.2761353245961,-35.665955501371535,395.06466328747285,528.6326574945691,544.7422157856626,-204.986559707269,845.4367039617198,525.8185208641194,19.840762067249592,780.7202672922442,504.7015710528187,-598.5673222390318,648.6681074850516,178.88379799726243,-723.7628597565266,-111.68510308915629,518.4712546618816,-87.10175216381676,9.659770600239252,14.106114981352473,419.83196115685035,8.43747800999226,-188.41116036872845,-867.9013440292731,-144.27281683203154,327.5445781436915,-49.79037365421153,3.2586024910280766,24.77468158468792,427.414045457744,-26.551122369995074,-283.89937372457956,-617.8399127436493,626.05798325241,83.84420519316024,-37.61360917599043,85.56160720568573,16.41876011540356,225.8754485961579,-387.68742523397367,-167.0554500035184,-895.5839842375625,-163.7373161635353,265.56371824642883,-120.18577158539159,-26.374850467947365,43.68925480261769,475.1129406797551,63.74055309267469,-55.56329603828021,-755.6288086693406,-491.3801280698051,-192.6309900781085,-126.48884666807403,-7.562170149883893,9.871367250721272,373.58398423756245,240.21497431567096,112.59904299486314,9.314404334670327,-51.099500387024136,4.7827739075364155,-4.746956582928717,-1.4175638589824784,-10.168320315248751,-32.673492365069315,827.7779888818521,-588.3711913306594,61.25100274435297,123.19808598972627,-94.0921821124481,123.1980156217015,-61.25107311237774,-94.0921821124481,-5.457603265076349,-15.097811554429667,-42.14706917176835,21.66884807543452,-1.420871156146647,5.674055309267469,95.42277109281542,-242.98578565899655,568.6971360213919,-667.8099359650975,0.6518893814650623,11.7652522693688,11.185138273168672,11.7652522693688,-0.6518893814650623,11.185138273168672,-0.14312856238125396
-18.84083117610019,942.2580983698314,436.1430770307143,-479.04968720788094,874.1108794132451,121.30962824476882,101.29480011182555,933.1184651942968,306.23385518591,167.25098508302844,524.3219110610752,662.7786377708978,425.9004752585966,735.3540676544591,-95.58939055074084,10.095060058865643,844.0134436401241,-498.1173335454618,-87.80040172593364,966.8729355750633,60.46734116946883,341.0892732598689,431.0940159017994,611.0742781420003,-164.75483291908313,797.132905274786,558.437033968517,-95.0996171249565,736.3780717020536,557.0404455273233,-663.8780720416697,579.6011297777126,96.94380456312817,-841.4110742888705,-50.46437448218724,439.94511184755595,-18.862676056338028,-9.913076498204916,1.632007732670533,507.6531344932339,-36.603838718586026,52.23218724109362,-865.2708505937586,-58.816832366749516,371.0120822977078,3.5892018779342725,-16.85459817729909,-2.1471278652305994,354.348315382491,-219.08388566694282,-339.85432201049434,-556.4519469759734,640.8136564484948,135.66576912455122,-12.056476111571389,10.168185584092791,23.62344656172328,119.97051919359293,-361.34990334161836,-354.765465341066,-939.9083816625242,-188.1271748135874,159.24571941452638,-39.33374758354046,-3.971692902513118,24.229632698149683,460.8481082573875,205.90962441314554,195.09444904722451,-682.4560894780448,-509.1747445457056,-296.3536315934825,-72.05979011322839,13.985294117647058,40.67978458989229,136.94925434962718,392.07566970450154,293.6492681579674,52.612123722728526,-52.85321734327534,-1.2526235846451257,-0.6710162938414802,0.19449047224523613,-17.148025407346037,14.465202982601491,809.0883043358189,-614.5020022093345,-2.3374758354045846,-0.45581331123998897,0.009389671361502348,-0.45581331123998897,2.3374758354045846,0.009389671361502348,-61.35459817729909,-48.087406793703394,-41.27250759458713,20.55095277547639,0.851698425849213,-0.6703258768296051,91.39022369511184,-232.26367025683513,568.2575945871306,-667.5176056338029,-1.6635597901132284,-2.498135874067937,1.4192212096106047,-2.498135874067937,1.6635597901132284,1.4192212096106047,-13.505385252692626
-15.372225384177575,896.701764371087,513.0805350028457,-544.0632411067194,829.763410502541,111.96075663466968,127.97590019846895,949.7181740856252,287.4057272469521,212.78567748583205,803.5139103554868,503.2599175682638,338.3585227272727,935.8136363636364,-129.0525568181818,54.27233542319749,808.2578369905956,-523.7652821316615,-73.52639405204461,958.2003717472119,114.26728624535316,295.10798969072164,794.2605670103093,406.74819587628866,-210.48454404945903,1016.6383307573416,308.99046883049976,31.054798409994323,879.5701306076093,446.721465076661,-570.2630391880463,817.1350436989005,210.62616295460953,-738.2774343122102,-53.5489438433797,486.49021123132405,0.4229778464708913,-14.657908294693456,-3.523699124162803,539.0571870170015,-203.5473982483256,223.31324059763008,-952.5806285419886,-157.62570839773312,181.65558990211233,5.804997424008243,-13.33797011849562,-1.1094796496651211,349.80087583719734,-296.66692426584234,-484.27099433281813,-863.6818650180319,406.65043791859864,15.215352910870685,6.2086553323029365,4.742400824317362,17.38382277176713,158.77357032457496,-419.01519835136526,-573.7096857290056,-959.0556414219475,-162.672076249356,143.5236991241628,-17.34363730036064,15.358578052550232,13.423493044822257,411.849819680577,162.31117980422462,478.5919629057187,-844.7194744976816,-450.3413189077795,-150.64219474497682,-51.78541988665636,28.954662545079856,50.77511591962906,97.07187017001546,414.8500772797527,481.4747552807831,48.79211746522411,-52.43894899536321,-2.538382277176713,-0.15352910870685213,-0.09582689335394126,-17.903142709943328,2.2941782586295725,811.3776403915507,-613.7964966512108,0.4884080370942813,-1.9670273055126224,-1.0837197320968572,-1.9670273055126224,-0.4884080370942813,-1.0837197320968572,168.59866048428646,-27.515455950540957,-42.39773312725399,15.483256053580629,-2.3815043791859867,4.213292117465224,94.69216898505925,-205.5249871200412,578.1488923235446,-642.6589386913962,12.99793920659454,-6.397733127253993,-1.2985574446161772,-6.397733127253993,-12.99793920659454,-1.2985574446161772,-17.61025244719217
9.688023525218322,873.1347353412939,506.9116913206202,-553.8015977526117,784.2530945483277,95.85822140286191,210.6913689423417,883.9986735054829,271.7671559957552,185.77035180543953,589.4841733964541,601.1754385964912,355.79792290089773,785.1120401337793,-90.30320366132723,22.551186440677967,690.2574334140436,-581.9495399515738,-82.7166477702192,952.7489606953893,-47.18716931216931,354.9080520393812,571.056258790436,491.6299226441632,-267.30467663421416,860.3353616133519,444.3303198887344,-69.19875504120638,765.1909521304576,477.6503594599334,-599.3847255797297,636.6389112722715,99.03599247918345,-669.282771210014,-29.00712795549374,540.5370305980529,74.0808414464534,46.174200278164115,18.577625173852574,301.9999130737135,55.70027816411683,-263.33440542420027,-851.9029033379694,-219.3549200278164,298.39847009735746,53.72896383866481,-11.034944367176633,-72.43428372739916,449.0374652294854,114.10900556328234,-146.64542767732962,-663.8958623087622,547.3299721835883,55.3529207232267,10.064760083449235,62.62682545201669,-12.355789290681502,354.93715229485395,-287.98791724617524,-38.23913421418637,-888.0370305980529,-105.7240090403338,250.2632997218359,14.300504172461752,60.63082406119611,31.584405424200277,413.9692280945758,43.736700278164115,-162.8691759388039,-725.9114221140472,-453.2001912378303,-242.8337969401947,-51.461839360222534,98.84866133518776,52.31493393602225,412.34831363004173,205.56815020862308,51.85570236439499,-7.7359179415855355,-51.671418636995824,-1.5157336578581364,-2.3881258692628653,3.3680458970792766,-21.37943324061196,15.044767037552155,804.1708970792768,-629.8055458970792,-27.997739916550763,-4.028772600834492,-6.041029207232267,-4.028772600834492,27.997739916550763,-6.041029207232267,-5.779728789986092,-15.260083449235049,-39.991655076495135,14.737830319888735,-6.912204450625869,23.176981919332405,101.40073018080668,-227.11474269819195,617.2024513212796,-651.4000347705146,91.90307719054242,54.33788247566064,22.124478442280946,54.33796940194715,-91.90307719054242,22.124478442280946,18.462100139082057
34.4551624671248,857.6629337405616,568.942394163061,-767.1318376607007,549.7296025544072,24.983866901941013,404.1873508353222,804.1137061029663,237.1399590862598,216.1932293986637,691.4247661469933,549.8658351893096,306.11635964171035,794.0825587290857,-116.0200270407301,131.8779992617202,407.65060908084166,-756.2833148763382,-87.567615658363,965.0889679715302,-16.639056939501778,425.4309406582016,673.5227606461086,418.3572600846506,-334.4152385752688,933.4239751344086,315.4469926075269,-8.033767772511847,805.2160629654705,447.28715301286394,-552.096199008437,695.7208837087936,111.04375054362008,-415.7842741935484,-85.79074260752688,788.7696572580645,-23.931955645161292,-53.90356182795699,9.258064516129032,-73.15423387096774,248.93195564516128,-589.1446572580645,-854.3627352150538,-369.1964045698925,167.9329637096774,-18.013020833333332,15.678763440860216,-21.516381048387096,607.1129872311828,465.05922379032256,220.40540994623655,-769.0882056451613,509.439936155914,-45.35198252688172,20.841397849462364,-5.152973790322581,-2.2016969086021505,696.8204805107526,-179.98235887096774,459.1758232526882,-817.7180779569892,14.882476478494624,406.61214717741933,-35.88340053763441,-25.084761424731184,43.133316532258064,318.5042002688172,-121.52276545698925,-546.6474294354839,-778.4540490591398,-410.39642137096774,-213.94732862903226,-76.22597446236558,7.245295698924731,49.0859375,711.1378528225806,43.693968413978496,-188.64096102150538,-80.62122105263158,-52.27461052631579,-2.5462736842105262,-1.639578947368421,0.1240421052631579,-17.912505263157893,26.017515789473684,803.4666105263158,-621.9424842105263,0.6996210526315789,-3.687494736842105,-5.669389473684211,-3.687494736842105,-0.6996210526315789,-5.669389473684211,-2.715115789473684,-28.044126315789473,-41.15831578947368,19.806905263157894,11.114526315789474,7.788126315789474,94.48437894736843,-237.58273684210528,564.5093894736842,-669.3897263157895,-1.6643368421052631,2.4805894736842107,6.4336,2.4805894736842107,1.6643368421052631,6.4336,27.54905263157895
181.23288331635214,158.11927376558796,225.0590161076803,177.86649618616994,168.17907668277408,175.15773974705837,251.37480289318285,164.2034585994695,177.25307227098628,264.13935384165796,395.65617921321683,239.30966508331974,341.68858134223683,334.1095806359288,390.20555726781004,227.78872396432223,283.94042882780167,228.52968261414006,203.82623620328934,154.52973630664457,277.91460731764545,372.0557047108665,379.45207127046416,283.74794824068516,218.7942790706368,263.5805733278439,285.05784083668124,255.56549755303456,277.9925085263997,226.98086209748067,249.8408766415551,312.47602190096694,291.5892033553588,276.54595066936736,212.31802786577921,198.94195840859948,753.6765393911353,358.8219212178038,368.686092063768,302.6884073962513,320.47466678007197,392.27582827159034,174.18108457605487,269.60092216752133,232.73690638557963,817.3876821792726,430.08467659103223,627.4575185190826,262.94026927144677,442.1229718989502,391.16839525783183,347.8695542845544,259.28135949087624,313.1819811988925,963.1474387827536,771.1605654145249,712.8879021843667,461.8542255452985,355.8340103128811,480.65131013619083,153.64674164620249,199.3127256093115,235.255511003769,802.9672771068347,565.9901656125579,495.2938527231434,260.36328484179705,334.341363144056,414.581864067566,267.1179937542844,197.7568625225123,291.2445614515159,751.720510680329,805.5750782784473,575.9225152929398,492.74222237790894,312.9040406460124,378.8065206789159,93.96053539985398,7.8555184458426,15.925381118253217,330.1042984536192,336.59612220670726,257.14859700460363,345.653561923108,301.45707783807546,257.0650704685736,875.2979332194182,1392.545236502714,1475.1234660868085,1392.5451582079554,875.2979046978303,1475.1234660868085,111.02935471189014,109.10490856336686,7.318426636433854,10.377917330758962,87.26065355395853,87.64057902868763,28.68418144894157,63.9908327841998,33.395266211076695,28.574597899393737,106.74329532851768,118.64050658042022,113.29698659316148,118.64050658042022,106.74329532851768,113.29698659316148,68.33514549290012
112.04422333548632,64.59190112726105,133.36144970329914,116.09275487210209,77.4468900868072,105.61648405602342,190.97824276706365,90.86434055674074,140.85301779951234,237.24951047068103,445.82947500550176,211.24593808654063,320.8833876630907,345.77562258865976,398.5786362090835,141.32702795575182,145.10369176079362,185.55841841702374,150.98349490519473,89.86158497698838,193.5929728353366,306.37485430720824,435.191995453643,237.47532140425346,199.25367073013618,343.2096194180787,237.6062892908261,260.80740880344086,262.81301075031536,220.57545298189825,223.0088745615652,314.8468582010091,310.47798226734585,170.5115183667016,117.67868269949581,142.10901397929777,210.63822551826615,110.31712385168456,93.73635557731082,133.688239655027,233.19241200523112,400.4962721116174,159.90812681391958,217.8724121498415,203.00351315689718,248.24969441024982,216.91009254336203,286.81056617208156,269.4892522351904,377.58000552599543,253.4316541037516,386.9680168320036,243.26834272983146,252.98715839396087,455.75450838370443,302.5101631897827,440.8731279875576,429.55591416616755,297.6890084458781,320.8033263055937,81.4434786475525,152.60339813975264,163.56683129021735,211.92344664788845,168.38592974162253,140.68460811920673,197.57835081709834,271.29167057605963,367.69104429206993,280.6226251175795,172.83248594718816,296.889515062026,213.05718698484853,229.47296575531962,163.9208845753988,430.16370801637447,249.6515225161019,303.72792218267466,79.35214482474902,4.298998469291454,6.224308656328251,8.14591687008676,7.744946524527829,4.80024678822133,38.86134053334084,17.81126175422436,23.937438514624112,23.695105277114223,28.32965839927518,27.95366936956823,28.32965839927518,23.695105277114223,27.95366936956823,121.72763046103962,107.45770331624574,5.752420470014154,7.2880457729831445,24.465162704637397,21.149061467197622,7.289064428397738,54.876683510408235,28.836279761623498,21.470742543597837,32.515516642684894,34.4080679262188,33.30253224910277,34.4080679262188,32.515516642684894,33.30253224910277,58.67526292499379
141.19507124474282,67.53107570096185,138.64374188695365,153.8305932105502,107.60106764986294,71.44471846028247,176.45072853503223,56.28228792878245,85.26995336774156,201.50624233632848,161.49510946479566,186.39297556688823,264.99611837158784,185.192010174335,178.59244052196323,107.79083751346641,175.67973420263962,242.72019338964154,164.28991262661233,44.69837344835101,169.73670116031042,222.10857146449655,169.71302497080634,200.15327910045949,121.81147502485443,50.847626467089185,159.34512386547271,137.78027325754115,137.71480309570896,203.00929150869922,207.02023245411903,3148.5133262136906,981.4866413533739,229.30946056536476,99.60930015474278,198.16252424709919,182.05294219543373,105.39342827510809,78.07604746829345,66.81848506996509,127.7143486516417,180.1834968235244,45.67663941916408,150.37106654464912,115.01257733861273,148.60366780741148,83.74823711944278,97.64796246650282,131.81725800171807,137.929809675364,117.70187656954867,116.59059432344426,227.93898988225564,164.97904574804556,158.85030524593859,114.51045933807143,106.17008094142629,284.3983328737794,197.7437407068535,126.77199343286634,49.29977602241284,108.55200902565393,151.73187637606352,280.1165995619085,269.1858026650772,259.8907376395031,140.17254196697212,148.70287744378365,122.90962744530336,157.63896950616052,156.6933573354177,176.60359768680797,306.8623124598986,462.8425136928066,320.77376685403345,284.95020198445616,121.31701562467016,117.17659998977179,68.91210291420765,2.717386115397498,5.827830877707875,6.453139043709403,5.278981976429279,4.8943378582909345,27.94010253497087,14.03768237490378,15.095242013601995,20.578855685003912,24.930295918782612,26.19684365809664,24.930295918782612,20.578855685003912,26.19684365809664,10.911471935426965,101.0755756090745,12.531083743702402,18.872764634469323,33.86441733069908,45.33879846508789,30.337860206363203,120.05118516311974,90.71203057856741,107.99802506476232,107.85797104496746,48.842795059584255,55.18223766534502,48.842795059584255,107.85797104496746,55.18223766534502,23.735049333253922
249.39646188905147,254.55940402460217,269.18102654162743,205.56189116276568,195.96058206064475,185.28538129645935,279.96715319813677,205.09699616273895,236.77420851475506,265.1577468137698,435.04739665126755,285.89306536161,380.33805998871253,378.2077307686112,438.22281228489464,250.659488576208,322.4161553518766,238.67451333480466,229.4013698596752,169.05070311539282,282.8558748273908,366.82012884988285,402.4961120002647,306.3590243129183,233.21362390758893,261.31778774649695,307.7102307191473,265.8556448266962,334.12157257710766,295.74326633428456,296.05085641491803,371.12140797373536,305.20554331238617,315.32351701265003,227.96791332324796,227.74087153209257,859.0364372499694,458.58808492530125,458.4958541689051,340.4207971527759,344.0563215144955,392.63188680301835,177.04646901343958,279.60485460072704,242.9737975878721,922.7406522431986,482.6050014326813,736.8280881102406,273.68084033991744,427.1928677620941,426.2829832863098,352.7474794400801,325.73710944926574,299.6784165795602,993.1362718260592,820.2656769830421,813.7549969482193,437.04035658260324,377.64894500667214,527.3223064153827,186.44947794567915,261.5137067606062,263.2522378191341,903.4452990313898,574.8320471129408,538.6691848048225,274.9028736523879,343.56890742079975,440.5500292495017,326.3641271459081,276.8836968546506,297.18976150611644,885.9034861696674,772.6539940465975,635.2175480815986,457.15105600202094,370.4240623478586,405.3142284584032,95.37820492662081,5.142209265518785,7.606882228477817,102.59307036677008,98.89637976926959,78.86216321589673,112.66660886099497,93.79494078485288,69.3470158477426,307.41555913259197,212.3883598362223,210.4994736230179,212.3883598362223,307.41555913259197,210.4994736230179,100.76614096069024,101.77689847177129,10.649592592412372,18.890450195843677,473.6677044771679,454.02201858928464,321.2180943305451,443.03849937761527,419.48058125928435,335.81440695875875,1260.1768799803137,1590.627031368777,2022.4831178284212,1590.6270179874489,1260.1768799803137,2022.4831178284212,71.15104329509447
150.80177119067383,151.1915117508276,196.16708055317855,194.7611219781231,242.29533785160527,221.5459174103957,289.1960927053592,229.2519083896651,254.16334927396082,267.5153191844271,394.27303575170725,240.24693134566382,309.0674314042198,309.37135976671215,513.0449871255311,296.21600904771094,394.9811826849696,227.33881011504636,182.86139786095526,137.79090720111915,257.1397229977128,339.9333506462262,321.80235264573264,275.74793470576776,256.4900795816037,198.2813896158461,261.6509273997551,297.68453076767605,264.7066485120922,269.7583430850135,248.52115589476495,289.34263966391313,351.16921478709594,334.58879403709403,295.86248280618236,200.62123051058285,581.1526436907621,388.4334713273278,330.44332900579644,275.19693556020945,354.5514653305133,133.02143783484544,183.41163746676727,279.1313064026918,222.77469924182031,642.4108503614854,473.0980197957448,674.3541707268665,295.99245539317855,239.71318962028823,369.59256871315455,278.7330678453535,285.5934914588134,270.07834659335066,867.6377552570953,586.9483588086362,730.5533274315198,274.5501653181444,406.9056155663712,479.2031947306222,198.12363234393553,269.5183522473955,288.312998265411,525.7019269679407,472.45335966015176,396.3664987902503,303.6623145748419,297.209402673039,236.51387239251753,248.52138034858646,268.7301158814939,307.25909351585574,550.6482462184802,538.1889661927714,420.11617803706383,222.3214355371047,280.60134147819485,361.5378623766811,52.414573738576046,3.9400883705831196,6.895923289160198,27.458651594818964,22.43955871556779,10.86470339071751,55.44817958747684,24.416173519082978,29.64571517475427,55.86830892751249,67.16987613364114,69.81403751043176,67.16987613364114,55.86830892751249,69.81403751043176,27.996494578202512,74.93289282171413,6.980122685867947,8.312219675757571,65.46021517901296,56.22202441024752,16.150337616024213,58.07765289937726,30.287697064777745,21.278779413081953,65.80130336778414,81.35295243437035,77.7042936432598,81.35295243437035,65.80130336778414,77.7042936432598,53.89152181966338
Sit
5
0.0
1.176867378689175
0.9709302077197595
1.5119586503519944
2.401468494319938
1.176867378689175
0.0
12.4645363747577
16.256387695805305
52.351399183134916
0.9709302077197595
12.4645363747577
0.0
20.60414927606824
74.16673865870442
1.5119586503519944
16.256387695805305
20.60414927606824
0.0
70.1518317410747
2.401468494319938
52.351399183134916
74.16673865870442
70.1518317410747
0.0
2620.976948665018
23485.92809011943
2
2789.336097848592
-1.8478420815173507E-10
23319
0.9709302077197595
20696.591992270838
5126.577783161827
1.1593340182384887E-8
3206
4307.948930942147
1736.9150796619238
-1.014248178304431E-10
4492
4561.959536114072
1919.0055350052285
-7.163230438197213E-11
3045
7490.624367027514
2586.29446033521
-1.0862511476123635E-10
4574
5204.534966487961
1853.1180439298253
-1.8478420815173507E-10
8002
110
183.35830850859807,168.52426143097262,150.13791848830928,116.99453682880316,91.7731543679499,202.9709665095779,299.1441796484148,165.80545492774127,179.52406669551496,294.54209356166024,449.40891674895533,239.03061649649442,393.97736769982146,448.7999625429817,465.13689066397654,174.78024628953315,151.8497519168504,200.7442346747958,247.3784147753588,156.30795284549578,191.75300794364074,368.67459807534084,375.0456419966858,267.5824262794578,265.83211151590154,318.5914004948582,254.91779997474217,243.55887062675228,367.56675438084346,286.2456129111677,270.63658810889734,403.8297665991524,297.9303310931327,252.21786042955495,131.62870289925024,125.25306708521413,286.48807670693816,199.11141970484118,179.54328146335612,229.822803711783,165.6600281550577,308.75839827244357,183.00229354964017,293.27469736238993,220.0763849914711,395.50288569267593,327.9409424931804,554.3478378797447,285.2239694591287,361.7234617390501,274.3271497056751,344.66491894081895,249.80449910857863,294.3388657653337,541.9215456379475,441.84194162358904,586.6391884442451,329.02669572571085,306.74052789301936,367.0359421213099,162.87575309839622,207.73774488089953,256.63242927206016,399.9444497585373,418.59540289833734,341.15264456748633,256.7957203895821,223.24395573038314,348.4521684869692,369.1228752705921,259.58147935630944,265.79280172739703,460.2725355469917,528.3735232829321,445.29782639126404,407.75132699672633,332.8312889062075,318.96287858126846,56.10646916526605,9.069013193913193,22.13474693501215,109.73244494550566,103.66199661677823,112.65671084812767,163.47213473776503,151.81793820028983,202.5392133001007,311.26256996655104,369.5113044870984,375.28040219062785,369.5113087702722,311.26256996655104,375.28040219062785,140.6465160483785,120.20147612043883,6.947274612968059,16.74508243692098,103.39818012317953,106.30243350366088,135.2545209645884,193.4059042298431,144.1827155230041,155.04603824899485,332.4630355916179,305.1761173330694,365.5769999983461,305.1761173330694,332.4630355916179,365.5769999983461,32.40453981447837
238.7572449983874,171.4939361985651,951.5798513154658,-270.94047772202924,951.0755178180882,-25.96041854281916,-151.1638859735637,693.6135383803529,636.2967649223879,81.28471124768595,25.245518995607384,824.4950352660774,572.3893628912211,-40.907527200336425,-480.4256982235533,-9.009909713444122,873.5575557322435,-425.1659788729019,-71.816989636662,823.2474818151003,-443.3331160430278,241.04668420658334,-83.72076693169639,792.2124697758167,-25.18294280505338,380.936998985496,873.7120238780067,14.572246469135527,23.08205593778204,875.8537756579303,-759.4412168609583,-174.65146587451827,330.18343640206325,-855.3580342210215,-63.27809940391955,317.5158025644324,-17.940391955058107,-4.795960375659334,-9.766842488957503,487.18169732835884,120.18577125948796,401.90822934088084,-680.5488228483212,167.73390797203996,597.2701659590891,11.062824306359621,4.883185385308118,22.031819546292724,53.88451477336078,-553.227025172606,-235.16437240018868,-49.95818860156954,795.0311762940091,359.6025129722544,11.62974398559115,19.56220249581886,37.90166816758866,-431.55637034178136,-50.200094343668255,-397.4799090870106,-768.9167202710237,-534.772074274197,53.93931986791886,-40.860242720528326,-0.24996783738582273,11.69235387452292,-122.86272996269136,507.24516488700203,399.73733865088553,-13.252712380462274,-841.2691367554355,-230.08512371885587,-66.37291479051417,10.670869248252497,28.413525451348686,-641.4959046271281,119.7851108538102,-455.1574252755264,74.36216275638158,-56.112465745982675,10.869029557831269,0.8384632702946095,0.4593441226405473,-16.455801235710968,-89.75676892489324,835.186279889845,-521.7034113701674,0.31117709724130327,11.112836171531276,-18.75078631759065,11.11288069369926,-0.31117709724130327,-18.75078631759065,-57.40909734262372,-50.7713219523229,-41.4076546632902,21.65705487775207,-2.2483663725037313,-3.4885241404027534,97.2321061435148,-235.44620002879637,593.0113938699279,-604.0918197918173,-7.725477645372239,7.660189954954563,1.6139644460353553,7.660189954954563,7.725477645372239,1.6139644460353553,-1.5717422660300355
464.35065349059613,45.13292955052598,710.2983742429072,-281.50374298190894,849.057080474111,-239.95664379288834,360.73994894703253,638.6952776005105,478.12476068921507,199.1494863620262,334.2840949344669,607.0301098122565,93.6179700499168,592.7777038269551,-226.44292845257903,184.14571629213484,739.9058988764045,-451.4487359550562,278.49141150112024,694.5056011949216,-236.56235997012695,373.7029893924783,255.1288974606236,447.1745419479267,-217.99750467872738,720.898315658141,438.1918278228322,200.830385344283,555.4115603284902,385.10486418193307,-379.2163120567376,486.13410702772404,309.3326885880077,-691.9323144104803,-185.08234560199625,500.77510917030565,-50.599500935745475,-5.478477854023706,-63.956331877729255,88.9223331253899,245.97567061759202,-210.6154086088584,-739.1802869619463,-240.13162819713037,306.2932002495321,12.751091703056769,92.90767311291329,108.59575795383655,249.13973799126637,139.49937616968185,173.2854023705552,-392.8094198378041,586.3883343730505,9.078290704928259,88.97286338116032,92.29819089207736,101.6796631316282,104.24360573923893,-128.8190892077355,214.42420461634435,-642.0215221459763,-299.00343106674984,492.6188396756082,-65.79039301310044,-75.71802869619464,1.2972551466001248,-52.19245165315034,117.39332501559576,-210.3069245165315,-583.3116032439176,-417.4260761072988,23.54366812227074,-79.39207735495945,-77.55177791640673,7.352464129756706,-79.02713661883968,-82.37585776668746,-297.8281347473487,-23.955310880829014,-45.784650259067355,7.329663212435233,1.6875,3.0207253886010363,-22.922279792746114,-79.07707253886011,739.4310233160621,-653.7953367875648,-5.590349740932642,76.20531088082902,-147.98801813471502,76.20563471502591,5.590349740932642,-147.98801813471502,-0.8367875647668394,-41.656411917098445,-34.72117875647668,45.27849740932643,-15.047927461139896,-28.287240932642487,103.57189119170984,-437.82998704663214,475.0482512953368,-448.0605569948186,-59.06282383419689,61.8895725388601,4.602007772020725,61.8895725388601,59.06282383419689,4.602007772020725,39.94527202072539
207.05329082213618,231.88499202915054,984.1443862445913,-227.22083704363314,977.247105966162,-50.3693232413179,-226.65227070347285,776.6894479073909,600.4772929652715,-23.182769367764916,98.21571682991986,731.2179430097951,724.1954585930544,-291.44813000890474,-466.10908281389135,-65.82032400589101,937.8085419734904,-357.78703976435935,-125.05175224123879,792.7750611246944,-567.5672371638142,13.386464826357969,-158.29563668744436,878.3201246660731,2.9254229741763136,95.70569902048085,972.5932769367765,-139.10574354407836,-77.92341941228851,988.4875333926981,-882.7889581478183,-328.7215048975957,251.60707925200356,-728.6939002671415,-29.949243098842388,271.0654496883348,-10.143143365983972,-5.045859305431879,0.8920302760463046,535.6170970614426,86.60752448797862,524.5204808548531,-544.1088601959038,300.0347284060552,744.8127782724844,3.231300089047195,-12.458147818343722,7.651157613535173,-90.12956366874444,-682.7221727515583,-279.8007569011576,34.1186553873553,697.1088601959038,602.376447016919,-3.8234639358860196,31.634683882457704,34.935886019590384,-460.3466162065895,107.14492430988423,-458.02560106856635,-857.0180320569903,-480.35307212822795,-43.474844167408726,-32.22439893143366,3.46326803205699,20.372662511130898,-75.55253784505788,584.3365983971505,533.6918967052538,84.85774710596617,-910.5220391807658,-373.72328584149597,-67.75244879786287,21.15160284951024,38.945013357079254,-866.1896705253785,191.22773820124667,-486.1311219946572,87.43210151380231,-61.3900267141585,31.743098842386466,1.2455476402493322,-0.468833481745325,-13.195235975066785,-188.82947462154942,883.353072128228,-353.00155832591275,2.7978628673196795,1.9933214603739982,1.8844612644701693,1.9933214603739982,-2.7978628673196795,1.8844612644701693,-148.7947462154942,-71.75512021371327,-43.61553873552983,19.074354407836154,-0.40917186108637577,0.5256010685663401,101.26536064113981,-184.21972395369545,654.9659394479074,-581.2150489759573,1.8880231522707034,-0.7466607301869991,2.580365093499555,-0.7466607301869991,-1.8880231522707034,2.580365093499555,-7.029830810329474
262.39285714285717,158.44940476190476,983.6752645502645,-306.34285714285716,964.35960591133,103.31100164203613,-191.30771756978655,703.9697865353038,664.3169129720853,117.04464585431353,-156.58039610607585,924.8123531386371,665.1783251231527,90.78062397372742,-584.1106732348112,14.769786535303776,938.0752052545156,-346.53234811165845,-82.58391608391608,872.2740384615385,-453.618006993007,278.64367816091954,-179.6433497536946,829.8673234811166,47.20065681444992,386.7743842364532,948.9231527093596,55.05287356321839,66.92709359605911,928.4985221674876,-794.7622331691297,-153.4256157635468,402.09950738916257,-958.447619047619,-50.69096880131363,272.38029556650247,-9.073234811165845,-7.803612479474548,-5.494252873563219,560.3878489326765,93.13891625615763,497.54449917898194,-708.6410509031199,266.86732348111656,608.9868637110017,15.645977011494253,-3.6857142857142855,-2.017733990147783,20.724794745484402,-695.9297208538588,-328.5707717569787,36.46732348111659,872.6518883415436,348.59408866995074,7.643021346469622,-6.736617405582923,14.687027914614122,-510.64794745484403,-42.79343185550082,-578.5573070607553,-761.2525451559934,-606.0758620689655,36.06141215106732,-33.435796387520526,9.401642036124795,17.30673234811166,-128.0016420361248,584.2837438423645,475.89852216748767,-30.711001642036123,-894.3898193760263,-228.04367816091954,-68.34778325123153,27.970443349753694,38.07487684729064,-731.5018062397372,232.34351395730707,-498.8781609195402,91.01970443349754,-62.14844006568144,0.5146141215106732,-0.380623973727422,0.43316912972085386,-14.508374384236452,-48.17963875205255,890.7050903119869,-476.0144499178982,-1.9336617405582923,-3.2397372742200328,-0.17471264367816092,-3.2397372742200328,1.9336617405582923,-0.17471264367816092,-113.01773399014779,163.86929392446635,-46.49688013136289,21.782922824302133,1.2078817733990148,-1.0279146141215108,93.15927750410509,-234.7087027914614,584.5444991789819,-651.9871921182266,-2.542528735632184,-3.554679802955665,-3.167487684729064,-3.554679802955665,2.542528735632184,-3.167487684729064,-10.317569786535303
213.49609636404193,208.69953156368504,985.3805487396833,-268.13992129427197,961.5338871884564,-57.60056843025798,-227.59007433318757,651.1810231744644,703.1707477044163,160.5577135290223,66.66872655043036,849.9437210328846,568.5759381898455,-208.68057395143487,-493.6551876379691,-17.73402163225172,882.9169124877089,-436.3485742379548,-114.65183423913044,844.0332880434783,-461.7955163043478,390.01859142607174,-89.55839895013123,784.8729221347331,-42.33646698731963,493.28334062090073,898.0531263664188,10.120244862264975,-138.63205072146917,917.5378224748579,-770.5175361683472,-348.98882069267864,311.8217886891714,-899.7122868386533,-54.67315260166156,319.115872321819,-8.530389156099695,-1.5815478793178837,3.795802361171841,555.2829033668561,159.76738084827284,481.17599475295145,-770.9357236554438,94.87844337560122,572.6714035854832,23.10975076519458,-12.859422824661127,21.38784433756012,236.91888937472672,-657.1587232181897,-256.17971141233056,-53.87188456493222,902.1969829470922,262.4241364232619,-6.9724529951902054,0.1274595540008745,58.12527328377787,-608.670529077394,-244.35811106252734,-429.27153476169656,-770.3515522518584,-600.6755574989069,5.828159160472234,-37.070397901180584,42.36270222999563,-4.195233930913861,-176.9801049409707,587.1593790992566,437.7614779186707,155.30695233930913,-890.6491036292085,-238.5354175776126,-29.543506777437692,23.45190205509401,16.214254481853956,-606.9333187581985,104.78705728027984,-531.713598600787,92.0491910800175,-58.69807608220376,15.047223436816791,1.109969392216878,0.8970266724967206,-15.321600349803235,-110.47879317883691,857.550284215129,-476.0789243550503,3.404897245299519,3.0874508089199826,3.116746829908177,3.0874508089199826,-3.404897245299519,3.116746829908177,-99.40599038041101,-50.4908176650634,-42.97114123305641,18.06405771753389,-1.0177087888062966,2.490817665063402,98.34040227372103,-194.04241364232618,628.9405334499344,-611.4287275907302,2.870572802798426,-0.19916921731526016,2.0590292960209884,-0.19916921731526016,-2.870572802798426,2.0590292960209884,-7.389156099693922
171.6159989858012,171.9162018255578,998.4348377281947,-279.3799050237441,966.2244438890277,42.37340664833791,-254.92026160231418,689.2949314551629,670.8878128537291,33.78530367408148,-94.02086978255436,911.2639340164959,645.8620344913771,-108.36103474131467,-543.2033241689578,-58.568725401150466,861.136391159552,-475.99000908265214,-153.70230708035004,861.3964996022275,-441.968814638027,216.2370417193426,-137.77926675094815,871.9810366624525,18.55023203311175,338.4096325097203,950.161545215101,13.357285678580356,-57.74268932766808,965.3844038990252,-822.7638126834248,-261.3309940028072,365.77631746841905,-927.3567858035491,-42.89515121219695,286.4291427143214,-17.985628592851786,-5.075106223444139,-3.4176455886028494,552.7703074231442,76.3045488627843,496.78367908022994,-671.2943014246439,260.7983004248938,640.6278430392401,6.152586853286678,-7.24656335916021,4.942389402649337,-35.50624843789053,-644.3636590852287,-326.19620094976256,9.557360659835041,842.7998000499875,423.493376655836,1.4672581854536366,4.760059985003749,11.28780304923769,-498.72644338915273,1.1350912271932017,-521.5736065983505,-772.3970257435641,-594.9772556860785,-32.829417645588606,-40.71132216945764,-0.12859285178705324,17.92939265183704,-144.84541364658836,545.168207948013,518.2383154211448,70.35953511622094,-923.7660584853786,-247.0153711572107,-80.68282929267683,26.245063734066484,34.236440889777555,-726.2211947013246,126.4170207448138,-440.40689827543116,89.96738315421145,-53.51287178205449,2.1210947263184203,0.5784803799050238,-0.2860534866283429,-17.08472881779555,-42.39665083729068,812.6017245688578,-606.9485128717821,0.36553361659585104,0.20182454386403398,1.8759060234941265,0.20182454386403398,-0.36553361659585104,1.8759060234941265,16.391902024493877,-124.48125468632841,-40.01687078230442,15.648837790552362,-0.17133216695826042,-0.1604598850287428,93.34428892776806,-207.06498375406147,588.1790802299425,-657.028367908023,-0.5828542864283929,-0.5874781304673832,1.4393901524618846,-0.5874781304673832,0.5828542864283929,1.4393901524618846,-8.488252936765809
378.08134900733563,408.8404636711174,302.48555936274676,232.4088236200126,211.2782836011739,319.3962200614522,402.9336148101184,286.2866733972447,322.3183347424252,320.36346790031354,560.5584230263145,389.3537561493307,571.0708962278803,505.6198906987592,590.8044847790989,326.1604138610049,245.16698307348975,316.7807790894345,456.08529031777897,327.0926132879365,309.3779515080213,352.0798988364631,625.8552515720351,405.4533694503284,458.07286069314324,261.24236411500056,427.19983852543623,377.95007482137345,459.84663585902894,500.2572523631148,456.7256597064749,536.337941679585,396.47913623662157,327.4830770834515,274.38525829963305,210.06731619519357,511.3993917031817,470.838721229178,402.2261733208775,441.46392748466627,221.57269391842433,495.47949413713843,218.88899999667234,445.28509560276063,335.26677593026204,682.6318430817123,583.280549370025,834.869299345592,293.3996126945155,548.6877710013342,487.5212959408964,545.7734761096508,434.38223443462766,303.8949482608776,681.1664384657242,579.9316746375354,1019.4319347475645,455.4383747343098,441.93802696664403,627.2953774013623,310.9640926720455,348.7659702670334,317.89720874317715,679.3578254198292,756.5231607150344,568.7829220289929,350.9576069697914,341.26860284492034,536.6719732387675,460.70967562361506,457.2449996417233,428.200217573076,741.2042223770083,787.5814141418488,763.0212056592253,509.96931559802465,499.8237187194159,341.05946535561367,92.32299506191114,12.605933275593436,19.05789181190136,299.9377029786759,283.3126023820202,308.2791896081092,353.0845327787276,368.9956396608886,265.5263133506432,849.400660057584,1007.995379331238,1016.4766842129957,1007.995370106171,849.400660057584,1016.4766842129957,98.71130720790849,112.77734262577941,12.754172382202958,35.43940700106268,281.3646824281488,288.56799363556604,370.0535537811644,472.16384416640574,357.40800579714244,368.10691327853016,901.7288487604286,830.2857633171631,998.8573630419544,830.2857633171631,901.7288487604286,998.8573630419544,76.34615419970861
55.3711344952908,39.37930992711693,19.221158965154117,105.00373219146913,27.09931145706092,124.19227008714013,105.78922554780212,88.26197288949407,99.40172926946303,342.24177999059515,565.9071876151783,237.228171684168,219.39575447177512,216.42723676078978,347.27963143108093,74.03755357463874,59.58428354108113,112.08412562347758,53.12610058317676,51.940626808949304,74.43754692437824,366.18848855607445,272.73667358524256,154.26809525963824,193.91985067896394,302.6731402400616,86.34643308017948,141.16107806447332,97.97567129510533,35.22048218218945,84.3360514165941,82.43412328069599,226.13746895228581,366.37297162010896,52.267017425314066,74.90438462067678,174.74646771863956,85.175693771127,66.97868306084817,33.562105420740885,94.67504345608604,38.518781521429666,150.91490873592252,164.62551078911181,90.67755242635387,260.46697127673605,211.19768163623732,411.65908364792693,181.79142976338053,83.45137834494885,116.61504409715332,271.87669926441316,219.44724478996324,193.51102931201677,439.80263609825204,373.6068325881456,534.0654267983956,154.63819282058626,252.17942678617723,132.43258373728213,77.80516740347947,117.45647917240646,118.70221011662387,85.4744024933931,95.99633860199528,79.0008443888541,208.66208695712803,92.75184239155679,130.23186727126074,86.31302921022568,64.86125990733667,146.96270075772975,99.01813756092875,109.27665425468962,75.0437346222613,282.0891770482765,207.15609726942265,254.16911746648282,26.67606001460585,8.268171060302869,31.251978467102557,5.218626202529648,5.084470982949125,5.965009268317405,146.36924462887166,72.059739849917,244.03086259559882,22.77825522380155,19.916480028326514,21.905482250238435,19.916480028326514,22.77825522380155,21.905482250238435,25.520023512752598,92.33414075962664,4.567196293719121,6.276831350894083,5.439735668345096,5.451269024179001,7.151254031812453,48.94383998855361,44.77221049373294,52.76915242348095,26.68400686907126,25.69169458728226,21.755651953911013,25.69169458728226,26.68400686907126,21.755651953911013,2.177494790067133
60.595346295140125,29.13266141760988,19.673897076972537,43.037442279456776,21.743285032330125,71.50090853710235,218.7065373895443,126.32514575824325,127.20157311662834,239.89701244972605,242.4020282143877,102.15848790273044,296.93212797429595,339.2531612868271,410.91939866849333,80.83472540881758,73.66226106353437,143.05702857373552,61.79175674491734,25.047320129832343,33.75820124560584,347.11498603748265,252.08732600744713,218.60084770461637,186.19825247373507,217.75329625417075,91.49460181281209,206.69449235357564,331.1739937419675,130.14909478608183,167.6017664619353,348.21435258885197,270.03977833302423,24.40707453852026,67.04533985154238,55.08652141466482,233.25532548862256,85.62980049802778,99.70922763400424,17.71003997464647,137.87923480262754,34.38337627183523,152.61267209350837,130.85459826295465,156.73366584343495,325.4525719634748,277.56442364523645,443.3903587110187,199.83955076658435,102.87592670025319,107.93584140718988,237.58468992734637,137.20425248277417,256.2330153940403,524.8975605471967,383.4214377652389,408.3835731489112,157.91316976482562,196.61415139754223,103.04243549043065,114.22772859174641,124.78126917377047,180.61181931404423,347.5625633554155,315.935151008093,253.09857786173552,210.39763913709788,102.65821551786055,167.8635048366028,337.82340891583107,120.33795256142419,215.6904288576337,381.62384159134837,374.3648196345297,356.4192341551109,233.43544470854565,384.479645059799,248.08254674451564,2.4717070326105537,3.6406823580610306,4.966265954095134,5.37594097788016,6.022342596872569,4.834890048213989,12.257432747386808,43.32073022522923,71.54528482449966,25.61307797515232,20.9625392663525,21.14848833280215,20.9625392663525,25.61307797515232,21.14848833280215,119.28521932217751,11.889382554900596,5.415739107384467,2.334503241234073,5.236126492269653,4.972414946488838,3.9860033703076483,22.299527547366413,4.38778993490898,10.58791647089592,24.220323988935814,24.55454751133622,22.729647011029193,24.55454751133622,24.220323988935814,22.729647011029193,0.4698218748562215
80.96629810180414,67.04733399113067,41.727208449642745,102.98544483510082,33.758497881287354,165.43022603135455,213.15829224520428,162.05440722657042,131.14916035727853,258.27152731754745,432.1101531949482,210.32364981340245,364.3594622115404,413.52790481598015,493.05421878686104,121.27088091543222,139.86122237269765,181.57355511966182,101.18546089130074,103.84071078843705,200.10476775196886,343.3121520405718,329.31609136950715,229.7443583083738,234.7393030241819,208.95544302143068,142.35432711340428,227.4526597187819,331.202046974088,155.26165703955303,220.6596988987061,292.6757199547881,318.4690927852522,195.56726651855692,87.2661917768482,71.25315847717808,321.96263746707564,152.84308686497533,148.1019982916081,31.49569796635352,135.92796816176477,47.30808092633226,143.05231190415205,234.67296682608847,136.33430721490305,436.74344411007286,329.5365964222495,681.1560322992565,286.7610412822482,112.64192036384452,135.50559427031848,288.4687136569221,155.9703439758616,231.30317412201566,587.9913887841336,534.8780149318549,556.7822653180999,222.35505994858946,309.62083476326546,204.46034249706804,125.20965030026161,153.1872936427649,171.60386248110592,558.123365863128,575.5448465466427,495.79677432319033,261.5215529823397,107.02387561879871,180.33968165990535,298.36064405447746,144.76799253363455,222.7228681638653,650.313831762631,818.8259099132994,639.278928343875,315.3566718069282,279.15079456101057,304.44731655519206,24.40535269823339,7.962519392874262,23.92918976559559,16.144138673622926,15.174893374482307,10.219437171606074,114.18942740873567,70.38588762082276,198.30125852771997,52.49756094904265,45.30728724660392,49.30237495370182,45.30728724660392,52.49756094904265,49.30237495370182,121.98748566935383,118.580625629236,4.367348750290212,5.620442972005524,23.642674752415925,23.08814773872589,12.396706334258962,43.18255374708796,46.56898558894955,56.778907716792695,86.83920380025867,50.72965430280235,53.28483849220327,50.72965430280235,86.83920380025867,53.28483849220327,2.672981258590988
90.25975634907702,55.69429636937668,28.321271099249035,60.23917779380226,22.521344564141046,150.56408798097624,158.34383392357623,126.91947201105296,129.46655716840434,262.80309303878096,306.4147441620806,125.82359625383394,286.00076250989315,323.9179435320947,436.8649226635911,105.38331769568305,124.32262863066804,184.93759462237114,73.52159905617171,53.472989313205574,105.67312345602863,328.266791537688,270.4455109325752,156.0645071035733,191.24015249746645,270.06592552928606,85.50375643500168,177.34153824578775,244.0129179196293,77.37664895480663,137.60905639305895,230.03125977773254,273.66012510792285,122.23931135649946,75.19274157413865,66.54213370898971,191.85459505887624,80.71670728102502,94.39381470479698,26.09903414271421,165.58051814239542,45.58630610882951,167.87860744199526,161.60523668973426,152.04300569287574,285.7686772011986,238.96157952012013,421.49654018570044,259.5837837882916,147.02037136161886,147.40040327523835,242.69794340901464,155.61696751925075,216.95159372396395,506.15793509368035,365.43091302648713,427.9741444178152,202.2988264206591,224.0518047671018,129.076908419664,102.03465255667463,134.11222155929858,151.31756224511847,229.9492135541556,213.46139314627587,202.35633453783967,238.85217013288357,107.81651148592285,152.92468349389756,233.70428454696093,93.96826061726966,191.2543995781501,306.05406016196775,343.94433356384627,243.3339729752693,303.4367933766858,271.4230450174616,350.0016821319792,27.261179622057963,4.034831073673558,4.344548079377524,5.372084732985897,5.153974923682616,4.489855162782981,33.91833312701319,32.086294126017776,43.980737945708576,20.552729135982524,20.305900385636647,19.561886115904436,20.305900385636647,20.552729135982524,19.561886115904436,160.49671795662067,29.41509909924648,3.200165647748097,4.866846360811491,5.898657786261854,5.215754564441594,6.403958476206736,27.99626854019054,17.569411251585,24.11731980177955,25.553978559580194,25.97705347513797,21.980462812115984,25.97705347513797,25.553978559580194,21.980462812115984,3.3041730852113163
Walk
Stand
Sit
