3
Walk
5
0.0
0.9202856210656941
1.0669367776747185
0.6079693892066363
1.096268729926177
0.9202856210656941
0.0
6.3368503060074435
7.143320107740297
6.216424879215948
1.0669367776747185
6.3368503060074435
0.0
3.5320342849971755
4.084553942524261
0.6079693892066363
7.143320107740297
3.5320342849971755
0.0
1.5472350812606255
1.096268729926177
6.216424879215948
4.084553942524261
1.5472350812606255
0.0
7325.8392861478715
160152.89073899187
0
5806.689776570039
-8.193525271727308E-13
35880
0.6079693892066363
29416.618131110707
8026.00360327515
-4.3769593079965177E-13
5996
17370.620680759595
5967.536263378138
-5.527327610722307E-13
6995
19771.642619085782
6250.384810122403
-8.193525271727308E-13
10556
156681.9590298601
6196.751888598763
2.1515543990341748E-10
7296
19547.001176836675
7371.468381854265
-3.817122299283999E-13
5037
110
311.23109461160254,262.7414337197503,437.43435640711675,176.268282567812,169.9784667744743,159.8463561840781,206.8483390503723,181.7916032256699,163.3107453279569,245.62636378180915,457.11387239561606,220.7090007816859,303.9760364259186,418.7496976160349,351.407352329274,202.12198587722466,244.61939801191048,226.56544894033507,259.87571108624377,1051.0691301318773,479.064464720798,302.5310148384183,406.54755181150966,236.70926254823107,182.7666127468496,236.20510855488718,209.41359135036566,231.36874395306216,340.22269841103883,226.60061933429478,228.12955427044994,352.9612696144239,270.75434034844636,290.24664334287934,149.017216231596,156.57434197902737,771.0104330052928,294.50877547857016,350.9788082461366,320.5417493539021,341.74225393161623,400.2267794857309,171.56801597366012,204.19006521444692,164.8202242779415,858.2869400251958,406.3860964531281,607.3915926058676,352.25597469163006,420.0765106216195,348.0456896078994,349.8859549588622,259.36789425466867,215.15846050955196,871.9321318074265,669.8896153531122,862.6784235892071,459.54901613305265,391.0044659345865,402.5065707166198,175.06336652362558,183.51928640796154,170.67985852984262,914.623821017505,482.48140633952636,521.0571997405732,312.63779830092074,365.8541238972,404.0250397667599,329.2678938882609,202.33470812806013,257.2720748695157,817.238204847984,861.507921680711,822.8494520306853,418.0937249728043,397.35396425094547,391.1144982299776,102.61127576654536,9.986045454768707,35.62476939904401,621.3839984421273,647.4535165433629,594.0383783781092,580.6639284497082,604.124367161495,431.2080619881721,2120.6158128274524,1752.5214634893612,1778.5936931256833,1752.5213776848175,2120.6158815036124,1778.5936931256833,101.25335091405073,109.1038557302797,15.23808291500848,31.87185932723733,633.1400472812734,660.7848452887805,596.1183589297324,531.6321172911022,679.792278844205,438.6169516397076,2274.0852714702173,1455.3500846278023,2016.9556964929607,1455.3501144214981,2274.085269984363,2016.9556964929607,62.52978184959441
47.09413727407321,989.9656795249116,393.221122584986,-420.25262312709606,907.124061205968,116.43236405321989,102.87054433067367,931.4649843436861,339.1460305032905,178.15921848292888,643.5393595963295,573.2658986616772,267.57362026863234,896.3720257930821,-122.87945107285391,26.462530118251532,867.9836899824128,-405.04402818613505,-73.25078805915182,970.9724761172471,-103.20087494657777,294.8922503733134,673.2502663736551,491.4311455806169,-200.6020066889632,908.113127090301,504.29997212931994,27.184228701566212,816.4711428354536,463.97940424277266,-557.1083914993013,712.4001113192779,209.07250353065479,-796.6118142581663,-56.815496098104795,369.24071906354516,-132.0345039018952,-28.932051282051283,49.9358138238573,544.3717948717949,44.13670568561873,-238.42316053511706,-916.8658305462653,-105.44796544035674,314.088740245262,-103.86530100334448,-44.99548494983278,77.00373467112597,592.1685618729097,68.77132107023411,-232.7111761426979,-757.0513935340023,502.81195652173915,98.49832775919732,-79.75381828316611,59.36744704570791,43.89083054626533,497.02578037904124,-337.63765328874024,-179.74108138238574,-952.3155797101449,-200.92040133779264,120.47926421404682,-143.33971571906355,-19.359476031215163,26.966694537346704,582.5023132664437,132.4860089186176,-78.8964325529543,-785.3173634336678,-473.17416387959867,-161.68372352285397,-145.55822185061317,-51.51792084726868,-3.2731605351170567,505.8015607580825,278.19233556298775,74.91017279821628,2.266737262847628,-52.36941015253658,11.332291564371893,-4.093709721495154,7.210631841037887,-10.783378283125812,-86.09980742756913,951.3175046122229,-616.0028253664796,-66.82240280423727,201.26059069953382,-43.98014123010913,201.26053452702513,66.82243067491721,-43.98014123010913,-11.980811539667704,-8.796550293440896,-43.1757929474735,10.66654133974098,-5.000356931329025,34.60294426542229,110.37837810761572,-189.88852992085512,748.8617296519725,-671.9200580471274,-1.7384391111383493,-13.973596659924631,-45.89596161336929,-13.973568417018821,1.7383553344756852,-45.89596161336929,14.021003653960005
55.06221155621193,950.1515599040059,428.7729370500277,-390.2754573696928,889.7547462892647,131.87297204004142,59.74559023066486,914.2766282225238,317.95098371777476,141.68247739293636,785.7568674287664,529.0689302166866,150.98569969356487,1006.4967654068778,-163.19322437861763,9.499478623566215,911.7898852971846,-332.41779631560655,-73.53910116808552,1003.8980399920807,-84.83448822015443,183.36505622657225,779.4266972094961,417.63348604748023,-224.5010006671114,951.3677451634424,441.5036691127418,81.16852791878172,860.4915397631133,396.90626057529613,-469.1071123997953,764.9945420433226,278.6692819375746,-718.6312983662941,-63.445296864576385,281.86691127418277,-50.19979986657772,-90.87108072048032,19.330887258172115,678.2958639092728,47.07138092061374,-300.1946297531688,-852.9748165443629,-58.51917945296864,251.28352234823217,-35.7498332221481,-90.36257505003336,30.224149432955304,743.8622414943295,99.39609739826551,-249.59939959973315,-804.6365910607071,366.38859239492996,118.57021347565043,-35.038525683789196,-8.10790527018012,151.3162108072048,704.2151434289526,-318.71714476317544,-221.75383589059373,-878.8252168112075,-198.79169446297533,39.665443629086056,-106.32338225483656,-46.5925617078052,-26.240660440293528,731.4491327551701,138.91927951967978,-76.19446297531688,-807.2810206804536,-419.24016010673785,-70.00617078052035,-130.89559706470982,74.84606404269513,-105.81220813875917,673.8167111407605,296.1784523015344,50.94362908605737,-3.545697131420947,-52.89759839893262,13.041694462975316,-23.248165443629087,11.912941961307538,-195.54286190793863,-83.96264176117411,1111.8218812541695,-761.9621414276185,-2134.3644096064045,-1228.549199466311,-1671.8323882588393,-1228.549199466311,2134.364576384256,-1671.8323882588393,-16.456804536357573,-20.893929286190794,-40.979319546364245,12.637424949966645,-8.014176117411608,15.850567044696465,-25.18679119412942,-220.81771180787192,886.1626084056037,-802.3170446964643,-2111.3235490326883,632.0171781187458,1612.197631754503,632.0171781187458,2111.3233822548364,1612.197631754503,13.948132088058706
71.26525119617224,971.626495215311,408.2674940191388,-464.56266205704407,885.278594065111,61.10486891385768,99.22646127267492,865.1189173625108,412.7733947595739,230.7350043465662,478.36322804984064,668.0524485656332,398.61501527717155,662.7226829623163,-132.31514622435617,103.54940165694998,781.4976986805768,-472.39153114452284,-63.799210734017365,955.1157063930544,-87.82904498816102,428.10388263189094,420.7379964433906,569.0583876704209,-148.72909220872052,829.0027162258756,591.4606147248035,-27.070079307858688,646.0607065609229,601.6919971160779,-657.4166666666666,522.762470657277,136.26041666666666,-843.7680869316557,-99.28992137240887,401.81529664045746,-198.36869192280201,-74.433881343817,45.42673338098642,441.71937097927093,57.237884203002146,-194.59585418155825,-894.3714081486776,-74.02859185132237,352.34924946390277,-158.17898498927806,-40.051751250893496,124.74010007147963,461.1056468906362,15.568263045032166,-234.8867762687634,-543.1503931379557,688.4567548248749,56.62273052180129,-98.02744817726948,104.13695496783417,20.066047176554683,274.26804860614726,-402.0456040028592,-120.9614010007148,-896.4847748391709,-272.3837026447462,183.83788420300215,-191.79428162973554,-67.48591851322374,59.48506075768406,451.33423874195853,164.90578984989278,-98.72380271622588,-599.691350964975,-566.1276626161545,-272.6255897069335,-175.1722659042173,-144.41729807005004,16.44288777698356,329.766118656183,320.3641172265904,106.77669764117226,8.506935506935507,-52.82039182039182,17.615043615043614,5.136994136994137,17.072930072930074,41.87959387959388,-131.64049764049764,931.4179894179895,-561.5722865722865,459.7873587873588,739.2400972400973,334.1934791934792,739.2400972400973,-459.7873587873588,334.1934791934792,-9.96896896896897,0.6934076934076934,-43.77405977405977,21.23866723866724,-13.385957385957386,20.865722865722866,107.23237523237523,-239.13828113828114,572.1545831545832,-667.7297297297297,-40.397540397540396,39.244673244673244,53.544973544973544,39.244673244673244,40.3973973973974,53.544973544973544,11.023309023309023
7.233681719581936,1036.2847564582923,357.66761979885626,-433.22918280402786,905.4267041053447,136.53563129357087,158.73408239700373,995.9247094977432,264.9883799097282,143.21755573248407,707.6457006369427,536.84375,196.76793614156568,1079.2503366031929,-125.288132333141,-18.102530230667615,884.9859770348542,-395.9991870744843,-63.487462813429666,981.6690395240119,-92.82564810879728,235.99158303658143,764.5681450307543,472.1617567713392,-248.88414172034862,913.2025388404699,483.76667298219024,65.29494059026447,990.9131851284017,353.4302414718283,-506.2817364401044,889.4119694479358,253.6667311224983,-785.2960418078003,4.544145509662751,394.3523114816218,-31.640867752936717,-6.044998105342933,25.09009094353922,551.2008336491095,5.125426297840091,-244.66682455475558,-922.2654414550966,-153.56271314892004,352.4100985221675,47.574175824175825,44.03126184160667,-93.01439939370974,592.470538082607,84.20632815460402,-259.1758241758242,-861.6942023493748,427.6386888973096,144.092175066313,43.793671845395984,67.54689276241001,-162.1657824933687,547.1863395225464,-312.5850701023115,-226.77879878741948,-1020.8233232284956,-115.16492989768852,120.52150435771125,73.54708222811671,54.26847290640394,-115.33109132247063,618.3855627131489,70.01544145509662,-66.34435392194013,-966.4637173171656,-405.50236832133385,-95.94988632057597,-19.431318681318682,23.199317923455855,-176.45973853732474,598.3511746873816,199.81337627889351,66.02065176203108,2.0393445746403733,-52.24826140802134,-1.3548632942745547,-6.115175764504144,1.383252357816519,-15.798513861103173,14.09164523197104,810.3249499857102,-622.8964466037916,-91.24454606077927,-20.03267600266743,-43.65399637991807,-20.03267600266743,91.24454606077927,-43.65399637991807,-10.392302562636944,-7.716776221777651,-45.46051252738878,-2.2632180623035154,12.421453748690102,57.0840240068591,200.99152138706296,-107.01228922549299,872.1751929122606,-605.9000666857197,1374.6206535200533,-551.9037820329618,-1111.645422501667,-551.9036867676479,-1374.6207487853671,-1111.645422501667,13.409736115080499
83.22565847883989,974.029594554602,402.1626220775377,-387.56641285956005,946.103214890017,137.35265087422448,156.9447390454926,938.8901758303098,352.2945855428412,126.21885913853318,751.3279976717113,488.5848370197904,146.76923076923077,1062.998745819398,-184.21112040133778,38.004060324825986,920.8554234338748,-370.46606728538285,-98.46030009377931,945.2416380118788,-167.00156298843388,221.01936848958334,919.44287109375,444.0174153645833,-227.88678728070175,1005.9028234649123,426.3719846491228,155.55137844611528,936.9402673350041,369.3201058201058,-462.3609285414627,857.3677807299679,324.83582715704097,-758.7280489540344,-101.68571820175438,396.6827028508772,-162.99547697368422,24.43064692982456,48.32017543859649,596.8469024122807,60.70956688596491,-273.6374725877193,-1006.851288377193,-159.30660635964912,237.2423245614035,-220.328399122807,-142.15679824561403,267.4956140350877,678.1498081140351,125.6407620614035,-195.52275219298247,-992.5583881578947,375.85731907894734,110.72121710526316,-240.53467653508773,-48.367735745614034,312.3074287280702,678.1818804824561,-260.0046600877193,-209.99725877192984,-988.4321546052631,-194.88993969298247,149.78303179824562,-309.9325657894737,-39.38500548245614,266.7986567982456,650.100466008772,130.82360197368422,-83.00274122807018,-939.3785635964912,-414.445860745614,-16.54673793859649,-260.87911184210526,-128.84594298245614,386.59498355263156,616.7467105263158,261.8955592105263,19.95216557017544,1.3428176795580111,-51.43121546961326,29.54157458563536,1.378867403314917,7.691298342541437,127.4060773480663,-242.37886740331493,1101.0367403314917,-515.7024861878454,1505.857872928177,1439.1864640883978,1177.3523480662984,1439.186187845304,-1505.857872928177,1177.3523480662984,-8.061325966850829,-11.220027624309392,-39.28093922651934,20.95635359116022,-2.1767955801104972,33.26698895027624,106.1114640883978,-245.29378453038674,571.146685082873,-667.4128453038674,-78.1610497237569,24.62831491712707,65.03370165745856,24.62845303867403,78.1610497237569,65.03370165745856,15.79267955801105
35.24142233312539,988.8407153254315,391.5629028904138,-414.55327623979286,905.2342162915754,102.45369448317068,-36.131489954247066,898.2192162323454,398.4945295404814,297.02917505030183,413.1519114688129,693.2338028169014,547.7483753046304,465.142567018684,32.09890333062551,16.279794959419053,823.7270397266126,-467.01131994873987,-69.97862595419848,968.6527808069793,-75.74045801526718,473.1002470152326,349.54899135446686,580.5370522848909,-103.48401826484019,814.1733174508636,613.9188008735358,-227.53968887116076,460.6485839648983,721.3671719186278,-766.3208086583622,332.20114355728,-33.79579334286298,-902.5404010323605,-53.53543776057177,335.6372840976772,-302.8777049831249,-17.270001985308717,147.03871351995235,437.1848322414135,80.19952352590828,-161.6628945801072,-882.5014889815367,-26.09747865793131,366.719078816756,-258.19853087155053,-43.69267421083978,146.7788366090927,468.42882668254913,-8.521143537820132,-207.99126464165178,-437.02918403811793,748.831248759182,19.503275759380585,-133.6349017272186,216.42783402819137,-7.866587254318047,192.21600158824697,-435.66805638276753,-68.95612467738734,-921.4460988683741,-292.66368870359344,86.15723645026802,-333.3349215803057,-45.402025014889816,-4.034544371649791,414.23863410760373,213.1328171530673,-74.93547746674608,-414.17351598173514,-635.1760968830653,-464.7343656938654,-219.1697438951757,-117.50506253722453,-110.3627159023228,195.60492356561446,386.0806035338495,157.42128250943023,2.334723049434187,-52.72721858248958,0.7849910661107802,2.198133809807425,-0.566805638276752,-53.636291443319436,-9.00357355568791,866.500893388922,-648.6793726424459,-563.7706968433591,-173.16120706769902,-401.13857454834226,-173.16120706769902,563.7706968433591,-401.13857454834226,-18.45284891800675,-6.327377407186818,-45.81318244987096,5.830851697438952,-30.368076235854677,30.824498709549335,92.40619416319238,-178.106015485408,829.8072265237245,-667.4020250148898,-210.548143736351,214.56104824300178,-84.96883065316656,214.56084971213025,210.548143736351,-84.96883065316656,16.985507246376812
333.4565360792479,295.3909804748379,544.8204013280041,173.95910972817913,175.13455185659265,147.05343592378154,152.06342165185293,174.09293522881717,110.69998182917443,228.27719740486975,458.76854651596335,185.03199711863894,176.41969621172635,243.28166755117596,173.82804419248097,148.84473160985246,208.43826463397536,206.05025874466355,310.9677672728752,370.57340542734437,506.16427373567836,212.4873546142236,251.85315276915253,177.42289877720654,144.1439398488954,177.3846097329968,145.09159680272862,118.32050302524515,207.1441342320781,132.26333373768446,147.51415381981906,192.93454227383205,136.1709805714542,293.1352253151323,105.13602853752117,114.00768582083101,552.4765832918757,221.75629364020395,278.18689319034974,348.5170574099048,326.35895378211364,390.7416420563299,154.57819342040867,160.6960686756223,109.42272819912743,654.7414969396838,393.51414855703604,534.8926773388777,356.0687028316201,405.04290287872414,359.1763982091508,187.0086006112349,146.918120762758,141.1703443661646,723.5576575181982,441.05178202364954,864.9333823329671,388.69721851834674,423.24426690838004,398.8686725710539,157.87040579345717,114.75647117902295,126.78985449418079,723.7442878223156,362.6697230880267,521.5020210118369,317.9980165499304,348.69363419864266,406.8244670598454,174.71777193486594,135.48724179351748,111.95793232633935,686.669325859634,666.0036926211492,830.2079877015339,339.0386540426275,417.50015947538816,383.84430506810463,102.4406909344635,12.718489987381503,40.68736676466761,951.2251720254686,1030.5399458095783,931.8279276434904,954.1934623413316,1041.789175985652,663.179171047898,2646.2062969338663,1619.2797343663224,1624.1812219165658,1619.2797343663224,2646.2064950638496,1624.1812219165658,100.12798799726013,106.86008291658047,19.349821332300504,32.40286893526921,947.6539901444526,1015.7270354415031,923.7521994040918,864.2644449581679,1076.5327332138434,669.2534317029764,2667.523942542818,1506.441658987071,1911.3155343098483,1506.441658987071,2667.5240517126904,1911.3155343098483,55.897861801457815
267.81694080029524,175.33387279292077,300.04715357781856,177.7304868426393,162.23534817521474,184.92154644507622,257.5140692547401,192.12960505003468,201.29251012541928,259.912572195312,463.3697948567416,234.61585451647753,378.57860490105304,476.55151998305047,500.4129969819909,238.47229929591765,277.4740879611457,260.5823929033897,236.14050802871103,198.59970409644401,327.92522556377844,371.5076985570967,436.99086723770824,284.0466509663336,216.09296962811158,285.3201661621817,247.2406165875954,286.46378604047237,386.80096516380297,256.14179188886607,273.0322517872542,409.4754804667154,353.51934090831014,224.25654723037712,179.29390391331515,163.26008369330944,867.4432622881095,361.69011926635505,379.79060407743685,283.5030012024002,344.49487171395697,394.1425577149509,174.44763723185756,250.08090663417812,196.30888082804296,953.2847919002112,424.4797756827643,643.2249601587032,312.15963973835045,434.51289655330845,340.39176371680117,394.5748869416025,275.29065557765483,280.9100298405262,927.0403544647409,822.5656728027062,845.7766965347474,468.205344736367,339.90784854666225,405.9505076213282,176.24034120473414,219.74254183679164,213.45565684212247,948.9656029642351,606.0925420122232,532.8297997836073,271.2799190390051,382.56569556913433,401.9055900166761,380.6933481310498,236.12911200155241,322.28283048021575,831.3736411339814,986.1008089395962,735.7011982215192,451.21346435593904,388.0596491964736,395.4602063872149,105.70464355726861,10.737629331306016,39.85878551600133,602.6893172706142,558.4987271287833,520.7466707085782,508.29096811587493,504.02217610636757,390.71764337725085,1960.9166241785408,2108.2723767236657,1982.2582074864526,2108.2723767236657,1960.9166241785408,1982.2582074864526,101.33594063395532,110.30815523470402,8.810789282832284,11.011245190673145,148.02820971886013,130.7986780553661,42.37104779002822,70.80212346254045,38.9376810514574,36.890134657751936,106.5709379818193,145.96633747814823,122.21003843136342,145.96633747814823,106.57099823521503,122.21003843136342,63.06303963537894
298.59813542960336,312.1975210393524,471.59429955113904,177.60799758477023,168.31829193962443,138.65604591652462,170.41042935449985,162.51056970035535,129.02888620839275,231.43776846306312,407.7935226935537,209.59720044055257,205.5792242669899,246.37190397676713,229.77873754319248,207.6616887788488,241.1197481199285,214.92959662039132,238.20493144706512,217.19477453139666,339.0424299415395,250.53066177855735,330.4023957485538,220.34499383875104,175.62509521610497,202.12366424714682,202.11196936041455,146.33881899445618,196.26700210078542,148.64938350257748,177.32291850189887,198.3783393881621,170.8328451346842,325.2984048647046,156.31148330556957,160.29230309178593,770.1389777517749,286.9035324179021,356.09154706799,317.59475148495085,345.60460809771934,400.3729099271098,163.5985752275649,191.8622599950592,158.65203491960165,874.7066796129868,393.68807728512166,610.4364742822812,346.710838968993,412.7629408571901,358.5804458036913,267.5238246734296,217.84704997388954,191.36812011381085,920.050513443302,603.2744502463582,891.8577602442424,405.2434189000904,403.4944450449081,396.68842668158857,160.4633371437139,155.61055917169298,152.74816002229042,923.0432457370148,400.0730053164371,467.26763661619015,310.22533958813386,346.4509038125581,407.02014904825563,183.0177143382691,160.05431424773394,151.2358639532965,862.2934718345895,661.0933421772336,729.3178172958548,365.5637019707034,373.0262180987222,402.44616641713463,98.76011388403442,6.700224607534845,10.231323771230212,98.60663690010387,104.21588443868487,38.88686105524853,72.09499724523391,45.02128201400281,40.93347522276529,139.17773734827793,146.1442315424124,137.38573110608027,146.1442315424124,139.17773734827793,137.38573110608027,104.25159954560402,106.42738375139756,17.591642349936606,40.67034023391215,734.6984926769803,787.1356111014092,696.2244583487094,560.7388173523377,761.0224088589405,505.5615060236484,2435.1574914840753,1858.669441990777,2389.3809716759333,1858.6694462660073,2435.157446642642,2389.3809716759333,69.93603534736272
344.29984094562724,226.39733861691835,409.89020145645446,180.4511674938298,199.1614264616903,174.4499743306143,167.28684414155788,151.7426552948169,103.78906969486468,216.87202182812808,407.1720939088363,177.38945776564285,175.85203942376896,219.21385831618701,146.43931287656994,164.51885145880482,206.5505547533441,177.3938764186237,297.6149387661939,2289.6097795686073,764.3433867566297,178.17722179373024,239.01003909223536,163.105393989652,140.26848264042522,187.2533260096895,141.552755229921,117.66069702409665,175.22039332779002,114.03690373049557,130.08775813758788,175.48188229023268,117.05617518270078,325.1793582691599,107.44234238190023,162.02064298583522,672.1899743354446,287.7415466298459,324.585500652364,335.1286099305276,338.4230469105549,401.3550236198875,166.5347513056821,150.73959095028513,118.12428694051734,765.5815464091918,402.595362267588,488.8929705464295,346.81953070135137,408.7124213640863,357.7101468701109,195.34210237547933,136.060409953968,129.278712336611,822.6179349650896,424.01057676311603,787.5740121393723,370.88955727220326,413.29594118775185,395.6883983136183,167.01883614331098,133.177320056094,153.01225006142613,807.5129870403598,353.2335583534387,437.02535819428596,303.8270018738254,355.407636869072,411.003899753728,160.77920628742243,125.1062137450177,112.09827646463496,777.2659819962275,703.8339674337196,762.0887076838355,319.34398871485627,406.907439364988,393.45917420887184,98.43317994462096,11.644927224329699,47.85604519552079,830.8054817776735,891.0945913898404,797.4171796039234,728.579281770686,692.7227871368397,581.4216623841984,2232.211253834387,2151.685858453276,2269.137279173227,2151.6856723581654,2232.211253834387,2269.137279173227,100.51696788683749,110.44823623746642,10.039503198881446,10.57105630241919,143.5284627870447,138.86421294963353,54.35302969532111,72.77668347954628,59.12917136225795,42.645758609313525,137.0348066212553,135.41733561824012,123.16020100723266,135.41705393652163,137.0348066212553,123.16020100723266,57.672970659493366
308.7753036875859,244.32282301171384,419.989645409034,150.29837057974206,114.86276287443052,134.58032486744767,225.36930300905303,206.79527604981806,211.44407256208424,257.6554931364994,453.9590168207655,220.852307351617,373.3914345069978,530.7647719355139,569.3070840312006,209.77081188839605,256.0651550504534,246.36940357207226,208.11984414177925,194.88089463799452,318.79855142847913,348.46560812400753,422.1653064655231,269.17413243910346,188.24107557715996,277.31924885431266,225.5972207159238,292.1952930631045,429.21775414323514,226.50458572879594,257.2800487611164,437.55180992796846,388.9973977393508,177.92335713552194,138.18335636768012,127.2325476874288,929.2009772109025,269.19182240783425,393.62700909577705,223.91146754485442,345.05166828823496,399.2669697140573,155.5586075695136,223.68543576537624,177.95207870277815,960.267712732748,386.80545798011764,679.8320687526618,307.10416567208347,429.46273836666643,298.77657196548995,370.22069730909675,237.24746557309913,286.01451164740763,877.5692097764326,976.1317621309328,801.197891923564,459.3982027560047,317.8149688829066,392.7246364214167,166.50644691943694,223.11911583458502,162.91771842349374,1084.2376244936404,677.3603368907286,591.9479337179736,224.50569794950775,393.53010865101265,385.7202437514392,371.18439716825117,244.35631462931045,296.1676406403138,862.5660414758174,1311.474810940006,993.952902996569,435.0803121697276,386.0085901980742,346.54665573136487,111.41144937489445,8.060745327620987,18.544807304033245,383.90637568862036,339.36133621123076,323.61220764740654,336.1945531808896,375.40502174407726,224.42705411449452,1333.574834193616,732.7020058444763,895.4765670987641,732.7020058444763,1333.574834193616,895.4765670987641,96.63132615936367,112.1821315996862,16.11380547553437,38.77376768760368,768.8669481469932,726.604936460531,671.7935758872691,651.5972017295451,733.7205237372925,516.1123171632221,2559.273130602604,1981.1252480112703,2631.4779371030963,1981.125495788557,2559.273130602604,2631.4779371030963,59.35426272124758
Stand
5
0.0
306.8051822951459
31.39890623427597
383.0319828120313
53.52367798567964
306.8051822951459
0.0
47.16873231473534
142.22822997599147
30.175498032044377
31.39890623427597
47.16873231473534
0.0
19.45995650409151
6.6312324396316304
383.0319828120313
142.22822997599147
19.45995650409151
0.0
69.07586583535671
53.52367798567964
30.175498032044377
6.6312324396316304
69.07586583535671
0.0
3670.469500596739
172904.63322766608
1
1511.0352487102175
-9.011209769857031E-13
55985
6.6312324396316304
16698.525710561687
4351.673557927431
-8.766877630441527E-13
14211
5926.645110878594
2180.5849797011774
-9.011209769857031E-13
14484
171555.62590592128
1530.2057160548302
1.6742242348945742E-9
3882
21167.484187800987
5261.849495652286
-7.068140037895274E-13
11504
7991.633116695088
3007.8522344009266
-7.213237112844263E-13
11904
110
178.02650802808606,165.32746901199337,211.88771555369544,202.42156947966808,210.52055677474527,175.2317674732678,270.45433813333574,177.2790321477071,201.55339080817888,254.73907462106794,413.5341257466176,245.46398819830574,336.5182352836458,337.8411257039481,423.1008711815745,233.06669584245864,330.86381780107126,240.3335842637851,190.81818476320535,135.9885085742435,254.64858115370865,341.1094592812146,392.54932740342497,280.56695018650584,229.07539061817215,273.05128130228417,284.0381867916812,267.4652521890251,279.78103131914526,252.6145775728009,254.12981354339112,868.8007579959396,396.68244945273267,311.66896940594404,214.37837880868597,230.10866040965612,619.976738229669,336.1537456331266,321.9582539907336,340.5865053321868,327.9093252560035,424.47731322851456,169.2422009241263,277.4399162527997,232.50720076015568,671.5877059165654,393.96151464884906,575.547687834727,282.81143756605184,451.0248876645327,415.78115357509705,348.01880607785847,282.72798344689613,285.35851031139686,808.7871501696051,623.211541259201,655.5829420156326,455.6341049841931,359.08686319660893,541.1552461631447,159.52623959892242,228.35038522297555,250.26035642363948,639.8525981985609,458.37411081751907,406.43459328826486,259.2376684190373,324.4440815656967,469.57572856819934,277.9466838422064,227.6225783597634,294.5023895206911,623.0700519151816,615.5711539045452,467.96281554975366,461.4107501032183,321.65653327313294,400.91978545235673,94.60091008822123,5.490271417000017,10.357102223450617,173.2614119595689,175.81200603976006,134.60965581107337,185.86702679865172,158.75364852588564,135.4645688849476,464.6057082445655,711.2948198502487,751.3718962803123,711.2947785674262,464.6056965941105,751.3718962803123,110.16607343066195,101.09896230353571,8.205737628098335,12.687432762159586,221.89515482838075,212.897837667263,146.85096460874175,209.70268099286113,194.52206361356508,156.49598654491965,576.8350747467401,725.2864676877962,919.7799329952418,725.2864626587632,576.8350747467401,919.7799329952418,63.6324009554915
20.674955738493487,906.6442619664199,483.3695210236915,-574.8038656261238,768.4047037070292,70.4853977028592,219.0837623543676,881.4836232695719,294.0603882711452,188.71034966190726,606.1481391935372,614.4926594625767,358.9232638294081,792.928223583297,-117.08162769134556,64.58985893626738,689.5135386757207,-586.3841227684908,-81.13262773182556,962.5846873209356,1.2795061444678366,372.37478481932436,561.3419681516023,514.5478864638147,-235.2849156023935,866.58106635706,457.7470215236224,-33.34120758829342,778.120133658857,496.4554179042451,-603.7882712509432,650.0140915201443,129.0538063262127,-678.5265696168617,-69.3205501473609,557.9452889166741,-16.826435652406893,-3.102402429222113,9.544449406090918,321.78403143699205,42.93339287309101,-198.20764490488523,-866.9263552737341,-186.34348486201662,288.7472001428954,-4.097151022595338,-3.391944270786818,-13.802768598731802,445.7817093864428,38.34214521746897,-176.83642046976868,-660.6282039832098,573.6881128873805,59.167080467982494,-5.7367151915691705,36.45119228364741,8.477681521836207,320.48005715816737,-318.3952487273377,-84.19153344645888,-893.3450924354738,-120.07298383495579,256.44261855854245,-46.57749397159954,0.46746449941948737,33.95062963293739,421.1722961507547,63.85360364383317,-80.14478878270965,-741.6225417522551,-468.07339465928374,-231.40210770742164,-81.1233187460927,25.558667500223272,37.73773332142538,372.9293203536662,242.70708225417522,108.48284361882646,0.6270069588188567,-52.01346724489172,-0.13890938531467545,-2.228535282476979,0.40229699421367565,-16.46072095476702,4.231213860103504,811.7853805788204,-612.5468309733341,9.3725156561673,29.405859831251792,-26.403490440202496,29.40584196932449,-9.3725335180946,-26.403490440202496,-7.332834479912383,-27.279758500726228,-41.28505119510395,19.13061356171531,0.6374621999313729,7.9774735315380525,95.35768593354423,-233.2042314792966,578.3154197069704,-662.9542788615372,19.167057858918977,13.589513925064514,9.03050056979548,13.589531786991817,-19.167057858918977,9.03050056979548,4.899936099425128
68.14775160599572,941.2184154175588,432.64832262669523,-536.6908922330789,814.2526923899865,24.930247485913988,215.76302676537586,872.9911019362187,349.1976082004556,183.36396650114875,577.6889498258356,660.5802267842585,343.0413205537806,817.9369542066028,-158.28342208022718,100.61618777822744,735.1117766086604,-554.7239983812221,-69.74192319414813,965.2761353245961,-35.665955501371535,395.06466328747285,528.6326574945691,544.7422157856626,-204.986559707269,845.4367039617198,525.8185208641194,19.840762067249592,780.7202672922442,504.7015710528187,-598.5673222390318,648.6681074850516,178.88379799726243,-723.7628597565266,-111.68510308915629,518.4712546618816,-87.10175216381676,9.659770600239252,14.106114981352473,419.83196115685035,8.43747800999226,-188.41116036872845,-867.9013440292731,-144.27281683203154,327.5445781436915,-49.79037365421153,3.2586024910280766,24.77468158468792,427.414045457744,-26.551122369995074,-283.89937372457956,-617.8399127436493,626.05798325241,83.84420519316024,-37.61360917599043,85.56160720568573,16.41876011540356,225.8754485961579,-387.68742523397367,-167.0554500035184,-895.5839842375625,-163.7373161635353,265.56371824642883,-120.18577158539159,-26.374850467947365,43.68925480261769,475.1129406797551,63.74055309267469,-55.56329603828021,-755.6288086693406,-491.3801280698051,-192.6309900781085,-126.48884666807403,-7.562170149883893,9.871367250721272,373.58398423756245,240.21497431567096,112.59904299486314,9.314404334670327,-51.099500387024136,4.7827739075364155,-4.746956582928717,-1.4175638589824784,-10.168320315248751,-32.673492365069315,827.7779888818521,-588.3711913306594,61.25100274435297,123.19808598972627,-94.0921821124481,123.1980156217015,-61.25107311237774,-94.0921821124481,-5.457603265076349,-15.097811554429667,-42.14706917176835,21.66884807543452,-1.420871156146647,5.674055309267469,95.42277109281542,-242.98578565899655,568.6971360213919,-667.8099359650975,0.6518893814650623,11.7652522693688,11.185138273168672,11.7652522693688,-0.6518893814650623,11.185138273168672,-0.14312856238125396
-18.84083117610019,942.2580983698314,436.1430770307143,-479.04968720788094,874.1108794132451,121.30962824476882,101.29480011182555,933.1184651942968,306.23385518591,167.25098508302844,524.3219110610752,662.7786377708978,425.9004752585966,735.3540676544591,-95.58939055074084,10.095060058865643,844.0134436401241,-498.1173335454618,-87.80040172593364,966.8729355750633,60.46734116946883,341.0892732598689,431.0940159017994,611.0742781420003,-164.75483291908313,797.132905274786,558.437033968517,-95.0996171249565,736.3780717020536,557.0404455273233,-663.8780720416697,579.6011297777126,96.94380456312817,-841.4110742888705,-50.46437448218724,439.94511184755595,-18.862676056338028,-9.913076498204916,1.632007732670533,507.6531344932339,-36.603838718586026,52.23218724109362,-865.2708505937586,-58.816832366749516,371.0120822977078,3.5892018779342725,-16.85459817729909,-2.1471278652305994,354.348315382491,-219.08388566694282,-339.85432201049434,-556.4519469759734,640.8136564484948,135.66576912455122,-12.056476111571389,10.168185584092791,23.62344656172328,119.97051919359293,-361.34990334161836,-354.765465341066,-939.9083816625242,-188.1271748135874,159.24571941452638,-39.33374758354046,-3.971692902513118,24.229632698149683,460.8481082573875,205.90962441314554,195.09444904722451,-682.4560894780448,-509.1747445457056,-296.3536315934825,-72.05979011322839,13.985294117647058,40.67978458989229,136.94925434962718,392.07566970450154,293.6492681579674,52.612123722728526,-52.85321734327534,-1.2526235846451257,-0.6710162938414802,0.19449047224523613,-17.148025407346037,14.465202982601491,809.0883043358189,-614.5020022093345,-2.3374758354045846,-0.45581331123998897,0.009389671361502348,-0.45581331123998897,2.3374758354045846,0.009389671361502348,-61.35459817729909,-48.087406793703394,-41.27250759458713,20.55095277547639,0.851698425849213,-0.6703258768296051,91.39022369511184,-232.26367025683513,568.2575945871306,-667.5176056338029,-1.6635597901132284,-2.498135874067937,1.4192212096106047,-2.498135874067937,1.6635597901132284,1.4192212096106047,-13.505385252692626
-15.372225384177575,896.701764371087,513.0805350028457,-544.0632411067194,829.763410502541,111.96075663466968,127.97590019846895,949.7181740856252,287.4057272469521,212.78567748583205,803.5139103554868,503.2599175682638,338.3585227272727,935.8136363636364,-129.0525568181818,54.27233542319749,808.2578369905956,-523.7652821316615,-73.52639405204461,958.2003717472119,114.26728624535316,295.10798969072164,794.2605670103093,406.74819587628866,-210.48454404945903,1016.6383307573416,308.99046883049976,31.054798409994323,879.5701306076093,446.721465076661,-570.2630391880463,817.1350436989005,210.62616295460953,-738.2774343122102,-53.5489438433797,486.49021123132405,0.4229778464708913,-14.657908294693456,-3.523699124162803,539.0571870170015,-203.5473982483256,223.31324059763008,-952.5806285419886,-157.62570839773312,181.65558990211233,5.804997424008243,-13.33797011849562,-1.1094796496651211,349.80087583719734,-296.66692426584234,-484.27099433281813,-863.6818650180319,406.65043791859864,15.215352910870685,6.2086553323029365,4.742400824317362,17.38382277176713,158.77357032457496,-419.01519835136526,-573.7096857290056,-959.0556414219475,-162.672076249356,143.5236991241628,-17.34363730036064,15.358578052550232,13.423493044822257,411.849819680577,162.31117980422462,478.5919629057187,-844.7194744976816,-450.3413189077795,-150.64219474497682,-51.78541988665636,28.954662545079856,50.77511591962906,97.07187017001546,414.8500772797527,481.4747552807831,48.79211746522411,-52.43894899536321,-2.538382277176713,-0.15352910870685213,-0.09582689335394126,-17.903142709943328,2.2941782586295725,811.3776403915507,-613.7964966512108,0.4884080370942813,-1.9670273055126224,-1.0837197320968572,-1.9670273055126224,-0.4884080370942813,-1.0837197320968572,168.59866048428646,-27.515455950540957,-42.39773312725399,15.483256053580629,-2.3815043791859867,4.213292117465224,94.69216898505925,-205.5249871200412,578.1488923235446,-642.6589386913962,12.99793920659454,-6.397733127253993,-1.2985574446161772,-6.397733127253993,-12.99793920659454,-1.2985574446161772,-17.61025244719217
9.688023525218322,873.1347353412939,506.9116913206202,-553.8015977526117,784.2530945483277,95.85822140286191,210.6913689423417,883.9986735054829,271.7671559957552,185.77035180543953,589.4841733964541,601.1754385964912,355.79792290089773,785.1120401337793,-90.30320366132723,22.551186440677967,690.2574334140436,-581.9495399515738,-82.7166477702192,952.7489606953893,-47.18716931216931,354.9080520393812,571.056258790436,491.6299226441632,-267.30467663421416,860.3353616133519,444.3303198887344,-69.19875504120638,765.1909521304576,477.6503594599334,-599.3847255797297,636.6389112722715,99.03599247918345,-669.282771210014,-29.00712795549374,540.5370305980529,74.0808414464534,46.174200278164115,18.577625173852574,301.9999130737135,55.70027816411683,-263.33440542420027,-851.9029033379694,-219.3549200278164,298.39847009735746,53.72896383866481,-11.034944367176633,-72.43428372739916,449.0374652294854,114.10900556328234,-146.64542767732962,-663.8958623087622,547.3299721835883,55.3529207232267,10.064760083449235,62.62682545201669,-12.355789290681502,354.93715229485395,-287.98791724617524,-38.23913421418637,-888.0370305980529,-105.7240090403338,250.2632997218359,14.300504172461752,60.63082406119611,31.584405424200277,413.9692280945758,43.736700278164115,-162.8691759388039,-725.9114221140472,-453.2001912378303,-242.8337969401947,-51.461839360222534,98.84866133518776,52.31493393602225,412.34831363004173,205.56815020862308,51.85570236439499,-7.7359179415855355,-51.671418636995824,-1.5157336578581364,-2.3881258692628653,3.3680458970792766,-21.37943324061196,15.044767037552155,804.1708970792768,-629.8055458970792,-27.997739916550763,-4.028772600834492,-6.041029207232267,-4.028772600834492,27.997739916550763,-6.041029207232267,-5.779728789986092,-15.260083449235049,-39.991655076495135,14.737830319888735,-6.912204450625869,23.176981919332405,101.40073018080668,-227.11474269819195,617.2024513212796,-651.4000347705146,91.90307719054242,54.33788247566064,22.124478442280946,54.33796940194715,-91.90307719054242,22.124478442280946,18.462100139082057
34.4551624671248,857.6629337405616,568.942394163061,-767.1318376607007,549.7296025544072,24.983866901941013,404.1873508353222,804.1137061029663,237.1399590862598,216.1932293986637,691.4247661469933,549.8658351893096,306.11635964171035,794.0825587290857,-116.0200270407301,131.8779992617202,407.65060908084166,-756.2833148763382,-87.567615658363,965.0889679715302,-16.639056939501778,425.4309406582016,673.5227606461086,418.3572600846506,-334.4152385752688,933.4239751344086,315.4469926075269,-8.033767772511847,805.2160629654705,447.28715301286394,-552.096199008437,695.7208837087936,111.04375054362008,-415.7842741935484,-85.79074260752688,788.7696572580645,-23.931955645161292,-53.90356182795699,9.258064516129032,-73.15423387096774,248.93195564516128,-589.1446572580645,-854.3627352150538,-369.1964045698925,167.9329637096774,-18.013020833333332,15.678763440860216,-21.516381048387096,607.1129872311828,465.05922379032256,220.40540994623655,-769.0882056451613,509.439936155914,-45.35198252688172,20.841397849462364,-5.152973790322581,-2.2016969086021505,696.8204805107526,-179.98235887096774,459.1758232526882,-817.7180779569892,14.882476478494624,406.61214717741933,-35.88340053763441,-25.084761424731184,43.133316532258064,318.5042002688172,-121.52276545698925,-546.6474294354839,-778.4540490591398,-410.39642137096774,-213.94732862903226,-76.22597446236558,7.245295698924731,49.0859375,711.1378528225806,43.693968413978496,-188.64096102150538,-80.62122105263158,-52.27461052631579,-2.5462736842105262,-1.639578947368421,0.1240421052631579,-17.912505263157893,26.017515789473684,803.4666105263158,-621.9424842105263,0.6996210526315789,-3.687494736842105,-5.669389473684211,-3.687494736842105,-0.6996210526315789,-5.669389473684211,-2.715115789473684,-28.044126315789473,-41.15831578947368,19.806905263157894,11.114526315789474,7.788126315789474,94.48437894736843,-237.58273684210528,564.5093894736842,-669.3897263157895,-1.6643368421052631,2.4805894736842107,6.4336,2.4805894736842107,1.6643368421052631,6.4336,27.54905263157895
181.23288331635214,158.11927376558796,225.0590161076803,177.86649618616994,168.17907668277408,175.15773974705837,251.37480289318285,164.2034585994695,177.25307227098628,264.13935384165796,395.65617921321683,239.30966508331974,341.68858134223683,334.1095806359288,390.20555726781004,227.78872396432223,283.94042882780167,228.52968261414006,203.82623620328934,154.52973630664457,277.91460731764545,372.0557047108665,379.45207127046416,283.74794824068516,218.7942790706368,263.5805733278439,285.05784083668124,255.56549755303456,277.9925085263997,226.98086209748067,249.8408766415551,312.47602190096694,291.5892033553588,276.54595066936736,212.31802786577921,198.94195840859948,753.6765393911353,358.8219212178038,368.686092063768,302.6884073962513,320.47466678007197,392.27582827159034,174.18108457605487,269.60092216752133,232.73690638557963,817.3876821792726,430.08467659103223,627.4575185190826,262.94026927144677,442.1229718989502,391.16839525783183,347.8695542845544,259.28135949087624,313.1819811988925,963.1474387827536,771.1605654145249,712.8879021843667,461.8542255452985,355.8340103128811,480.65131013619083,153.64674164620249,199.3127256093115,235.255511003769,802.9672771068347,565.9901656125579,495.2938527231434,260.36328484179705,334.341363144056,414.581864067566,267.1179937542844,197.7568625225123,291.2445614515159,751.720510680329,805.5750782784473,575.9225152929398,492.74222237790894,312.9040406460124,378.8065206789159,93.96053539985398,7.8555184458426,15.925381118253217,330.1042984536192,336.59612220670726,257.14859700460363,345.653561923108,301.45707783807546,257.0650704685736,875.2979332194182,1392.545236502714,1475.1234660868085,1392.5451582079554,875.2979046978303,1475.1234660868085,111.02935471189014,109.10490856336686,7.318426636433854,10.377917330758962,87.26065355395853,87.64057902868763,28.68418144894157,63.9908327841998,33.395266211076695,28.574597899393737,106.74329532851768,118.64050658042022,113.29698659316148,118.64050658042022,106.74329532851768,113.29698659316148,68.33514549290012
112.04422333548632,64.59190112726105,133.36144970329914,116.09275487210209,77.4468900868072,105.61648405602342,190.97824276706365,90.86434055674074,140.85301779951234,237.24951047068103,445.82947500550176,211.24593808654063,320.8833876630907,345.77562258865976,398.5786362090835,141.32702795575182,145.10369176079362,185.55841841702374,150.98349490519473,89.86158497698838,193.5929728353366,306.37485430720824,435.191995453643,237.47532140425346,199.25367073013618,343.2096194180787,237.6062892908261,260.80740880344086,262.81301075031536,220.57545298189825,223.0088745615652,314.8468582010091,310.47798226734585,170.5115183667016,117.67868269949581,142.10901397929777,210.63822551826615,110.31712385168456,93.73635557731082,133.688239655027,233.19241200523112,400.4962721116174,159.90812681391958,217.8724121498415,203.00351315689718,248.24969441024982,216.91009254336203,286.81056617208156,269.4892522351904,377.58000552599543,253.4316541037516,386.9680168320036,243.26834272983146,252.98715839396087,455.75450838370443,302.5101631897827,440.8731279875576,429.55591416616755,297.6890084458781,320.8033263055937,81.4434786475525,152.60339813975264,163.56683129021735,211.92344664788845,168.38592974162253,140.68460811920673,197.57835081709834,271.29167057605963,367.69104429206993,280.6226251175795,172.83248594718816,296.889515062026,213.05718698484853,229.47296575531962,163.9208845753988,430.16370801637447,249.6515225161019,303.72792218267466,79.35214482474902,4.298998469291454,6.224308656328251,8.14591687008676,7.744946524527829,4.80024678822133,38.86134053334084,17.81126175422436,23.937438514624112,23.695105277114223,28.32965839927518,27.95366936956823,28.32965839927518,23.695105277114223,27.95366936956823,121.72763046103962,107.45770331624574,5.752420470014154,7.2880457729831445,24.465162704637397,21.149061467197622,7.289064428397738,54.876683510408235,28.836279761623498,21.470742543597837,32.515516642684894,34.4080679262188,33.30253224910277,34.4080679262188,32.515516642684894,33.30253224910277,58.67526292499379
141.19507124474282,67.53107570096185,138.64374188695365,153.8305932105502,107.60106764986294,71.44471846028247,176.45072853503223,56.28228792878245,85.26995336774156,201.50624233632848,161.49510946479566,186.39297556688823,264.99611837158784,185.192010174335,178.59244052196323,107.79083751346641,175.67973420263962,242.72019338964154,164.28991262661233,44.69837344835101,169.73670116031042,222.10857146449655,169.71302497080634,200.15327910045949,121.81147502485443,50.847626467089185,159.34512386547271,137.78027325754115,137.71480309570896,203.00929150869922,207.02023245411903,3148.5133262136906,981.4866413533739,229.30946056536476,99.60930015474278,198.16252424709919,182.05294219543373,105.39342827510809,78.07604746829345,66.81848506996509,127.7143486516417,180.1834968235244,45.67663941916408,150.37106654464912,115.01257733861273,148.60366780741148,83.74823711944278,97.64796246650282,131.81725800171807,137.929809675364,117.70187656954867,116.59059432344426,227.93898988225564,164.97904574804556,158.85030524593859,114.51045933807143,106.17008094142629,284.3983328737794,197.7437407068535,126.77199343286634,49.29977602241284,108.55200902565393,151.73187637606352,280.1165995619085,269.1858026650772,259.8907376395031,140.17254196697212,148.70287744378365,122.90962744530336,157.63896950616052,156.6933573354177,176.60359768680797,306.8623124598986,462.8425136928066,320.77376685403345,284.95020198445616,121.31701562467016,117.17659998977179,68.91210291420765,2.717386115397498,5.827830877707875,6.453139043709403,5.278981976429279,4.8943378582909345,27.94010253497087,14.03768237490378,15.095242013601995,20.578855685003912,24.930295918782612,26.19684365809664,24.930295918782612,20.578855685003912,26.19684365809664,10.911471935426965,101.0755756090745,12.531083743702402,18.872764634469323,33.86441733069908,45.33879846508789,30.337860206363203,120.05118516311974,90.71203057856741,107.99802506476232,107.85797104496746,48.842795059584255,55.18223766534502,48.842795059584255,107.85797104496746,55.18223766534502,23.735049333253922
249.39646188905147,254.55940402460217,269.18102654162743,205.56189116276568,195.96058206064475,185.28538129645935,279.96715319813677,205.09699616273895,236.77420851475506,265.1577468137698,435.04739665126755,285.89306536161,380.33805998871253,378.2077307686112,438.22281228489464,250.659488576208,322.4161553518766,238.67451333480466,229.4013698596752,169.05070311539282,282.8558748273908,366.82012884988285,402.4961120002647,306.3590243129183,233.21362390758893,261.31778774649695,307.7102307191473,265.8556448266962,334.12157257710766,295.74326633428456,296.05085641491803,371.12140797373536,305.20554331238617,315.32351701265003,227.96791332324796,227.74087153209257,859.0364372499694,458.58808492530125,458.4958541689051,340.4207971527759,344.0563215144955,392.63188680301835,177.04646901343958,279.60485460072704,242.9737975878721,922.7406522431986,482.6050014326813,736.8280881102406,273.68084033991744,427.1928677620941,426.2829832863098,352.7474794400801,325.73710944926574,299.6784165795602,993.1362718260592,820.2656769830421,813.7549969482193,437.04035658260324,377.64894500667214,527.3223064153827,186.44947794567915,261.5137067606062,263.2522378191341,903.4452990313898,574.8320471129408,538.6691848048225,274.9028736523879,343.56890742079975,440.5500292495017,326.3641271459081,276.8836968546506,297.18976150611644,885.9034861696674,772.6539940465975,635.2175480815986,457.15105600202094,370.4240623478586,405.3142284584032,95.37820492662081,5.142209265518785,7.606882228477817,102.59307036677008,98.89637976926959,78.86216321589673,112.66660886099497,93.79494078485288,69.3470158477426,307.41555913259197,212.3883598362223,210.4994736230179,212.3883598362223,307.41555913259197,210.4994736230179,100.76614096069024,101.77689847177129,10.649592592412372,18.890450195843677,473.6677044771679,454.02201858928464,321.2180943305451,443.03849937761527,419.48058125928435,335.81440695875875,1260.1768799803137,1590.627031368777,2022.4831178284212,1590.6270179874489,1260.1768799803137,2022.4831178284212,71.15104329509447
150.80177119067383,151.1915117508276,196.16708055317855,194.7611219781231,242.29533785160527,221.5459174103957,289.1960927053592,229.2519083896651,254.16334927396082,267.5153191844271,394.27303575170725,240.24693134566382,309.0674314042198,309.37135976671215,513.0449871255311,296.21600904771094,394.9811826849696,227.33881011504636,182.86139786095526,137.79090720111915,257.1397229977128,339.9333506462262,321.80235264573264,275.74793470576776,256.4900795816037,198.2813896158461,261.6509273997551,297.68453076767605,264.7066485120922,269.7583430850135,248.52115589476495,289.34263966391313,351.16921478709594,334.58879403709403,295.86248280618236,200.62123051058285,581.1526436907621,388.4334713273278,330.44332900579644,275.19693556020945,354.5514653305133,133.02143783484544,183.41163746676727,279.1313064026918,222.77469924182031,642.4108503614854,473.0980197957448,674.3541707268665,295.99245539317855,239.71318962028823,369.59256871315455,278.7330678453535,285.5934914588134,270.07834659335066,867.6377552570953,586.9483588086362,730.5533274315198,274.5501653181444,406.9056155663712,479.2031947306222,198.12363234393553,269.5183522473955,288.312998265411,525.7019269679407,472.45335966015176,396.3664987902503,303.6623145748419,297.209402673039,236.51387239251753,248.52138034858646,268.7301158814939,307.25909351585574,550.6482462184802,538.1889661927714,420.11617803706383,222.3214355371047,280.60134147819485,361.5378623766811,52.414573738576046,3.9400883705831196,6.895923289160198,27.458651594818964,22.43955871556779,10.86470339071751,55.44817958747684,24.416173519082978,29.64571517475427,55.86830892751249,67.16987613364114,69.81403751043176,67.16987613364114,55.86830892751249,69.81403751043176,27.996494578202512,74.93289282171413,6.980122685867947,8.312219675757571,65.46021517901296,56.22202441024752,16.150337616024213,58.07765289937726,30.287697064777745,21.278779413081953,65.80130336778414,81.35295243437035,77.7042936432598,81.35295243437035,65.80130336778414,77.7042936432598,53.89152181966338
Lie
5
0.0
0.11342878693972473
0.16702585780891346
0.7366130014491676
0.25120137805615067
0.11342878693972473
0.0
0.12698281540815717
0.4367468050820198
0.12377988179676101
0.16702585780891346
0.12698281540815717
0.0
1.2556371978693086
0.38148012280283333
0.7366130014491676
0.4367468050820198
1.2556371978693086
0.0
1.3662809287655433
0.25120137805615067
0.12377988179676101
0.38148012280283333
1.3662809287655433
0.0
2738.9317129758692
14879.931869337011
2
2938.1473476466676
-1.9582336997346246E-10
9136
0.11342878693972473
1998.781813276314
920.5291140756034
-1.0801288104484774E-10
1135
1265.6223260839013
196.27556712946225
-1.3764890622690305E-10
1291
2664.2743908100147
1071.262411873893
-1.5212055610891944E-10
1492
14203.540777715192
3456.189337343982
2.0000208167182454E-8
3303
1988.9997579642827
672.4171232745219
-1.9582336997346246E-10
1915
110
128.4449824989685,130.45530799330933,278.0097641099667,92.72209871915506,158.62907718530556,79.83569141623069,354.8112241755836,137.58199765190966,103.32417335506662,365.9529211359226,221.00926407075704,231.92494703150444,419.4708857270096,266.5768845191338,251.2461509362055,253.4590830612446,191.97527926083026,434.47283710314764,168.04127492429677,191.51762546404973,269.08668749640054,516.9595080268837,221.23155761870692,265.79546124075506,360.9340219770118,320.2504663554286,480.1282122054238,134.79885210570234,287.4002308934746,208.60121486427744,288.92936469655865,304.4836706346178,126.09629353312609,335.8998732973813,112.14003087246105,266.7691708047674,222.58152688164915,194.98401266309546,110.02588656536335,202.90003954414036,134.89258999978944,127.18650343467203,236.43450695768612,199.20791810668265,534.4448928356362,155.07660919939528,167.19403350895703,224.50450037963518,487.43826250315414,467.96137064286603,527.3905139315415,209.38414665931944,292.068294129738,447.17285113249187,214.2703529856294,256.3441410249685,280.60488441330205,371.86531020686175,508.0882234773227,536.103528892692,139.78556136565578,174.21555187181335,344.8950797102714,297.89009862080064,208.82943469296603,230.53617335818268,218.45390240286108,297.24123332256664,92.61563213941398,288.31172259965825,227.19369663893534,181.5880140111319,295.6117514695627,384.3981651903485,323.04787777139023,278.7367432060392,252.66160551189654,330.8457271799381,56.91955164722524,14.152467361108782,15.614137170324964,103.38680077528343,116.05545271102946,135.1770838283325,246.01867004093867,278.50229754960395,181.20211176166154,375.8256579071725,369.15887397070577,357.74855183143296,369.15887397070577,375.8256579071725,357.74855183143296,9.845739019295708,86.56787982614647,16.743090393752723,18.973028371492408,116.16057845592438,108.73843116085058,133.95868611554693,223.0983635655711,248.13247929200446,247.96930258401767,504.528057052272,329.5408942287523,394.5063856950313,329.5408942287523,504.528057052272,394.5063856950313,43.71803737907587
964.1753502626971,44.684873029772326,-96.22110332749563,-30.03677758318739,146.95950087565674,-962.7915936952714,164.7965510680782,65.10340719404955,922.497609704617,139.3466280562421,-857.4933172598156,81.21970733704082,44.61554916474581,580.9879553938201,-707.4597140554175,721.3017103149301,382.55454708081936,222.6852761938306,783.8396771316089,137.70149296151175,-365.92297843081883,99.02365042687187,-778.9425402291349,156.2763913517918,717.5688485113835,27.64130910683012,226.28152364273205,749.152911558669,182.23511383537652,500.98073555166377,-213.62758154653469,163.79101149159402,860.2641904017136,-396.2636821366024,-886.7367556917688,-258.89864273204904,-4.078042907180385,-20.777583187390544,10.599058669001751,-563.9497591943958,423.0007661996497,-349.7328152364273,-105.47230735551663,751.3169877408056,-219.35453152364272,0.019921190893169877,-27.337456217162874,-36.839535901926446,80.79334500875656,301.5351357267951,563.9055385288967,762.086799474606,310.9099168126095,0.9193301225919439,-9.68169877408056,17.65061295971979,-6.243104203152364,47.87127845884413,-108.27495621716287,720.9402364273205,-89.18629597197898,-794.7088441330998,447.1743651488616,-31.64546847635727,3.3793782837127844,34.255582311733804,-337.1892513134851,-81.77353327495622,-688.2364273204904,-264.81085814360773,-652.5554947460596,603.9536996497374,-61.251094570928196,23.139667250437828,48.48817863397548,391.09851138353764,-347.3388791593695,-460.2706873905429,-111.25323766930278,-13.286364564127485,37.84969453851359,-3.764196342984721,0.8861353000893857,-16.605573225820056,-585.412866303885,217.88921501316517,-716.4533103205002,1.113972423601766,10.880038854198384,9.121360145397732,10.880038854198384,-1.113972423601766,9.121360145397732,-18.084229164945302,-57.45591289455867,-16.702944688501518,128.1730696596647,-8.773223513913084,-9.148543935188103,85.94172069296278,-630.9662632208557,219.28027173400852,509.0123871171784,21.09484690172466,6.058183581768532,-0.3178793336914208,6.058183581768532,-21.09484690172466,-0.3178793336914208,-1.8931371017120548
1010.7198237885463,17.709251101321588,22.108370044052865,-4.523348017621146,224.8863436123348,-963.1947136563876,554.3418502202643,49.87400881057269,838.4229074889868,-163.21224489795918,-969.0836734693878,116.89183673469388,315.66431718061676,878.8088105726872,-423.4651982378855,825.1339207048458,404.7480176211454,142.71101321585903,895.4616740088105,174.20264317180616,-182.31541850220265,-293.6115342763874,-922.3612622415669,110.57671381936888,788.0185022026432,-108.13127753303965,586.2035242290749,676.885462555066,526.7550660792951,459.90837004405284,-436.61233480176213,488.22202643171806,717.3374449339207,-195.63876651982378,-969.7938325991189,-127.0784140969163,-11.641409691629956,-6.927753303964757,-1.2008810572687225,-613.2960352422907,361.8704845814978,-363.77885462555065,-55.048458149779734,976.0845814977973,-65.86696035242291,7.3541850220264315,-12.116299559471365,-8.71453744493392,244.2352422907489,-69.5409691629956,1075.6555066079295,912.1850220264317,9.090748898678415,395.6325991189427,-0.7964757709251101,13.006167400881058,13.502202643171806,-591.3982378854625,-35.333920704845816,854.2660792951542,-10.693392070484581,-593.2599118942732,806.0740088105726,-32.3136563876652,2.0537444933920703,19.647577092511014,94.57621145374449,-494.1409691629956,-707.663436123348,-610.5691629955948,-649.7409691629956,410.32687224669604,-63.590308370044056,25.65991189427313,40.395594713656386,845.6193832599118,-229.3409691629956,225.4863436123348,-127.81145374449339,-22.223788546255506,34.42643171806167,-1.0784140969162996,1.0572687224669604,-25.229074889867842,-542.5277533039648,375.9488986784141,-767.0405286343612,2.8255506607929517,1.9964757709251102,3.7497797356828193,1.9964757709251102,-2.8255506607929517,3.7497797356828193,-12.206167400881057,-28.566519823788546,-1.2801762114537445,129.75947136563877,-1.186784140969163,-0.8466960352422908,63.75154185022026,-692.5603524229075,3.7374449339207048,554.1691629955947,2.8766519823788546,1.0572687224669604,1.051101321585903,1.0572687224669604,-2.8766519823788546,1.051101321585903,8.57533039647577
873.9891556932611,15.587141750580946,-481.6777691711851,-73.7676219984508,89.90240123934935,-983.6467854376452,24.39426800929512,91.84585592563904,1015.7575522850503,-459.28145695364236,-838.3708609271523,291.9006622516556,157.92563903950426,439.0580945003873,-958.3663826491093,750.8466305189776,486.1169635941131,434.35708752904725,680.968923418424,15.173140954495006,-660.7136514983351,-606.8458559256391,-683.5724244771495,440.1278079008521,15.156467854376451,-488.38419829589463,877.8505034856701,799.1200619674671,49.44848954298993,577.3594113090627,-194.1696359411309,-36.117738187451586,971.4910921766073,-373.10379550735865,-812.3059643687064,-450.88148721920993,-8.281951975213014,-7.755228505034856,-3.5298218435321456,-439.3996901626646,548.3377226955848,-498.64756003098375,245.26258714175057,706.4748257164988,662.4120836560805,10.94887683965918,-11.243996901626646,-8.149496514329977,909.6870642912471,-158.50271107668473,-491.15879163439195,702.426800929512,130.10147172734315,699.6219984508133,-1.7645236250968241,14.120836560805577,13.801704105344694,42.89388071262587,-986.6491092176607,-405.0790085205267,-186.8241673121611,-893.140201394268,410.0766847405112,-29.999225406661502,-0.0844306738962045,16.395817195972114,-246.14020139426802,-2.5592563903950425,-765.1494965143299,-88.72811773818745,-749.1944229279628,672.291247095275,-60.2556158017041,26.870642912470952,43.24167312161116,191.76529821843533,-339.05422153369483,-701.4306738962044,-125.83346243222309,-13.979085979860573,42.02091402013943,-0.9969016266460109,0.5143299767621998,-23.30286599535244,-686.1688613477924,228.76219984508134,-723.8845855925639,3.4105344694035633,1.6289697908597986,2.5205267234701783,1.6289697908597986,-3.4105344694035633,2.5205267234701783,-14.938807126258714,-81.0,-29.0,143.0,-1.7707203718048026,0.06429124709527498,106.66537567776918,-364.2261812548412,415.9295120061968,701.836560805577,0.8659953524399691,0.6103795507358637,2.517428350116189,0.6103795507358637,-0.8659953524399691,2.517428350116189,14.171959721146399
947.3324396782842,192.7955764075067,-269.02680965147454,-26.708445040214478,154.35991957104557,-977.6702412868633,-247.10505212510023,96.60866078588613,962.4915797914996,377.19436997319036,-869.7667560321715,32.32439678284182,313.6682305630027,625.2138069705094,-710.0348525469169,544.3123324396782,172.36796246648794,705.4390080428955,677.4432234432235,47.265201465201464,-634.8256410256411,118.09383378016086,-939.510053619303,-18.3357908847185,927.9651474530831,253.8230563002681,-212.41487935656838,667.3398123324397,-34.96782841823056,706.7064343163539,-447.33109919571046,-53.38672922252011,841.2171581769437,-108.28418230563003,-799.7707774798928,-572.3907506702412,-9.229222520107239,-4.7560321715817695,-2.9128686327077746,-359.61796246648794,503.1199731903485,-351.30898123324397,-238.06836461126005,608.4550938337802,-735.0918230563003,2.5884718498659516,-13.254691689008043,-6.668900804289544,-277.622654155496,755.1467828418231,584.3706434316354,879.1052278820375,262.0884718498659,-158.9819034852547,-1.3150134048257374,4.781501340482574,12.21916890080429,64.2955764075067,278.42225201072387,859.2634048257372,-42.55831099195711,-970.2949061662198,46.43297587131367,-29.97319034852547,1.878686327077748,17.069034852546917,-496.0817694369973,252.45107238605897,-626.7908847184987,-58.992627345844504,-865.2701072386059,476.4289544235925,-59.60522788203753,26.853887399463808,42.020777479892764,500.455764075067,-130.22319034852546,-643.0851206434317,-125.50737265415549,0.5723860589812333,59.765415549597854,-0.9872654155495979,-0.4249329758713137,-10.333109919571045,-847.0067024128687,-68.15080428954424,-453.5348525469169,1.3083109919571045,1.7486595174262736,0.9215817694369973,1.7486595174262736,-1.3083109919571045,0.9215817694369973,-28.65951742627346,-129.0422252010724,-33.6588471849866,147.9926273458445,-0.8297587131367292,-3.1058981233243967,107.92828418230563,-456.43029490616624,393.1769436997319,637.7252010723861,0.39544235924932974,2.760053619302949,1.4202412868632708,2.760053619302949,-0.39544235924932974,1.4202412868632708,11.660857908847184
968.0417801998184,-23.0357250983954,48.64759309718438,7.3284892521949745,226.25764456554649,-938.3748107780806,88.71451054453887,27.068303430909662,917.1803588290841,317.83007723761926,-765.0086324398001,124.26079054975011,115.68351715686275,458.64001225490193,-771.0499387254902,627.1672496025437,444.989507154213,83.37774244833068,787.6486576068943,237.1358965860126,-224.4441498176997,200.71364265927977,-766.3590720221607,100.51696675900277,729.6497123826824,84.79685134726007,302.67998788979713,725.7108689070542,87.51589464123523,529.4910687254012,-248.45642900670322,72.79433272394881,861.6020719073736,-354.057523463518,-867.4956100514684,-225.18710263396912,7.6699969724492885,-44.76808961550106,33.118982742960945,-566.6009688162277,461.1168634574629,-324.56463820769,-153.22736905843172,749.0381471389646,-151.39782016348775,-10.499848622464427,-54.57190432939752,-87.41901301846806,134.04359673024524,176.51952770208902,699.4759309718438,766.8710263396912,329.4511050560097,-117.57099606418407,-25.22010293672419,33.070239176506206,-42.72297910990009,152.4383893430215,-219.5328489252195,828.4389948531638,-61.521344232515894,-837.1447169240084,341.3357553739025,-33.840145322434154,7.394792612776264,62.68422646079322,-396.97456857402364,6.871631849833484,-662.495004541326,-170.65637299424765,-694.4959128065395,588.2412957917045,-59.64153799576143,13.802300938540721,61.383893430214954,283.80684226460795,-306.6318498334847,-552.3841961852861,-111.81095348069944,-21.320686242164303,26.874298911250413,-8.57241834378093,1.8960739030023095,-18.674694820191355,-420.16892114813595,368.2678983833718,-776.4391290003299,-0.6608380072583305,26.272187396898712,20.789508413064993,26.272187396898712,0.6608380072583305,20.789508413064993,-13.62322665786869,-29.70518322878838,-17.858038956751404,118.679432155827,-23.208649719379334,-22.595245955760976,91.12248266754705,-704.0940904588973,232.98745460548037,378.14295146913173,55.68438428524266,13.118851105975569,0.5067679102013866,13.118851105975569,-55.68438428524266,0.5067679102013866,2.647078243644767
1003.8417754569191,81.69921671018277,-21.732637075718017,-82.71801566579634,-3.3013054830287207,-979.0151436031332,480.7138381201044,97.15822454308093,887.4678851174934,229.07692307692307,-954.2019230769231,-118.09615384615384,-524.6208877284595,676.7242819843342,-594.9441253263708,940.1018276762402,355.65483028720627,-8.454830287206267,863.3580181140118,97.62546616941928,-310.529568460309,617.3441253263708,-654.8375979112271,224.21984334203654,964.5869451697127,181.18851174934727,-216.27519582245432,862.4741514360313,400.15770234986945,264.37493472584856,147.5697127937337,432.4302872062663,882.5237597911228,-827.9509138381201,-988.6308093994778,-21.501827676240207,-13.010966057441253,-8.86892950391645,-1.1973890339425588,-773.2929503916449,246.57127937336816,-283.198955613577,-186.13107049608354,763.5660574412533,-620.1639686684073,4.448563968668408,-11.206266318537859,-9.116971279373368,-387.47676240208875,693.8161879895562,722.0929503916449,613.9227154046997,617.7446475195823,-375.10078328981723,-0.003133159268929504,6.2135770234986945,17.07728459530026,236.96083550913838,331.26840731070496,1107.8433420365536,-153.93054830287207,-637.7530026109661,754.2412532637076,-29.876762402088772,0.743603133159269,19.31018276762402,-427.5597911227154,-304.06422976501307,-717.1430809399478,-501.34360313315926,-351.00678851174933,799.1013054830287,-64.59425587467364,32.34203655352481,39.6177545691906,355.94516971279376,-662.2292428198433,-402.822454308094,-79.54255874673629,-4.462140992167102,38.92219321148825,-1.091906005221932,0.3148825065274151,-8.297650130548304,-624.1080939947781,80.36240208877284,-782.8402088772846,1.4610966057441253,2.947780678851175,3.0182767624020888,2.947780678851175,-1.4610966057441253,3.0182767624020888,-23.143603133159267,-50.79686684073107,-2.3509138381201042,118.17023498694518,0.7190600522193211,-1.7947780678851175,59.056919060052216,-784.1352480417754,55.331592689295036,477.69817232375976,1.9968668407310706,3.0861618798955615,-5.8172323759791125,3.0861618798955615,-1.9968668407310706,-5.8172323759791125,-37.31906005221932
22.057982433445222,72.29173731977967,54.70052886005927,61.670221056420225,44.45504177553479,14.834417304248925,52.65996342475398,74.01904625989117,44.962388793313806,11.852702532431843,8.904121123449018,86.50710418416004,242.09303221625245,12.397641292072509,163.4617742890689,140.27311997312768,153.47025728265828,327.8075520675738,48.01403457025566,47.83322172498167,63.32330107242658,229.74399486898974,41.75110478148797,138.51397112892207,121.7636223504926,85.6984039354234,135.73805690884544,79.52899879381435,178.49778282373546,103.76306985305669,144.43250691609452,188.30705451661237,58.67168508020042,19.86310944044177,6.629243962162408,93.267796440475,19.66982876884925,19.594074522971237,17.13192403358543,159.59248846370426,21.24406673539894,139.017684702568,124.2021817565536,8.00748548475921,156.65826531287962,15.612187660478066,14.07289690190944,13.580042615388434,66.25062104336627,232.86379788223687,18.234807478486754,28.256777142391783,95.0925829975683,54.49618365869377,18.23982855164895,20.57097141429788,21.074733580684203,89.25409103145714,59.78646927471013,35.18742515353326,43.27771461617463,15.2977596886397,11.56332855403501,21.089218772529684,16.75041713097447,19.549219546188624,35.2232381520559,3.2938729039134436,21.972193277509234,161.91567121856812,169.22474397263798,7.622354711958772,27.117363535337393,17.818027996536326,23.554682859949025,76.38099280153172,200.15226797296418,59.94729856487062,7.795651294259767,0.979128625513954,8.280765789062874,5.753000991689738,7.5556301077694235,4.683684063825235,106.85368391868276,72.3220496656008,103.06623671034136,18.038696867658643,16.93055600226789,18.409340697247938,16.93055600226789,18.038696867658643,18.409340697247938,2.8255818067980534,90.17071173898084,20.48186929912792,6.631476946562286,8.637027143957726,9.40033232883459,37.59868771868692,16.12040279022443,277.24470716873543,119.93053368794155,26.313245490661025,24.32143068920651,25.630962525189705,24.32143068920651,26.313245490661025,25.630962525189705,16.07849213678029
15.013375126780797,16.908163858914165,21.438354963632055,12.754943914545677,10.633999246098034,12.8138410558379,49.12550228619297,10.65637798353939,13.633835983184825,29.81176138384165,18.317109222971617,12.662370006357772,18.351369451207763,10.262471819163727,12.183344235041815,32.55213627163531,24.807277915861537,73.39859525222074,66.68952216432747,20.92221015548094,74.60780508831637,20.392511266615934,20.982421182766846,29.088369924780714,11.55440093655435,9.093546465593294,13.061991347544415,22.183875532457577,14.785948823138536,32.078165593908395,20.71747660790617,15.885884324509957,13.158563326073796,22.73238463435721,16.599807229531706,46.51835403002161,30.352111524839525,33.265139377963564,15.93148123886664,20.30404091365342,21.017098113308336,5.816218957076,2.92224599813208,6.17534054773033,5.832996988862681,15.78716547385164,13.666462684504982,15.221927960399004,0.9834183278163161,2.2030177525405064,1.168198677924481,16.354736001553423,6.632764994762875,15.652414808470445,16.430554237280276,21.517887808373107,23.406837208421084,21.90038160542594,2.7028618877449024,10.657673333175097,8.145816731117195,22.569507170359856,41.250824828123605,31.386179242806147,16.365349030223673,14.46762591252799,6.978462078615125,32.29983340353675,2.098753260902017,14.194702836793988,18.66709993638386,17.386319381107214,30.864339910781286,16.19611871790052,23.29172255381889,3.46073046017395,15.987887966275993,7.489969795000001,0.37270686252009977,0.14315200750562523,0.14315200750578283,6.975815787169034,4.915288985442339,5.6397385306795895,8.004997868397036,6.360244458787754,5.36062324657311,18.01305333610365,19.270761009054077,20.36226571746631,19.270761009054077,18.01305333610365,20.36226571746631,0.23977664505754176,0.0,0.0,0.0,12.754270700771926,4.617431064232451,6.901940087479755,8.14071759753321,5.521668773183549,6.489019606199018,23.58504021318053,21.26803878068591,20.544833897919887,21.26803878068591,23.58504021318053,20.544833897919887,0.7075588243031316
38.67825553616603,72.67148433197808,98.88222685160406,39.629286279820256,32.723397438218846,14.04261404430627,204.15030271359151,20.23947770659818,15.89420434030368,228.2439621531342,134.40793695000724,86.71131669296209,331.4704377305587,133.04838631990853,134.67838379194313,169.91242951673985,96.55294655264848,328.2589740189369,85.31243617860095,95.27367585873131,158.6159494818611,311.0214957206588,102.89421696792846,86.64710131819515,62.783170388375844,149.5392639858041,183.5666465952869,105.8141275427061,109.28043551045559,118.97031799939126,247.7977860026567,126.78622580475884,91.1194322456175,21.195387972293663,77.47270394405923,139.54383187488247,25.89000109836464,16.64130590368589,16.503087387153233,187.88162904231345,67.55637795014678,47.546274961105404,91.89930127037782,126.39350684387101,108.62047100102139,15.410182461112756,14.720631555717292,14.467624695071777,83.17663021391377,127.9359666883135,164.5449348036541,176.4327998131711,186.06546074406705,262.8365524951989,19.072489479074243,35.10872992757541,21.207279727970466,352.7778475074954,109.30588262615262,75.48567309313054,24.20261454056971,79.19076900052093,225.3865987849823,28.88387591958743,18.161453461506714,20.39528702101236,69.81946646029255,188.47859481403867,49.62868669712279,121.1254924536257,95.26566386404562,130.79962883561177,28.241063462173788,19.531091783261868,29.44494750433904,83.02442038279278,150.7085271175844,75.5777043589081,13.102365351365856,15.549129906488222,8.979740796007812,5.363935387909794,7.61183520622802,5.902598887076132,82.762368338486,278.5294369773762,94.38186483768905,18.08472082708202,16.821721675663607,19.815578711442306,16.821721675663607,18.08472082708202,19.815578711442306,13.389612149578046,24.776456499160975,3.0448638700872985,13.85526698188712,9.039252605614015,16.989310327085576,9.4381862894455,91.29280782741274,34.182149934633536,131.54473379894202,24.74802174221096,22.878211061591905,21.359958476052412,22.878211061591905,24.74802174221096,21.359958476052412,1.7649227884754994
197.8611911144337,162.93017773825392,315.69542696083994,129.19745122070526,192.6324300384179,127.23513954163094,366.7046621099619,215.78941404708544,144.69954284566768,348.9548033048034,281.4389202554225,307.1286481310874,392.7726504106162,345.706599623304,284.40741004435165,323.7976005791439,245.72410950940667,511.79243940406286,230.8225141017827,274.0334837684254,278.7982088530993,445.26390838036536,301.48048080367636,336.4517232756076,321.29530378480354,347.0670547412296,443.47874533198933,168.8860633278359,322.8357388344512,231.79793115187493,277.271722554646,329.27156410838705,161.02674627566225,310.439348437518,132.66480634982184,290.08261128869674,368.2995179432522,321.4020600093742,179.3340972183785,189.84505945934032,132.80614027074046,143.38374042017975,287.0383367027472,273.8725543251024,496.3136565608143,256.72134878825267,275.3312275781401,367.51041142991164,425.641022872478,501.81655732435206,444.2180444994411,254.981527494013,289.14482079667147,395.4779208983184,354.5819255256799,424.1753340579472,463.1389281036312,371.77153340505055,454.680629585224,426.9974458159348,206.60791778503867,178.29551757833175,348.66811333240963,494.1344486068943,346.5182707005,380.93950757795744,200.10743015944016,280.3712924874648,130.45504581529985,311.23626364223816,221.97423040230635,196.46784104346548,490.15048047851724,638.6198042354733,535.9624708940765,314.60244338693354,258.26678294320874,293.2492471834577,47.61925684590133,14.90197112986463,16.42702743423606,176.30175513239664,198.20888093859597,230.68092292389653,316.64196682151606,317.5928431425222,211.88701182929395,641.8632760403094,630.284419648738,610.6432105543801,630.284419648738,641.8632760403094,610.6432105543801,8.809568096523753,109.11994498653777,14.85743519916183,20.374966902934503,196.59334149424703,183.40487455107538,223.62640868231267,257.7069189436065,285.9076380889362,328.8529718799443,857.7613054673157,558.9758472052126,669.9193604519438,558.9758472052126,857.7613054673157,669.9193604519438,62.95283436749878
31.68901805333552,25.242633952781553,116.95646447342129,42.18081772239796,121.31647936055111,18.4023100753833,18.650909296916062,33.47259096415185,16.819727292489436,10.231013490489227,8.931649634752567,10.560522963265376,105.80043408169975,132.7165654327888,148.91359100815313,19.333096559324,54.333430339579664,53.47214258678284,57.60783626800713,42.822971379634225,149.9894267932256,304.51440198177943,138.80039209919963,197.89808028565787,13.50471634069473,14.584115320281883,66.46464153675221,30.34573911081935,63.556096606271176,39.351368424746326,17.739279856098353,96.77882939945036,37.42129091933881,304.80419857700053,4.319767099976372,50.80648815930989,26.163967039017717,22.15177650559796,19.052413365221575,55.93524513481325,28.806247692941422,88.9105405474193,17.485089950813165,10.419076471109898,8.918723739655269,15.903373385286073,14.683628540950613,14.151143350121382,98.72540291503019,10.850540105023263,50.60105532305466,154.07775751705285,240.4675110981726,146.66912618251914,30.05944981355355,31.772158173530805,34.07675093021983,149.49003884901506,96.04178285323064,39.149680631229316,26.69309456102116,47.531126963557575,32.129997677865695,26.376770478215214,18.352878948383932,20.600490902176933,62.919563119540605,50.38801948579218,15.314276396821874,80.07344430804376,38.57777845424288,25.140902269942682,29.65575513012336,26.75713135595662,26.21622767870099,107.22629914448943,29.85125404444788,73.16766803726108,98.85291756498007,3.1217045505468595,3.719628439868,12.506421016299123,8.76123329830314,11.446078652678192,59.173242564544665,51.19052091992712,46.739228017726205,34.160891157729544,30.273421186554025,34.692878225029666,30.273421186554025,34.160891157729544,34.692878225029666,3.1964182163778694,66.61711578543486,4.179000714298361,11.65546192936892,23.90713545268061,27.703142990405514,36.04183679985301,113.00260298542847,69.67230521687348,156.0061715810323,100.7230391056987,85.16980022932019,97.23326730771275,85.16980022932019,100.7230391056987,97.23326730771275,27.427972114038077
Walk
Stand
Lie
