3
Walk
5
0.0
0.9202856210656941
1.0669367776747185
0.6079693892066363
1.096268729926177
0.9202856210656941
0.0
6.3368503060074435
7.143320107740297
6.216424879215948
1.0669367776747185
6.3368503060074435
0.0
3.5320342849971755
4.084553942524261
0.6079693892066363
7.143320107740297
3.5320342849971755
0.0
1.5472350812606255
1.096268729926177
6.216424879215948
4.084553942524261
1.5472350812606255
0.0
7325.8392861478715
160152.89073899187
0
5806.689776570039
-8.193525271727308E-13
35880
0.6079693892066363
29416.618131110707
8026.00360327515
-4.3769593079965177E-13
5996
17370.620680759595
5967.536263378138
-5.527327610722307E-13
6995
19771.642619085782
6250.384810122403
-8.193525271727308E-13
10556
156681.9590298601
6196.751888598763
2.1515543990341748E-10
7296
19547.001176836675
7371.468381854265
-3.817122299283999E-13
5037
110
311.23109461160254,262.7414337197503,437.43435640711675,176.268282567812,169.9784667744743,159.8463561840781,206.8483390503723,181.7916032256699,163.3107453279569,245.62636378180915,457.11387239561606,220.7090007816859,303.9760364259186,418.7496976160349,351.407352329274,202.12198587722466,244.61939801191048,226.56544894033507,259.87571108624377,1051.0691301318773,479.064464720798,302.5310148384183,406.54755181150966,236.70926254823107,182.7666127468496,236.20510855488718,209.41359135036566,231.36874395306216,340.22269841103883,226.60061933429478,228.12955427044994,352.9612696144239,270.75434034844636,290.24664334287934,149.017216231596,156.57434197902737,771.0104330052928,294.50877547857016,350.9788082461366,320.5417493539021,341.74225393161623,400.2267794857309,171.56801597366012,204.19006521444692,164.8202242779415,858.2869400251958,406.3860964531281,607.3915926058676,352.25597469163006,420.0765106216195,348.0456896078994,349.8859549588622,259.36789425466867,215.15846050955196,871.9321318074265,669.8896153531122,862.6784235892071,459.54901613305265,391.0044659345865,402.5065707166198,175.06336652362558,183.51928640796154,170.67985852984262,914.623821017505,482.48140633952636,521.0571997405732,312.63779830092074,365.8541238972,404.0250397667599,329.2678938882609,202.33470812806013,257.2720748695157,817.238204847984,861.507921680711,822.8494520306853,418.0937249728043,397.35396425094547,391.1144982299776,102.61127576654536,9.986045454768707,35.62476939904401,621.3839984421273,647.4535165433629,594.0383783781092,580.6639284497082,604.124367161495,431.2080619881721,2120.6158128274524,1752.5214634893612,1778.5936931256833,1752.5213776848175,2120.6158815036124,1778.5936931256833,101.25335091405073,109.1038557302797,15.23808291500848,31.87185932723733,633.1400472812734,660.7848452887805,596.1183589297324,531.6321172911022,679.792278844205,438.6169516397076,2274.0852714702173,1455.3500846278023,2016.9556964929607,1455.3501144214981,2274.085269984363,2016.9556964929607,62.52978184959441
47.09413727407321,989.9656795249116,393.221122584986,-420.25262312709606,907.124061205968,116.43236405321989,102.87054433067367,931.4649843436861,339.1460305032905,178.15921848292888,643.5393595963295,573.2658986616772,267.57362026863234,896.3720257930821,-122.87945107285391,26.462530118251532,867.9836899824128,-405.04402818613505,-73.25078805915182,970.9724761172471,-103.20087494657777,294.8922503733134,673.2502663736551,491.4311455806169,-200.6020066889632,908.113127090301,504.29997212931994,27.184228701566212,816.4711428354536,463.97940424277266,-557.1083914993013,712.4001113192779,209.07250353065479,-796.6118142581663,-56.815496098104795,369.24071906354516,-132.0345039018952,-28.932051282051283,49.9358138238573,544.3717948717949,44.13670568561873,-238.42316053511706,-916.8658305462653,-105.44796544035674,314.088740245262,-103.86530100334448,-44.99548494983278,77.00373467112597,592.1685618729097,68.77132107023411,-232.7111761426979,-757.0513935340023,502.81195652173915,98.49832775919732,-79.75381828316611,59.36744704570791,43.89083054626533,497.02578037904124,-337.63765328874024,-179.74108138238574,-952.3155797101449,-200.92040133779264,120.47926421404682,-143.33971571906355,-19.359476031215163,26.966694537346704,582.5023132664437,132.4860089186176,-78.8964325529543,-785.3173634336678,-473.17416387959867,-161.68372352285397,-145.55822185061317,-51.51792084726868,-3.2731605351170567,505.8015607580825,278.19233556298775,74.91017279821628,2.266737262847628,-52.36941015253658,11.332291564371893,-4.093709721495154,7.210631841037887,-10.783378283125812,-86.09980742756913,951.3175046122229,-616.0028253664796,-66.82240280423727,201.26059069953382,-43.98014123010913,201.26053452702513,66.82243067491721,-43.98014123010913,-11.980811539667704,-8.796550293440896,-43.1757929474735,10.66654133974098,-5.000356931329025,34.60294426542229,110.37837810761572,-189.88852992085512,748.8617296519725,-671.9200580471274,-1.7384391111383493,-13.973596659924631,-45.89596161336929,-13.973568417018821,1.7383553344756852,-45.89596161336929,14.021003653960005
55.06221155621193,950.1515599040059,428.7729370500277,-390.2754573696928,889.7547462892647,131.87297204004142,59.74559023066486,914.2766282225238,317.95098371777476,141.68247739293636,785.7568674287664,529.0689302166866,150.98569969356487,1006.4967654068778,-163.19322437861763,9.499478623566215,911.7898852971846,-332.41779631560655,-73.53910116808552,1003.8980399920807,-84.83448822015443,183.36505622657225,779.4266972094961,417.63348604748023,-224.5010006671114,951.3677451634424,441.5036691127418,81.16852791878172,860.4915397631133,396.90626057529613,-469.1071123997953,764.9945420433226,278.6692819375746,-718.6312983662941,-63.445296864576385,281.86691127418277,-50.19979986657772,-90.87108072048032,19.330887258172115,678.2958639092728,47.07138092061374,-300.1946297531688,-852.9748165443629,-58.51917945296864,251.28352234823217,-35.7498332221481,-90.36257505003336,30.224149432955304,743.8622414943295,99.39609739826551,-249.59939959973315,-804.6365910607071,366.38859239492996,118.57021347565043,-35.038525683789196,-8.10790527018012,151.3162108072048,704.2151434289526,-318.71714476317544,-221.75383589059373,-878.8252168112075,-198.79169446297533,39.665443629086056,-106.32338225483656,-46.5925617078052,-26.240660440293528,731.4491327551701,138.91927951967978,-76.19446297531688,-807.2810206804536,-419.24016010673785,-70.00617078052035,-130.89559706470982,74.84606404269513,-105.81220813875917,673.8167111407605,296.1784523015344,50.94362908605737,-3.545697131420947,-52.89759839893262,13.041694462975316,-23.248165443629087,11.912941961307538,-195.54286190793863,-83.96264176117411,1111.8218812541695,-761.9621414276185,-2134.3644096064045,-1228.549199466311,-1671.8323882588393,-1228.549199466311,2134.364576384256,-1671.8323882588393,-16.456804536357573,-20.893929286190794,-40.979319546364245,12.637424949966645,-8.014176117411608,15.850567044696465,-25.18679119412942,-220.81771180787192,886.1626084056037,-802.3170446964643,-2111.3235490326883,632.0171781187458,1612.197631754503,632.0171781187458,2111.3233822548364,1612.197631754503,13.948132088058706
71.26525119617224,971.626495215311,408.2674940191388,-464.56266205704407,885.278594065111,61.10486891385768,99.22646127267492,865.1189173625108,412.7733947595739,230.7350043465662,478.36322804984064,668.0524485656332,398.61501527717155,662.7226829623163,-132.31514622435617,103.54940165694998,781.4976986805768,-472.39153114452284,-63.799210734017365,955.1157063930544,-87.82904498816102,428.10388263189094,420.7379964433906,569.0583876704209,-148.72909220872052,829.0027162258756,591.4606147248035,-27.070079307858688,646.0607065609229,601.6919971160779,-657.4166666666666,522.762470657277,136.26041666666666,-843.7680869316557,-99.28992137240887,401.81529664045746,-198.36869192280201,-74.433881343817,45.42673338098642,441.71937097927093,57.237884203002146,-194.59585418155825,-894.3714081486776,-74.02859185132237,352.34924946390277,-158.17898498927806,-40.051751250893496,124.74010007147963,461.1056468906362,15.568263045032166,-234.8867762687634,-543.1503931379557,688.4567548248749,56.62273052180129,-98.02744817726948,104.13695496783417,20.066047176554683,274.26804860614726,-402.0456040028592,-120.9614010007148,-896.4847748391709,-272.3837026447462,183.83788420300215,-191.79428162973554,-67.48591851322374,59.48506075768406,451.33423874195853,164.90578984989278,-98.72380271622588,-599.691350964975,-566.1276626161545,-272.6255897069335,-175.1722659042173,-144.41729807005004,16.44288777698356,329.766118656183,320.3641172265904,106.77669764117226,8.506935506935507,-52.82039182039182,17.615043615043614,5.136994136994137,17.072930072930074,41.87959387959388,-131.64049764049764,931.4179894179895,-561.5722865722865,459.7873587873588,739.2400972400973,334.1934791934792,739.2400972400973,-459.7873587873588,334.1934791934792,-9.96896896896897,0.6934076934076934,-43.77405977405977,21.23866723866724,-13.385957385957386,20.865722865722866,107.23237523237523,-239.13828113828114,572.1545831545832,-667.7297297297297,-40.397540397540396,39.244673244673244,53.544973544973544,39.244673244673244,40.3973973973974,53.544973544973544,11.023309023309023
7.233681719581936,1036.2847564582923,357.66761979885626,-433.22918280402786,905.4267041053447,136.53563129357087,158.73408239700373,995.9247094977432,264.9883799097282,143.21755573248407,707.6457006369427,536.84375,196.76793614156568,1079.2503366031929,-125.288132333141,-18.102530230667615,884.9859770348542,-395.9991870744843,-63.487462813429666,981.6690395240119,-92.82564810879728,235.99158303658143,764.5681450307543,472.1617567713392,-248.88414172034862,913.2025388404699,483.76667298219024,65.29494059026447,990.9131851284017,353.4302414718283,-506.2817364401044,889.4119694479358,253.6667311224983,-785.2960418078003,4.544145509662751,394.3523114816218,-31.640867752936717,-6.044998105342933,25.09009094353922,551.2008336491095,5.125426297840091,-244.66682455475558,-922.2654414550966,-153.56271314892004,352.4100985221675,47.574175824175825,44.03126184160667,-93.01439939370974,592.470538082607,84.20632815460402,-259.1758241758242,-861.6942023493748,427.6386888973096,144.092175066313,43.793671845395984,67.54689276241001,-162.1657824933687,547.1863395225464,-312.5850701023115,-226.77879878741948,-1020.8233232284956,-115.16492989768852,120.52150435771125,73.54708222811671,54.26847290640394,-115.33109132247063,618.3855627131489,70.01544145509662,-66.34435392194013,-966.4637173171656,-405.50236832133385,-95.94988632057597,-19.431318681318682,23.199317923455855,-176.45973853732474,598.3511746873816,199.81337627889351,66.02065176203108,2.0393445746403733,-52.24826140802134,-1.3548632942745547,-6.115175764504144,1.383252357816519,-15.798513861103173,14.09164523197104,810.3249499857102,-622.8964466037916,-91.24454606077927,-20.03267600266743,-43.65399637991807,-20.03267600266743,91.24454606077927,-43.65399637991807,-10.392302562636944,-7.716776221777651,-45.46051252738878,-2.2632180623035154,12.421453748690102,57.0840240068591,200.99152138706296,-107.01228922549299,872.1751929122606,-605.9000666857197,1374.6206535200533,-551.9037820329618,-1111.645422501667,-551.9036867676479,-1374.6207487853671,-1111.645422501667,13.409736115080499
83.22565847883989,974.029594554602,402.1626220775377,-387.56641285956005,946.103214890017,137.35265087422448,156.9447390454926,938.8901758303098,352.2945855428412,126.21885913853318,751.3279976717113,488.5848370197904,146.76923076923077,1062.998745819398,-184.21112040133778,38.004060324825986,920.8554234338748,-370.46606728538285,-98.46030009377931,945.2416380118788,-167.00156298843388,221.01936848958334,919.44287109375,444.0174153645833,-227.88678728070175,1005.9028234649123,426.3719846491228,155.55137844611528,936.9402673350041,369.3201058201058,-462.3609285414627,857.3677807299679,324.83582715704097,-758.7280489540344,-101.68571820175438,396.6827028508772,-162.99547697368422,24.43064692982456,48.32017543859649,596.8469024122807,60.70956688596491,-273.6374725877193,-1006.851288377193,-159.30660635964912,237.2423245614035,-220.328399122807,-142.15679824561403,267.4956140350877,678.1498081140351,125.6407620614035,-195.52275219298247,-992.5583881578947,375.85731907894734,110.72121710526316,-240.53467653508773,-48.367735745614034,312.3074287280702,678.1818804824561,-260.0046600877193,-209.99725877192984,-988.4321546052631,-194.88993969298247,149.78303179824562,-309.9325657894737,-39.38500548245614,266.7986567982456,650.100466008772,130.82360197368422,-83.00274122807018,-939.3785635964912,-414.445860745614,-16.54673793859649,-260.87911184210526,-128.84594298245614,386.59498355263156,616.7467105263158,261.8955592105263,19.95216557017544,1.3428176795580111,-51.43121546961326,29.54157458563536,1.378867403314917,7.691298342541437,127.4060773480663,-242.37886740331493,1101.0367403314917,-515.7024861878454,1505.857872928177,1439.1864640883978,1177.3523480662984,1439.186187845304,-1505.857872928177,1177.3523480662984,-8.061325966850829,-11.220027624309392,-39.28093922651934,20.95635359116022,-2.1767955801104972,33.26698895027624,106.1114640883978,-245.29378453038674,571.146685082873,-667.4128453038674,-78.1610497237569,24.62831491712707,65.03370165745856,24.62845303867403,78.1610497237569,65.03370165745856,15.79267955801105
35.24142233312539,988.8407153254315,391.5629028904138,-414.55327623979286,905.2342162915754,102.45369448317068,-36.131489954247066,898.2192162323454,398.4945295404814,297.02917505030183,413.1519114688129,693.2338028169014,547.7483753046304,465.142567018684,32.09890333062551,16.279794959419053,823.7270397266126,-467.01131994873987,-69.97862595419848,968.6527808069793,-75.74045801526718,473.1002470152326,349.54899135446686,580.5370522848909,-103.48401826484019,814.1733174508636,613.9188008735358,-227.53968887116076,460.6485839648983,721.3671719186278,-766.3208086583622,332.20114355728,-33.79579334286298,-902.5404010323605,-53.53543776057177,335.6372840976772,-302.8777049831249,-17.270001985308717,147.03871351995235,437.1848322414135,80.19952352590828,-161.6628945801072,-882.5014889815367,-26.09747865793131,366.719078816756,-258.19853087155053,-43.69267421083978,146.7788366090927,468.42882668254913,-8.521143537820132,-207.99126464165178,-437.02918403811793,748.831248759182,19.503275759380585,-133.6349017272186,216.42783402819137,-7.866587254318047,192.21600158824697,-435.66805638276753,-68.95612467738734,-921.4460988683741,-292.66368870359344,86.15723645026802,-333.3349215803057,-45.402025014889816,-4.034544371649791,414.23863410760373,213.1328171530673,-74.93547746674608,-414.17351598173514,-635.1760968830653,-464.7343656938654,-219.1697438951757,-117.50506253722453,-110.3627159023228,195.60492356561446,386.0806035338495,157.42128250943023,2.334723049434187,-52.72721858248958,0.7849910661107802,2.198133809807425,-0.566805638276752,-53.636291443319436,-9.00357355568791,866.500893388922,-648.6793726424459,-563.7706968433591,-173.16120706769902,-401.13857454834226,-173.16120706769902,563.7706968433591,-401.13857454834226,-18.45284891800675,-6.327377407186818,-45.81318244987096,5.830851697438952,-30.368076235854677,30.824498709549335,92.40619416319238,-178.106015485408,829.8072265237245,-667.4020250148898,-210.548143736351,214.56104824300178,-84.96883065316656,214.56084971213025,210.548143736351,-84.96883065316656,16.985507246376812
333.4565360792479,295.3909804748379,544.8204013280041,173.95910972817913,175.13455185659265,147.05343592378154,152.06342165185293,174.09293522881717,110.69998182917443,228.27719740486975,458.76854651596335,185.03199711863894,176.41969621172635,243.28166755117596,173.82804419248097,148.84473160985246,208.43826463397536,206.05025874466355,310.9677672728752,370.57340542734437,506.16427373567836,212.4873546142236,251.85315276915253,177.42289877720654,144.1439398488954,177.3846097329968,145.09159680272862,118.32050302524515,207.1441342320781,132.26333373768446,147.51415381981906,192.93454227383205,136.1709805714542,293.1352253151323,105.13602853752117,114.00768582083101,552.4765832918757,221.75629364020395,278.18689319034974,348.5170574099048,326.35895378211364,390.7416420563299,154.57819342040867,160.6960686756223,109.42272819912743,654.7414969396838,393.51414855703604,534.8926773388777,356.0687028316201,405.04290287872414,359.1763982091508,187.0086006112349,146.918120762758,141.1703443661646,723.5576575181982,441.05178202364954,864.9333823329671,388.69721851834674,423.24426690838004,398.8686725710539,157.87040579345717,114.75647117902295,126.78985449418079,723.7442878223156,362.6697230880267,521.5020210118369,317.9980165499304,348.69363419864266,406.8244670598454,174.71777193486594,135.48724179351748,111.95793232633935,686.669325859634,666.0036926211492,830.2079877015339,339.0386540426275,417.50015947538816,383.84430506810463,102.4406909344635,12.718489987381503,40.68736676466761,951.2251720254686,1030.5399458095783,931.8279276434904,954.1934623413316,1041.789175985652,663.179171047898,2646.2062969338663,1619.2797343663224,1624.1812219165658,1619.2797343663224,2646.2064950638496,1624.1812219165658,100.12798799726013,106.86008291658047,19.349821332300504,32.40286893526921,947.6539901444526,1015.7270354415031,923.7521994040918,864.2644449581679,1076.5327332138434,669.2534317029764,2667.523942542818,1506.441658987071,1911.3155343098483,1506.441658987071,2667.5240517126904,1911.3155343098483,55.897861801457815
267.81694080029524,175.33387279292077,300.04715357781856,177.7304868426393,162.23534817521474,184.92154644507622,257.5140692547401,192.12960505003468,201.29251012541928,259.912572195312,463.3697948567416,234.61585451647753,378.57860490105304,476.55151998305047,500.4129969819909,238.47229929591765,277.4740879611457,260.5823929033897,236.14050802871103,198.59970409644401,327.92522556377844,371.5076985570967,436.99086723770824,284.0466509663336,216.09296962811158,285.3201661621817,247.2406165875954,286.46378604047237,386.80096516380297,256.14179188886607,273.0322517872542,409.4754804667154,353.51934090831014,224.25654723037712,179.29390391331515,163.26008369330944,867.4432622881095,361.69011926635505,379.79060407743685,283.5030012024002,344.49487171395697,394.1425577149509,174.44763723185756,250.08090663417812,196.30888082804296,953.2847919002112,424.4797756827643,643.2249601587032,312.15963973835045,434.51289655330845,340.39176371680117,394.5748869416025,275.29065557765483,280.9100298405262,927.0403544647409,822.5656728027062,845.7766965347474,468.205344736367,339.90784854666225,405.9505076213282,176.24034120473414,219.74254183679164,213.45565684212247,948.9656029642351,606.0925420122232,532.8297997836073,271.2799190390051,382.56569556913433,401.9055900166761,380.6933481310498,236.12911200155241,322.28283048021575,831.3736411339814,986.1008089395962,735.7011982215192,451.21346435593904,388.0596491964736,395.4602063872149,105.70464355726861,10.737629331306016,39.85878551600133,602.6893172706142,558.4987271287833,520.7466707085782,508.29096811587493,504.02217610636757,390.71764337725085,1960.9166241785408,2108.2723767236657,1982.2582074864526,2108.2723767236657,1960.9166241785408,1982.2582074864526,101.33594063395532,110.30815523470402,8.810789282832284,11.011245190673145,148.02820971886013,130.7986780553661,42.37104779002822,70.80212346254045,38.9376810514574,36.890134657751936,106.5709379818193,145.96633747814823,122.21003843136342,145.96633747814823,106.57099823521503,122.21003843136342,63.06303963537894
298.59813542960336,312.1975210393524,471.59429955113904,177.60799758477023,168.31829193962443,138.65604591652462,170.41042935449985,162.51056970035535,129.02888620839275,231.43776846306312,407.7935226935537,209.59720044055257,205.5792242669899,246.37190397676713,229.77873754319248,207.6616887788488,241.1197481199285,214.92959662039132,238.20493144706512,217.19477453139666,339.0424299415395,250.53066177855735,330.4023957485538,220.34499383875104,175.62509521610497,202.12366424714682,202.11196936041455,146.33881899445618,196.26700210078542,148.64938350257748,177.32291850189887,198.3783393881621,170.8328451346842,325.2984048647046,156.31148330556957,160.29230309178593,770.1389777517749,286.9035324179021,356.09154706799,317.59475148495085,345.60460809771934,400.3729099271098,163.5985752275649,191.8622599950592,158.65203491960165,874.7066796129868,393.68807728512166,610.4364742822812,346.710838968993,412.7629408571901,358.5804458036913,267.5238246734296,217.84704997388954,191.36812011381085,920.050513443302,603.2744502463582,891.8577602442424,405.2434189000904,403.4944450449081,396.68842668158857,160.4633371437139,155.61055917169298,152.74816002229042,923.0432457370148,400.0730053164371,467.26763661619015,310.22533958813386,346.4509038125581,407.02014904825563,183.0177143382691,160.05431424773394,151.2358639532965,862.2934718345895,661.0933421772336,729.3178172958548,365.5637019707034,373.0262180987222,402.44616641713463,98.76011388403442,6.700224607534845,10.231323771230212,98.60663690010387,104.21588443868487,38.88686105524853,72.09499724523391,45.02128201400281,40.93347522276529,139.17773734827793,146.1442315424124,137.38573110608027,146.1442315424124,139.17773734827793,137.38573110608027,104.25159954560402,106.42738375139756,17.591642349936606,40.67034023391215,734.6984926769803,787.1356111014092,696.2244583487094,560.7388173523377,761.0224088589405,505.5615060236484,2435.1574914840753,1858.669441990777,2389.3809716759333,1858.6694462660073,2435.157446642642,2389.3809716759333,69.93603534736272
344.29984094562724,226.39733861691835,409.89020145645446,180.4511674938298,199.1614264616903,174.4499743306143,167.28684414155788,151.7426552948169,103.78906969486468,216.87202182812808,407.1720939088363,177.38945776564285,175.85203942376896,219.21385831618701,146.43931287656994,164.51885145880482,206.5505547533441,177.3938764186237,297.6149387661939,2289.6097795686073,764.3433867566297,178.17722179373024,239.01003909223536,163.105393989652,140.26848264042522,187.2533260096895,141.552755229921,117.66069702409665,175.22039332779002,114.03690373049557,130.08775813758788,175.48188229023268,117.05617518270078,325.1793582691599,107.44234238190023,162.02064298583522,672.1899743354446,287.7415466298459,324.585500652364,335.1286099305276,338.4230469105549,401.3550236198875,166.5347513056821,150.73959095028513,118.12428694051734,765.5815464091918,402.595362267588,488.8929705464295,346.81953070135137,408.7124213640863,357.7101468701109,195.34210237547933,136.060409953968,129.278712336611,822.6179349650896,424.01057676311603,787.5740121393723,370.88955727220326,413.29594118775185,395.6883983136183,167.01883614331098,133.177320056094,153.01225006142613,807.5129870403598,353.2335583534387,437.02535819428596,303.8270018738254,355.407636869072,411.003899753728,160.77920628742243,125.1062137450177,112.09827646463496,777.2659819962275,703.8339674337196,762.0887076838355,319.34398871485627,406.907439364988,393.45917420887184,98.43317994462096,11.644927224329699,47.85604519552079,830.8054817776735,891.0945913898404,797.4171796039234,728.579281770686,692.7227871368397,581.4216623841984,2232.211253834387,2151.685858453276,2269.137279173227,2151.6856723581654,2232.211253834387,2269.137279173227,100.51696788683749,110.44823623746642,10.039503198881446,10.57105630241919,143.5284627870447,138.86421294963353,54.35302969532111,72.77668347954628,59.12917136225795,42.645758609313525,137.0348066212553,135.41733561824012,123.16020100723266,135.41705393652163,137.0348066212553,123.16020100723266,57.672970659493366
308.7753036875859,244.32282301171384,419.989645409034,150.29837057974206,114.86276287443052,134.58032486744767,225.36930300905303,206.79527604981806,211.44407256208424,257.6554931364994,453.9590168207655,220.852307351617,373.3914345069978,530.7647719355139,569.3070840312006,209.77081188839605,256.0651550504534,246.36940357207226,208.11984414177925,194.88089463799452,318.79855142847913,348.46560812400753,422.1653064655231,269.17413243910346,188.24107557715996,277.31924885431266,225.5972207159238,292.1952930631045,429.21775414323514,226.50458572879594,257.2800487611164,437.55180992796846,388.9973977393508,177.92335713552194,138.18335636768012,127.2325476874288,929.2009772109025,269.19182240783425,393.62700909577705,223.91146754485442,345.05166828823496,399.2669697140573,155.5586075695136,223.68543576537624,177.95207870277815,960.267712732748,386.80545798011764,679.8320687526618,307.10416567208347,429.46273836666643,298.77657196548995,370.22069730909675,237.24746557309913,286.01451164740763,877.5692097764326,976.1317621309328,801.197891923564,459.3982027560047,317.8149688829066,392.7246364214167,166.50644691943694,223.11911583458502,162.91771842349374,1084.2376244936404,677.3603368907286,591.9479337179736,224.50569794950775,393.53010865101265,385.7202437514392,371.18439716825117,244.35631462931045,296.1676406403138,862.5660414758174,1311.474810940006,993.952902996569,435.0803121697276,386.0085901980742,346.54665573136487,111.41144937489445,8.060745327620987,18.544807304033245,383.90637568862036,339.36133621123076,323.61220764740654,336.1945531808896,375.40502174407726,224.42705411449452,1333.574834193616,732.7020058444763,895.4765670987641,732.7020058444763,1333.574834193616,895.4765670987641,96.63132615936367,112.1821315996862,16.11380547553437,38.77376768760368,768.8669481469932,726.604936460531,671.7935758872691,651.5972017295451,733.7205237372925,516.1123171632221,2559.273130602604,1981.1252480112703,2631.4779371030963,1981.125495788557,2559.273130602604,2631.4779371030963,59.35426272124758
Sit
5
0.0
1.176867378689175
0.9709302077197595
1.5119586503519944
2.401468494319938
1.176867378689175
0.0
12.4645363747577
16.256387695805305
52.351399183134916
0.9709302077197595
12.4645363747577
0.0
20.60414927606824
74.16673865870442
1.5119586503519944
16.256387695805305
20.60414927606824
0.0
70.1518317410747
2.401468494319938
52.351399183134916
74.16673865870442
70.1518317410747
0.0
2620.976948665018
23485.92809011943
1
2789.336097848592
-1.8478420815173507E-10
23319
0.9709302077197595
20696.591992270838
5126.577783161827
1.1593340182384887E-8
3206
4307.948930942147
1736.9150796619238
-1.014248178304431E-10
4492
4561.959536114072
1919.0055350052285
-7.163230438197213E-11
3045
7490.624367027514
2586.29446033521
-1.0862511476123635E-10
4574
5204.534966487961
1853.1180439298253
-1.8478420815173507E-10
8002
110
183.35830850859807,168.52426143097262,150.13791848830928,116.99453682880316,91.7731543679499,202.9709665095779,299.1441796484148,165.80545492774127,179.52406669551496,294.54209356166024,449.40891674895533,239.03061649649442,393.97736769982146,448.7999625429817,465.13689066397654,174.78024628953315,151.8497519168504,200.7442346747958,247.3784147753588,156.30795284549578,191.75300794364074,368.67459807534084,375.0456419966858,267.5824262794578,265.83211151590154,318.5914004948582,254.91779997474217,243.55887062675228,367.56675438084346,286.2456129111677,270.63658810889734,403.8297665991524,297.9303310931327,252.21786042955495,131.62870289925024,125.25306708521413,286.48807670693816,199.11141970484118,179.54328146335612,229.822803711783,165.6600281550577,308.75839827244357,183.00229354964017,293.27469736238993,220.0763849914711,395.50288569267593,327.9409424931804,554.3478378797447,285.2239694591287,361.7234617390501,274.3271497056751,344.66491894081895,249.80449910857863,294.3388657653337,541.9215456379475,441.84194162358904,586.6391884442451,329.02669572571085,306.74052789301936,367.0359421213099,162.87575309839622,207.73774488089953,256.63242927206016,399.9444497585373,418.59540289833734,341.15264456748633,256.7957203895821,223.24395573038314,348.4521684869692,369.1228752705921,259.58147935630944,265.79280172739703,460.2725355469917,528.3735232829321,445.29782639126404,407.75132699672633,332.8312889062075,318.96287858126846,56.10646916526605,9.069013193913193,22.13474693501215,109.73244494550566,103.66199661677823,112.65671084812767,163.47213473776503,151.81793820028983,202.5392133001007,311.26256996655104,369.5113044870984,375.28040219062785,369.5113087702722,311.26256996655104,375.28040219062785,140.6465160483785,120.20147612043883,6.947274612968059,16.74508243692098,103.39818012317953,106.30243350366088,135.2545209645884,193.4059042298431,144.1827155230041,155.04603824899485,332.4630355916179,305.1761173330694,365.5769999983461,305.1761173330694,332.4630355916179,365.5769999983461,32.40453981447837
238.7572449983874,171.4939361985651,951.5798513154658,-270.94047772202924,951.0755178180882,-25.96041854281916,-151.1638859735637,693.6135383803529,636.2967649223879,81.28471124768595,25.245518995607384,824.4950352660774,572.3893628912211,-40.907527200336425,-480.4256982235533,-9.009909713444122,873.5575557322435,-425.1659788729019,-71.816989636662,823.2474818151003,-443.3331160430278,241.04668420658334,-83.72076693169639,792.2124697758167,-25.18294280505338,380.936998985496,873.7120238780067,14.572246469135527,23.08205593778204,875.8537756579303,-759.4412168609583,-174.65146587451827,330.18343640206325,-855.3580342210215,-63.27809940391955,317.5158025644324,-17.940391955058107,-4.795960375659334,-9.766842488957503,487.18169732835884,120.18577125948796,401.90822934088084,-680.5488228483212,167.73390797203996,597.2701659590891,11.062824306359621,4.883185385308118,22.031819546292724,53.88451477336078,-553.227025172606,-235.16437240018868,-49.95818860156954,795.0311762940091,359.6025129722544,11.62974398559115,19.56220249581886,37.90166816758866,-431.55637034178136,-50.200094343668255,-397.4799090870106,-768.9167202710237,-534.772074274197,53.93931986791886,-40.860242720528326,-0.24996783738582273,11.69235387452292,-122.86272996269136,507.24516488700203,399.73733865088553,-13.252712380462274,-841.2691367554355,-230.08512371885587,-66.37291479051417,10.670869248252497,28.413525451348686,-641.4959046271281,119.7851108538102,-455.1574252755264,74.36216275638158,-56.112465745982675,10.869029557831269,0.8384632702946095,0.4593441226405473,-16.455801235710968,-89.75676892489324,835.186279889845,-521.7034113701674,0.31117709724130327,11.112836171531276,-18.75078631759065,11.11288069369926,-0.31117709724130327,-18.75078631759065,-57.40909734262372,-50.7713219523229,-41.4076546632902,21.65705487775207,-2.2483663725037313,-3.4885241404027534,97.2321061435148,-235.44620002879637,593.0113938699279,-604.0918197918173,-7.725477645372239,7.660189954954563,1.6139644460353553,7.660189954954563,7.725477645372239,1.6139644460353553,-1.5717422660300355
464.35065349059613,45.13292955052598,710.2983742429072,-281.50374298190894,849.057080474111,-239.95664379288834,360.73994894703253,638.6952776005105,478.12476068921507,199.1494863620262,334.2840949344669,607.0301098122565,93.6179700499168,592.7777038269551,-226.44292845257903,184.14571629213484,739.9058988764045,-451.4487359550562,278.49141150112024,694.5056011949216,-236.56235997012695,373.7029893924783,255.1288974606236,447.1745419479267,-217.99750467872738,720.898315658141,438.1918278228322,200.830385344283,555.4115603284902,385.10486418193307,-379.2163120567376,486.13410702772404,309.3326885880077,-691.9323144104803,-185.08234560199625,500.77510917030565,-50.599500935745475,-5.478477854023706,-63.956331877729255,88.9223331253899,245.97567061759202,-210.6154086088584,-739.1802869619463,-240.13162819713037,306.2932002495321,12.751091703056769,92.90767311291329,108.59575795383655,249.13973799126637,139.49937616968185,173.2854023705552,-392.8094198378041,586.3883343730505,9.078290704928259,88.97286338116032,92.29819089207736,101.6796631316282,104.24360573923893,-128.8190892077355,214.42420461634435,-642.0215221459763,-299.00343106674984,492.6188396756082,-65.79039301310044,-75.71802869619464,1.2972551466001248,-52.19245165315034,117.39332501559576,-210.3069245165315,-583.3116032439176,-417.4260761072988,23.54366812227074,-79.39207735495945,-77.55177791640673,7.352464129756706,-79.02713661883968,-82.37585776668746,-297.8281347473487,-23.955310880829014,-45.784650259067355,7.329663212435233,1.6875,3.0207253886010363,-22.922279792746114,-79.07707253886011,739.4310233160621,-653.7953367875648,-5.590349740932642,76.20531088082902,-147.98801813471502,76.20563471502591,5.590349740932642,-147.98801813471502,-0.8367875647668394,-41.656411917098445,-34.72117875647668,45.27849740932643,-15.047927461139896,-28.287240932642487,103.57189119170984,-437.82998704663214,475.0482512953368,-448.0605569948186,-59.06282383419689,61.8895725388601,4.602007772020725,61.8895725388601,59.06282383419689,4.602007772020725,39.94527202072539
207.05329082213618,231.88499202915054,984.1443862445913,-227.22083704363314,977.247105966162,-50.3693232413179,-226.65227070347285,776.6894479073909,600.4772929652715,-23.182769367764916,98.21571682991986,731.2179430097951,724.1954585930544,-291.44813000890474,-466.10908281389135,-65.82032400589101,937.8085419734904,-357.78703976435935,-125.05175224123879,792.7750611246944,-567.5672371638142,13.386464826357969,-158.29563668744436,878.3201246660731,2.9254229741763136,95.70569902048085,972.5932769367765,-139.10574354407836,-77.92341941228851,988.4875333926981,-882.7889581478183,-328.7215048975957,251.60707925200356,-728.6939002671415,-29.949243098842388,271.0654496883348,-10.143143365983972,-5.045859305431879,0.8920302760463046,535.6170970614426,86.60752448797862,524.5204808548531,-544.1088601959038,300.0347284060552,744.8127782724844,3.231300089047195,-12.458147818343722,7.651157613535173,-90.12956366874444,-682.7221727515583,-279.8007569011576,34.1186553873553,697.1088601959038,602.376447016919,-3.8234639358860196,31.634683882457704,34.935886019590384,-460.3466162065895,107.14492430988423,-458.02560106856635,-857.0180320569903,-480.35307212822795,-43.474844167408726,-32.22439893143366,3.46326803205699,20.372662511130898,-75.55253784505788,584.3365983971505,533.6918967052538,84.85774710596617,-910.5220391807658,-373.72328584149597,-67.75244879786287,21.15160284951024,38.945013357079254,-866.1896705253785,191.22773820124667,-486.1311219946572,87.43210151380231,-61.3900267141585,31.743098842386466,1.2455476402493322,-0.468833481745325,-13.195235975066785,-188.82947462154942,883.353072128228,-353.00155832591275,2.7978628673196795,1.9933214603739982,1.8844612644701693,1.9933214603739982,-2.7978628673196795,1.8844612644701693,-148.7947462154942,-71.75512021371327,-43.61553873552983,19.074354407836154,-0.40917186108637577,0.5256010685663401,101.26536064113981,-184.21972395369545,654.9659394479074,-581.2150489759573,1.8880231522707034,-0.7466607301869991,2.580365093499555,-0.7466607301869991,-1.8880231522707034,2.580365093499555,-7.029830810329474
262.39285714285717,158.44940476190476,983.6752645502645,-306.34285714285716,964.35960591133,103.31100164203613,-191.30771756978655,703.9697865353038,664.3169129720853,117.04464585431353,-156.58039610607585,924.8123531386371,665.1783251231527,90.78062397372742,-584.1106732348112,14.769786535303776,938.0752052545156,-346.53234811165845,-82.58391608391608,872.2740384615385,-453.618006993007,278.64367816091954,-179.6433497536946,829.8673234811166,47.20065681444992,386.7743842364532,948.9231527093596,55.05287356321839,66.92709359605911,928.4985221674876,-794.7622331691297,-153.4256157635468,402.09950738916257,-958.447619047619,-50.69096880131363,272.38029556650247,-9.073234811165845,-7.803612479474548,-5.494252873563219,560.3878489326765,93.13891625615763,497.54449917898194,-708.6410509031199,266.86732348111656,608.9868637110017,15.645977011494253,-3.6857142857142855,-2.017733990147783,20.724794745484402,-695.9297208538588,-328.5707717569787,36.46732348111659,872.6518883415436,348.59408866995074,7.643021346469622,-6.736617405582923,14.687027914614122,-510.64794745484403,-42.79343185550082,-578.5573070607553,-761.2525451559934,-606.0758620689655,36.06141215106732,-33.435796387520526,9.401642036124795,17.30673234811166,-128.0016420361248,584.2837438423645,475.89852216748767,-30.711001642036123,-894.3898193760263,-228.04367816091954,-68.34778325123153,27.970443349753694,38.07487684729064,-731.5018062397372,232.34351395730707,-498.8781609195402,91.01970443349754,-62.14844006568144,0.5146141215106732,-0.380623973727422,0.43316912972085386,-14.508374384236452,-48.17963875205255,890.7050903119869,-476.0144499178982,-1.9336617405582923,-3.2397372742200328,-0.17471264367816092,-3.2397372742200328,1.9336617405582923,-0.17471264367816092,-113.01773399014779,163.86929392446635,-46.49688013136289,21.782922824302133,1.2078817733990148,-1.0279146141215108,93.15927750410509,-234.7087027914614,584.5444991789819,-651.9871921182266,-2.542528735632184,-3.554679802955665,-3.167487684729064,-3.554679802955665,2.542528735632184,-3.167487684729064,-10.317569786535303
213.49609636404193,208.69953156368504,985.3805487396833,-268.13992129427197,961.5338871884564,-57.60056843025798,-227.59007433318757,651.1810231744644,703.1707477044163,160.5577135290223,66.66872655043036,849.9437210328846,568.5759381898455,-208.68057395143487,-493.6551876379691,-17.73402163225172,882.9169124877089,-436.3485742379548,-114.65183423913044,844.0332880434783,-461.7955163043478,390.01859142607174,-89.55839895013123,784.8729221347331,-42.33646698731963,493.28334062090073,898.0531263664188,10.120244862264975,-138.63205072146917,917.5378224748579,-770.5175361683472,-348.98882069267864,311.8217886891714,-899.7122868386533,-54.67315260166156,319.115872321819,-8.530389156099695,-1.5815478793178837,3.795802361171841,555.2829033668561,159.76738084827284,481.17599475295145,-770.9357236554438,94.87844337560122,572.6714035854832,23.10975076519458,-12.859422824661127,21.38784433756012,236.91888937472672,-657.1587232181897,-256.17971141233056,-53.87188456493222,902.1969829470922,262.4241364232619,-6.9724529951902054,0.1274595540008745,58.12527328377787,-608.670529077394,-244.35811106252734,-429.27153476169656,-770.3515522518584,-600.6755574989069,5.828159160472234,-37.070397901180584,42.36270222999563,-4.195233930913861,-176.9801049409707,587.1593790992566,437.7614779186707,155.30695233930913,-890.6491036292085,-238.5354175776126,-29.543506777437692,23.45190205509401,16.214254481853956,-606.9333187581985,104.78705728027984,-531.713598600787,92.0491910800175,-58.69807608220376,15.047223436816791,1.109969392216878,0.8970266724967206,-15.321600349803235,-110.47879317883691,857.550284215129,-476.0789243550503,3.404897245299519,3.0874508089199826,3.116746829908177,3.0874508089199826,-3.404897245299519,3.116746829908177,-99.40599038041101,-50.4908176650634,-42.97114123305641,18.06405771753389,-1.0177087888062966,2.490817665063402,98.34040227372103,-194.04241364232618,628.9405334499344,-611.4287275907302,2.870572802798426,-0.19916921731526016,2.0590292960209884,-0.19916921731526016,-2.870572802798426,2.0590292960209884,-7.389156099693922
171.6159989858012,171.9162018255578,998.4348377281947,-279.3799050237441,966.2244438890277,42.37340664833791,-254.92026160231418,689.2949314551629,670.8878128537291,33.78530367408148,-94.02086978255436,911.2639340164959,645.8620344913771,-108.36103474131467,-543.2033241689578,-58.568725401150466,861.136391159552,-475.99000908265214,-153.70230708035004,861.3964996022275,-441.968814638027,216.2370417193426,-137.77926675094815,871.9810366624525,18.55023203311175,338.4096325097203,950.161545215101,13.357285678580356,-57.74268932766808,965.3844038990252,-822.7638126834248,-261.3309940028072,365.77631746841905,-927.3567858035491,-42.89515121219695,286.4291427143214,-17.985628592851786,-5.075106223444139,-3.4176455886028494,552.7703074231442,76.3045488627843,496.78367908022994,-671.2943014246439,260.7983004248938,640.6278430392401,6.152586853286678,-7.24656335916021,4.942389402649337,-35.50624843789053,-644.3636590852287,-326.19620094976256,9.557360659835041,842.7998000499875,423.493376655836,1.4672581854536366,4.760059985003749,11.28780304923769,-498.72644338915273,1.1350912271932017,-521.5736065983505,-772.3970257435641,-594.9772556860785,-32.829417645588606,-40.71132216945764,-0.12859285178705324,17.92939265183704,-144.84541364658836,545.168207948013,518.2383154211448,70.35953511622094,-923.7660584853786,-247.0153711572107,-80.68282929267683,26.245063734066484,34.236440889777555,-726.2211947013246,126.4170207448138,-440.40689827543116,89.96738315421145,-53.51287178205449,2.1210947263184203,0.5784803799050238,-0.2860534866283429,-17.08472881779555,-42.39665083729068,812.6017245688578,-606.9485128717821,0.36553361659585104,0.20182454386403398,1.8759060234941265,0.20182454386403398,-0.36553361659585104,1.8759060234941265,16.391902024493877,-124.48125468632841,-40.01687078230442,15.648837790552362,-0.17133216695826042,-0.1604598850287428,93.34428892776806,-207.06498375406147,588.1790802299425,-657.028367908023,-0.5828542864283929,-0.5874781304673832,1.4393901524618846,-0.5874781304673832,0.5828542864283929,1.4393901524618846,-8.488252936765809
378.08134900733563,408.8404636711174,302.48555936274676,232.4088236200126,211.2782836011739,319.3962200614522,402.9336148101184,286.2866733972447,322.3183347424252,320.36346790031354,560.5584230263145,389.3537561493307,571.0708962278803,505.6198906987592,590.8044847790989,326.1604138610049,245.16698307348975,316.7807790894345,456.08529031777897,327.0926132879365,309.3779515080213,352.0798988364631,625.8552515720351,405.4533694503284,458.07286069314324,261.24236411500056,427.19983852543623,377.95007482137345,459.84663585902894,500.2572523631148,456.7256597064749,536.337941679585,396.47913623662157,327.4830770834515,274.38525829963305,210.06731619519357,511.3993917031817,470.838721229178,402.2261733208775,441.46392748466627,221.57269391842433,495.47949413713843,218.88899999667234,445.28509560276063,335.26677593026204,682.6318430817123,583.280549370025,834.869299345592,293.3996126945155,548.6877710013342,487.5212959408964,545.7734761096508,434.38223443462766,303.8949482608776,681.1664384657242,579.9316746375354,1019.4319347475645,455.4383747343098,441.93802696664403,627.2953774013623,310.9640926720455,348.7659702670334,317.89720874317715,679.3578254198292,756.5231607150344,568.7829220289929,350.9576069697914,341.26860284492034,536.6719732387675,460.70967562361506,457.2449996417233,428.200217573076,741.2042223770083,787.5814141418488,763.0212056592253,509.96931559802465,499.8237187194159,341.05946535561367,92.32299506191114,12.605933275593436,19.05789181190136,299.9377029786759,283.3126023820202,308.2791896081092,353.0845327787276,368.9956396608886,265.5263133506432,849.400660057584,1007.995379331238,1016.4766842129957,1007.995370106171,849.400660057584,1016.4766842129957,98.71130720790849,112.77734262577941,12.754172382202958,35.43940700106268,281.3646824281488,288.56799363556604,370.0535537811644,472.16384416640574,357.40800579714244,368.10691327853016,901.7288487604286,830.2857633171631,998.8573630419544,830.2857633171631,901.7288487604286,998.8573630419544,76.34615419970861
55.3711344952908,39.37930992711693,19.221158965154117,105.00373219146913,27.09931145706092,124.19227008714013,105.78922554780212,88.26197288949407,99.40172926946303,342.24177999059515,565.9071876151783,237.228171684168,219.39575447177512,216.42723676078978,347.27963143108093,74.03755357463874,59.58428354108113,112.08412562347758,53.12610058317676,51.940626808949304,74.43754692437824,366.18848855607445,272.73667358524256,154.26809525963824,193.91985067896394,302.6731402400616,86.34643308017948,141.16107806447332,97.97567129510533,35.22048218218945,84.3360514165941,82.43412328069599,226.13746895228581,366.37297162010896,52.267017425314066,74.90438462067678,174.74646771863956,85.175693771127,66.97868306084817,33.562105420740885,94.67504345608604,38.518781521429666,150.91490873592252,164.62551078911181,90.67755242635387,260.46697127673605,211.19768163623732,411.65908364792693,181.79142976338053,83.45137834494885,116.61504409715332,271.87669926441316,219.44724478996324,193.51102931201677,439.80263609825204,373.6068325881456,534.0654267983956,154.63819282058626,252.17942678617723,132.43258373728213,77.80516740347947,117.45647917240646,118.70221011662387,85.4744024933931,95.99633860199528,79.0008443888541,208.66208695712803,92.75184239155679,130.23186727126074,86.31302921022568,64.86125990733667,146.96270075772975,99.01813756092875,109.27665425468962,75.0437346222613,282.0891770482765,207.15609726942265,254.16911746648282,26.67606001460585,8.268171060302869,31.251978467102557,5.218626202529648,5.084470982949125,5.965009268317405,146.36924462887166,72.059739849917,244.03086259559882,22.77825522380155,19.916480028326514,21.905482250238435,19.916480028326514,22.77825522380155,21.905482250238435,25.520023512752598,92.33414075962664,4.567196293719121,6.276831350894083,5.439735668345096,5.451269024179001,7.151254031812453,48.94383998855361,44.77221049373294,52.76915242348095,26.68400686907126,25.69169458728226,21.755651953911013,25.69169458728226,26.68400686907126,21.755651953911013,2.177494790067133
60.595346295140125,29.13266141760988,19.673897076972537,43.037442279456776,21.743285032330125,71.50090853710235,218.7065373895443,126.32514575824325,127.20157311662834,239.89701244972605,242.4020282143877,102.15848790273044,296.93212797429595,339.2531612868271,410.91939866849333,80.83472540881758,73.66226106353437,143.05702857373552,61.79175674491734,25.047320129832343,33.75820124560584,347.11498603748265,252.08732600744713,218.60084770461637,186.19825247373507,217.75329625417075,91.49460181281209,206.69449235357564,331.1739937419675,130.14909478608183,167.6017664619353,348.21435258885197,270.03977833302423,24.40707453852026,67.04533985154238,55.08652141466482,233.25532548862256,85.62980049802778,99.70922763400424,17.71003997464647,137.87923480262754,34.38337627183523,152.61267209350837,130.85459826295465,156.73366584343495,325.4525719634748,277.56442364523645,443.3903587110187,199.83955076658435,102.87592670025319,107.93584140718988,237.58468992734637,137.20425248277417,256.2330153940403,524.8975605471967,383.4214377652389,408.3835731489112,157.91316976482562,196.61415139754223,103.04243549043065,114.22772859174641,124.78126917377047,180.61181931404423,347.5625633554155,315.935151008093,253.09857786173552,210.39763913709788,102.65821551786055,167.8635048366028,337.82340891583107,120.33795256142419,215.6904288576337,381.62384159134837,374.3648196345297,356.4192341551109,233.43544470854565,384.479645059799,248.08254674451564,2.4717070326105537,3.6406823580610306,4.966265954095134,5.37594097788016,6.022342596872569,4.834890048213989,12.257432747386808,43.32073022522923,71.54528482449966,25.61307797515232,20.9625392663525,21.14848833280215,20.9625392663525,25.61307797515232,21.14848833280215,119.28521932217751,11.889382554900596,5.415739107384467,2.334503241234073,5.236126492269653,4.972414946488838,3.9860033703076483,22.299527547366413,4.38778993490898,10.58791647089592,24.220323988935814,24.55454751133622,22.729647011029193,24.55454751133622,24.220323988935814,22.729647011029193,0.4698218748562215
80.96629810180414,67.04733399113067,41.727208449642745,102.98544483510082,33.758497881287354,165.43022603135455,213.15829224520428,162.05440722657042,131.14916035727853,258.27152731754745,432.1101531949482,210.32364981340245,364.3594622115404,413.52790481598015,493.05421878686104,121.27088091543222,139.86122237269765,181.57355511966182,101.18546089130074,103.84071078843705,200.10476775196886,343.3121520405718,329.31609136950715,229.7443583083738,234.7393030241819,208.95544302143068,142.35432711340428,227.4526597187819,331.202046974088,155.26165703955303,220.6596988987061,292.6757199547881,318.4690927852522,195.56726651855692,87.2661917768482,71.25315847717808,321.96263746707564,152.84308686497533,148.1019982916081,31.49569796635352,135.92796816176477,47.30808092633226,143.05231190415205,234.67296682608847,136.33430721490305,436.74344411007286,329.5365964222495,681.1560322992565,286.7610412822482,112.64192036384452,135.50559427031848,288.4687136569221,155.9703439758616,231.30317412201566,587.9913887841336,534.8780149318549,556.7822653180999,222.35505994858946,309.62083476326546,204.46034249706804,125.20965030026161,153.1872936427649,171.60386248110592,558.123365863128,575.5448465466427,495.79677432319033,261.5215529823397,107.02387561879871,180.33968165990535,298.36064405447746,144.76799253363455,222.7228681638653,650.313831762631,818.8259099132994,639.278928343875,315.3566718069282,279.15079456101057,304.44731655519206,24.40535269823339,7.962519392874262,23.92918976559559,16.144138673622926,15.174893374482307,10.219437171606074,114.18942740873567,70.38588762082276,198.30125852771997,52.49756094904265,45.30728724660392,49.30237495370182,45.30728724660392,52.49756094904265,49.30237495370182,121.98748566935383,118.580625629236,4.367348750290212,5.620442972005524,23.642674752415925,23.08814773872589,12.396706334258962,43.18255374708796,46.56898558894955,56.778907716792695,86.83920380025867,50.72965430280235,53.28483849220327,50.72965430280235,86.83920380025867,53.28483849220327,2.672981258590988
90.25975634907702,55.69429636937668,28.321271099249035,60.23917779380226,22.521344564141046,150.56408798097624,158.34383392357623,126.91947201105296,129.46655716840434,262.80309303878096,306.4147441620806,125.82359625383394,286.00076250989315,323.9179435320947,436.8649226635911,105.38331769568305,124.32262863066804,184.93759462237114,73.52159905617171,53.472989313205574,105.67312345602863,328.266791537688,270.4455109325752,156.0645071035733,191.24015249746645,270.06592552928606,85.50375643500168,177.34153824578775,244.0129179196293,77.37664895480663,137.60905639305895,230.03125977773254,273.66012510792285,122.23931135649946,75.19274157413865,66.54213370898971,191.85459505887624,80.71670728102502,94.39381470479698,26.09903414271421,165.58051814239542,45.58630610882951,167.87860744199526,161.60523668973426,152.04300569287574,285.7686772011986,238.96157952012013,421.49654018570044,259.5837837882916,147.02037136161886,147.40040327523835,242.69794340901464,155.61696751925075,216.95159372396395,506.15793509368035,365.43091302648713,427.9741444178152,202.2988264206591,224.0518047671018,129.076908419664,102.03465255667463,134.11222155929858,151.31756224511847,229.9492135541556,213.46139314627587,202.35633453783967,238.85217013288357,107.81651148592285,152.92468349389756,233.70428454696093,93.96826061726966,191.2543995781501,306.05406016196775,343.94433356384627,243.3339729752693,303.4367933766858,271.4230450174616,350.0016821319792,27.261179622057963,4.034831073673558,4.344548079377524,5.372084732985897,5.153974923682616,4.489855162782981,33.91833312701319,32.086294126017776,43.980737945708576,20.552729135982524,20.305900385636647,19.561886115904436,20.305900385636647,20.552729135982524,19.561886115904436,160.49671795662067,29.41509909924648,3.200165647748097,4.866846360811491,5.898657786261854,5.215754564441594,6.403958476206736,27.99626854019054,17.569411251585,24.11731980177955,25.553978559580194,25.97705347513797,21.980462812115984,25.97705347513797,25.553978559580194,21.980462812115984,3.3041730852113163
Lie
5
0.0
0.11342878693972473
0.16702585780891346
0.7366130014491676
0.25120137805615067
0.11342878693972473
0.0
0.12698281540815717
0.4367468050820198
0.12377988179676101
0.16702585780891346
0.12698281540815717
0.0
1.2556371978693086
0.38148012280283333
0.7366130014491676
0.4367468050820198
1.2556371978693086
0.0
1.3662809287655433
0.25120137805615067
0.12377988179676101
0.38148012280283333
1.3662809287655433
0.0
2738.9317129758692
14879.931869337011
2
2938.1473476466676
-1.9582336997346246E-10
9136
0.11342878693972473
1998.781813276314
920.5291140756034
-1.0801288104484774E-10
1135
1265.6223260839013
196.27556712946225
-1.3764890622690305E-10
1291
2664.2743908100147
1071.262411873893
-1.5212055610891944E-10
1492
14203.540777715192
3456.189337343982
2.0000208167182454E-8
3303
1988.9997579642827
672.4171232745219
-1.9582336997346246E-10
1915
110
128.4449824989685,130.45530799330933,278.0097641099667,92.72209871915506,158.62907718530556,79.83569141623069,354.8112241755836,137.58199765190966,103.32417335506662,365.9529211359226,221.00926407075704,231.92494703150444,419.4708857270096,266.5768845191338,251.2461509362055,253.4590830612446,191.97527926083026,434.47283710314764,168.04127492429677,191.51762546404973,269.08668749640054,516.9595080268837,221.23155761870692,265.79546124075506,360.9340219770118,320.2504663554286,480.1282122054238,134.79885210570234,287.4002308934746,208.60121486427744,288.92936469655865,304.4836706346178,126.09629353312609,335.8998732973813,112.14003087246105,266.7691708047674,222.58152688164915,194.98401266309546,110.02588656536335,202.90003954414036,134.89258999978944,127.18650343467203,236.43450695768612,199.20791810668265,534.4448928356362,155.07660919939528,167.19403350895703,224.50450037963518,487.43826250315414,467.96137064286603,527.3905139315415,209.38414665931944,292.068294129738,447.17285113249187,214.2703529856294,256.3441410249685,280.60488441330205,371.86531020686175,508.0882234773227,536.103528892692,139.78556136565578,174.21555187181335,344.8950797102714,297.89009862080064,208.82943469296603,230.53617335818268,218.45390240286108,297.24123332256664,92.61563213941398,288.31172259965825,227.19369663893534,181.5880140111319,295.6117514695627,384.3981651903485,323.04787777139023,278.7367432060392,252.66160551189654,330.8457271799381,56.91955164722524,14.152467361108782,15.614137170324964,103.38680077528343,116.05545271102946,135.1770838283325,246.01867004093867,278.50229754960395,181.20211176166154,375.8256579071725,369.15887397070577,357.74855183143296,369.15887397070577,375.8256579071725,357.74855183143296,9.845739019295708,86.56787982614647,16.743090393752723,18.973028371492408,116.16057845592438,108.73843116085058,133.95868611554693,223.0983635655711,248.13247929200446,247.96930258401767,504.528057052272,329.5408942287523,394.5063856950313,329.5408942287523,504.528057052272,394.5063856950313,43.71803737907587
964.1753502626971,44.684873029772326,-96.22110332749563,-30.03677758318739,146.95950087565674,-962.7915936952714,164.7965510680782,65.10340719404955,922.497609704617,139.3466280562421,-857.4933172598156,81.21970733704082,44.61554916474581,580.9879553938201,-707.4597140554175,721.3017103149301,382.55454708081936,222.6852761938306,783.8396771316089,137.70149296151175,-365.92297843081883,99.02365042687187,-778.9425402291349,156.2763913517918,717.5688485113835,27.64130910683012,226.28152364273205,749.152911558669,182.23511383537652,500.98073555166377,-213.62758154653469,163.79101149159402,860.2641904017136,-396.2636821366024,-886.7367556917688,-258.89864273204904,-4.078042907180385,-20.777583187390544,10.599058669001751,-563.9497591943958,423.0007661996497,-349.7328152364273,-105.47230735551663,751.3169877408056,-219.35453152364272,0.019921190893169877,-27.337456217162874,-36.839535901926446,80.79334500875656,301.5351357267951,563.9055385288967,762.086799474606,310.9099168126095,0.9193301225919439,-9.68169877408056,17.65061295971979,-6.243104203152364,47.87127845884413,-108.27495621716287,720.9402364273205,-89.18629597197898,-794.7088441330998,447.1743651488616,-31.64546847635727,3.3793782837127844,34.255582311733804,-337.1892513134851,-81.77353327495622,-688.2364273204904,-264.81085814360773,-652.5554947460596,603.9536996497374,-61.251094570928196,23.139667250437828,48.48817863397548,391.09851138353764,-347.3388791593695,-460.2706873905429,-111.25323766930278,-13.286364564127485,37.84969453851359,-3.764196342984721,0.8861353000893857,-16.605573225820056,-585.412866303885,217.88921501316517,-716.4533103205002,1.113972423601766,10.880038854198384,9.121360145397732,10.880038854198384,-1.113972423601766,9.121360145397732,-18.084229164945302,-57.45591289455867,-16.702944688501518,128.1730696596647,-8.773223513913084,-9.148543935188103,85.94172069296278,-630.9662632208557,219.28027173400852,509.0123871171784,21.09484690172466,6.058183581768532,-0.3178793336914208,6.058183581768532,-21.09484690172466,-0.3178793336914208,-1.8931371017120548
1010.7198237885463,17.709251101321588,22.108370044052865,-4.523348017621146,224.8863436123348,-963.1947136563876,554.3418502202643,49.87400881057269,838.4229074889868,-163.21224489795918,-969.0836734693878,116.89183673469388,315.66431718061676,878.8088105726872,-423.4651982378855,825.1339207048458,404.7480176211454,142.71101321585903,895.4616740088105,174.20264317180616,-182.31541850220265,-293.6115342763874,-922.3612622415669,110.57671381936888,788.0185022026432,-108.13127753303965,586.2035242290749,676.885462555066,526.7550660792951,459.90837004405284,-436.61233480176213,488.22202643171806,717.3374449339207,-195.63876651982378,-969.7938325991189,-127.0784140969163,-11.641409691629956,-6.927753303964757,-1.2008810572687225,-613.2960352422907,361.8704845814978,-363.77885462555065,-55.048458149779734,976.0845814977973,-65.86696035242291,7.3541850220264315,-12.116299559471365,-8.71453744493392,244.2352422907489,-69.5409691629956,1075.6555066079295,912.1850220264317,9.090748898678415,395.6325991189427,-0.7964757709251101,13.006167400881058,13.502202643171806,-591.3982378854625,-35.333920704845816,854.2660792951542,-10.693392070484581,-593.2599118942732,806.0740088105726,-32.3136563876652,2.0537444933920703,19.647577092511014,94.57621145374449,-494.1409691629956,-707.663436123348,-610.5691629955948,-649.7409691629956,410.32687224669604,-63.590308370044056,25.65991189427313,40.395594713656386,845.6193832599118,-229.3409691629956,225.4863436123348,-127.81145374449339,-22.223788546255506,34.42643171806167,-1.0784140969162996,1.0572687224669604,-25.229074889867842,-542.5277533039648,375.9488986784141,-767.0405286343612,2.8255506607929517,1.9964757709251102,3.7497797356828193,1.9964757709251102,-2.8255506607929517,3.7497797356828193,-12.206167400881057,-28.566519823788546,-1.2801762114537445,129.75947136563877,-1.186784140969163,-0.8466960352422908,63.75154185022026,-692.5603524229075,3.7374449339207048,554.1691629955947,2.8766519823788546,1.0572687224669604,1.051101321585903,1.0572687224669604,-2.8766519823788546,1.051101321585903,8.57533039647577
873.9891556932611,15.587141750580946,-481.6777691711851,-73.7676219984508,89.90240123934935,-983.6467854376452,24.39426800929512,91.84585592563904,1015.7575522850503,-459.28145695364236,-838.3708609271523,291.9006622516556,157.92563903950426,439.0580945003873,-958.3663826491093,750.8466305189776,486.1169635941131,434.35708752904725,680.968923418424,15.173140954495006,-660.7136514983351,-606.8458559256391,-683.5724244771495,440.1278079008521,15.156467854376451,-488.38419829589463,877.8505034856701,799.1200619674671,49.44848954298993,577.3594113090627,-194.1696359411309,-36.117738187451586,971.4910921766073,-373.10379550735865,-812.3059643687064,-450.88148721920993,-8.281951975213014,-7.755228505034856,-3.5298218435321456,-439.3996901626646,548.3377226955848,-498.64756003098375,245.26258714175057,706.4748257164988,662.4120836560805,10.94887683965918,-11.243996901626646,-8.149496514329977,909.6870642912471,-158.50271107668473,-491.15879163439195,702.426800929512,130.10147172734315,699.6219984508133,-1.7645236250968241,14.120836560805577,13.801704105344694,42.89388071262587,-986.6491092176607,-405.0790085205267,-186.8241673121611,-893.140201394268,410.0766847405112,-29.999225406661502,-0.0844306738962045,16.395817195972114,-246.14020139426802,-2.5592563903950425,-765.1494965143299,-88.72811773818745,-749.1944229279628,672.291247095275,-60.2556158017041,26.870642912470952,43.24167312161116,191.76529821843533,-339.05422153369483,-701.4306738962044,-125.83346243222309,-13.979085979860573,42.02091402013943,-0.9969016266460109,0.5143299767621998,-23.30286599535244,-686.1688613477924,228.76219984508134,-723.8845855925639,3.4105344694035633,1.6289697908597986,2.5205267234701783,1.6289697908597986,-3.4105344694035633,2.5205267234701783,-14.938807126258714,-81.0,-29.0,143.0,-1.7707203718048026,0.06429124709527498,106.66537567776918,-364.2261812548412,415.9295120061968,701.836560805577,0.8659953524399691,0.6103795507358637,2.517428350116189,0.6103795507358637,-0.8659953524399691,2.517428350116189,14.171959721146399
947.3324396782842,192.7955764075067,-269.02680965147454,-26.708445040214478,154.35991957104557,-977.6702412868633,-247.10505212510023,96.60866078588613,962.4915797914996,377.19436997319036,-869.7667560321715,32.32439678284182,313.6682305630027,625.2138069705094,-710.0348525469169,544.3123324396782,172.36796246648794,705.4390080428955,677.4432234432235,47.265201465201464,-634.8256410256411,118.09383378016086,-939.510053619303,-18.3357908847185,927.9651474530831,253.8230563002681,-212.41487935656838,667.3398123324397,-34.96782841823056,706.7064343163539,-447.33109919571046,-53.38672922252011,841.2171581769437,-108.28418230563003,-799.7707774798928,-572.3907506702412,-9.229222520107239,-4.7560321715817695,-2.9128686327077746,-359.61796246648794,503.1199731903485,-351.30898123324397,-238.06836461126005,608.4550938337802,-735.0918230563003,2.5884718498659516,-13.254691689008043,-6.668900804289544,-277.622654155496,755.1467828418231,584.3706434316354,879.1052278820375,262.0884718498659,-158.9819034852547,-1.3150134048257374,4.781501340482574,12.21916890080429,64.2955764075067,278.42225201072387,859.2634048257372,-42.55831099195711,-970.2949061662198,46.43297587131367,-29.97319034852547,1.878686327077748,17.069034852546917,-496.0817694369973,252.45107238605897,-626.7908847184987,-58.992627345844504,-865.2701072386059,476.4289544235925,-59.60522788203753,26.853887399463808,42.020777479892764,500.455764075067,-130.22319034852546,-643.0851206434317,-125.50737265415549,0.5723860589812333,59.765415549597854,-0.9872654155495979,-0.4249329758713137,-10.333109919571045,-847.0067024128687,-68.15080428954424,-453.5348525469169,1.3083109919571045,1.7486595174262736,0.9215817694369973,1.7486595174262736,-1.3083109919571045,0.9215817694369973,-28.65951742627346,-129.0422252010724,-33.6588471849866,147.9926273458445,-0.8297587131367292,-3.1058981233243967,107.92828418230563,-456.43029490616624,393.1769436997319,637.7252010723861,0.39544235924932974,2.760053619302949,1.4202412868632708,2.760053619302949,-0.39544235924932974,1.4202412868632708,11.660857908847184
968.0417801998184,-23.0357250983954,48.64759309718438,7.3284892521949745,226.25764456554649,-938.3748107780806,88.71451054453887,27.068303430909662,917.1803588290841,317.83007723761926,-765.0086324398001,124.26079054975011,115.68351715686275,458.64001225490193,-771.0499387254902,627.1672496025437,444.989507154213,83.37774244833068,787.6486576068943,237.1358965860126,-224.4441498176997,200.71364265927977,-766.3590720221607,100.51696675900277,729.6497123826824,84.79685134726007,302.67998788979713,725.7108689070542,87.51589464123523,529.4910687254012,-248.45642900670322,72.79433272394881,861.6020719073736,-354.057523463518,-867.4956100514684,-225.18710263396912,7.6699969724492885,-44.76808961550106,33.118982742960945,-566.6009688162277,461.1168634574629,-324.56463820769,-153.22736905843172,749.0381471389646,-151.39782016348775,-10.499848622464427,-54.57190432939752,-87.41901301846806,134.04359673024524,176.51952770208902,699.4759309718438,766.8710263396912,329.4511050560097,-117.57099606418407,-25.22010293672419,33.070239176506206,-42.72297910990009,152.4383893430215,-219.5328489252195,828.4389948531638,-61.521344232515894,-837.1447169240084,341.3357553739025,-33.840145322434154,7.394792612776264,62.68422646079322,-396.97456857402364,6.871631849833484,-662.495004541326,-170.65637299424765,-694.4959128065395,588.2412957917045,-59.64153799576143,13.802300938540721,61.383893430214954,283.80684226460795,-306.6318498334847,-552.3841961852861,-111.81095348069944,-21.320686242164303,26.874298911250413,-8.57241834378093,1.8960739030023095,-18.674694820191355,-420.16892114813595,368.2678983833718,-776.4391290003299,-0.6608380072583305,26.272187396898712,20.789508413064993,26.272187396898712,0.6608380072583305,20.789508413064993,-13.62322665786869,-29.70518322878838,-17.858038956751404,118.679432155827,-23.208649719379334,-22.595245955760976,91.12248266754705,-704.0940904588973,232.98745460548037,378.14295146913173,55.68438428524266,13.118851105975569,0.5067679102013866,13.118851105975569,-55.68438428524266,0.5067679102013866,2.647078243644767
1003.8417754569191,81.69921671018277,-21.732637075718017,-82.71801566579634,-3.3013054830287207,-979.0151436031332,480.7138381201044,97.15822454308093,887.4678851174934,229.07692307692307,-954.2019230769231,-118.09615384615384,-524.6208877284595,676.7242819843342,-594.9441253263708,940.1018276762402,355.65483028720627,-8.454830287206267,863.3580181140118,97.62546616941928,-310.529568460309,617.3441253263708,-654.8375979112271,224.21984334203654,964.5869451697127,181.18851174934727,-216.27519582245432,862.4741514360313,400.15770234986945,264.37493472584856,147.5697127937337,432.4302872062663,882.5237597911228,-827.9509138381201,-988.6308093994778,-21.501827676240207,-13.010966057441253,-8.86892950391645,-1.1973890339425588,-773.2929503916449,246.57127937336816,-283.198955613577,-186.13107049608354,763.5660574412533,-620.1639686684073,4.448563968668408,-11.206266318537859,-9.116971279373368,-387.47676240208875,693.8161879895562,722.0929503916449,613.9227154046997,617.7446475195823,-375.10078328981723,-0.003133159268929504,6.2135770234986945,17.07728459530026,236.96083550913838,331.26840731070496,1107.8433420365536,-153.93054830287207,-637.7530026109661,754.2412532637076,-29.876762402088772,0.743603133159269,19.31018276762402,-427.5597911227154,-304.06422976501307,-717.1430809399478,-501.34360313315926,-351.00678851174933,799.1013054830287,-64.59425587467364,32.34203655352481,39.6177545691906,355.94516971279376,-662.2292428198433,-402.822454308094,-79.54255874673629,-4.462140992167102,38.92219321148825,-1.091906005221932,0.3148825065274151,-8.297650130548304,-624.1080939947781,80.36240208877284,-782.8402088772846,1.4610966057441253,2.947780678851175,3.0182767624020888,2.947780678851175,-1.4610966057441253,3.0182767624020888,-23.143603133159267,-50.79686684073107,-2.3509138381201042,118.17023498694518,0.7190600522193211,-1.7947780678851175,59.056919060052216,-784.1352480417754,55.331592689295036,477.69817232375976,1.9968668407310706,3.0861618798955615,-5.8172323759791125,3.0861618798955615,-1.9968668407310706,-5.8172323759791125,-37.31906005221932
22.057982433445222,72.29173731977967,54.70052886005927,61.670221056420225,44.45504177553479,14.834417304248925,52.65996342475398,74.01904625989117,44.962388793313806,11.852702532431843,8.904121123449018,86.50710418416004,242.09303221625245,12.397641292072509,163.4617742890689,140.27311997312768,153.47025728265828,327.8075520675738,48.01403457025566,47.83322172498167,63.32330107242658,229.74399486898974,41.75110478148797,138.51397112892207,121.7636223504926,85.6984039354234,135.73805690884544,79.52899879381435,178.49778282373546,103.76306985305669,144.43250691609452,188.30705451661237,58.67168508020042,19.86310944044177,6.629243962162408,93.267796440475,19.66982876884925,19.594074522971237,17.13192403358543,159.59248846370426,21.24406673539894,139.017684702568,124.2021817565536,8.00748548475921,156.65826531287962,15.612187660478066,14.07289690190944,13.580042615388434,66.25062104336627,232.86379788223687,18.234807478486754,28.256777142391783,95.0925829975683,54.49618365869377,18.23982855164895,20.57097141429788,21.074733580684203,89.25409103145714,59.78646927471013,35.18742515353326,43.27771461617463,15.2977596886397,11.56332855403501,21.089218772529684,16.75041713097447,19.549219546188624,35.2232381520559,3.2938729039134436,21.972193277509234,161.91567121856812,169.22474397263798,7.622354711958772,27.117363535337393,17.818027996536326,23.554682859949025,76.38099280153172,200.15226797296418,59.94729856487062,7.795651294259767,0.979128625513954,8.280765789062874,5.753000991689738,7.5556301077694235,4.683684063825235,106.85368391868276,72.3220496656008,103.06623671034136,18.038696867658643,16.93055600226789,18.409340697247938,16.93055600226789,18.038696867658643,18.409340697247938,2.8255818067980534,90.17071173898084,20.48186929912792,6.631476946562286,8.637027143957726,9.40033232883459,37.59868771868692,16.12040279022443,277.24470716873543,119.93053368794155,26.313245490661025,24.32143068920651,25.630962525189705,24.32143068920651,26.313245490661025,25.630962525189705,16.07849213678029
15.013375126780797,16.908163858914165,21.438354963632055,12.754943914545677,10.633999246098034,12.8138410558379,49.12550228619297,10.65637798353939,13.633835983184825,29.81176138384165,18.317109222971617,12.662370006357772,18.351369451207763,10.262471819163727,12.183344235041815,32.55213627163531,24.807277915861537,73.39859525222074,66.68952216432747,20.92221015548094,74.60780508831637,20.392511266615934,20.982421182766846,29.088369924780714,11.55440093655435,9.093546465593294,13.061991347544415,22.183875532457577,14.785948823138536,32.078165593908395,20.71747660790617,15.885884324509957,13.158563326073796,22.73238463435721,16.599807229531706,46.51835403002161,30.352111524839525,33.265139377963564,15.93148123886664,20.30404091365342,21.017098113308336,5.816218957076,2.92224599813208,6.17534054773033,5.832996988862681,15.78716547385164,13.666462684504982,15.221927960399004,0.9834183278163161,2.2030177525405064,1.168198677924481,16.354736001553423,6.632764994762875,15.652414808470445,16.430554237280276,21.517887808373107,23.406837208421084,21.90038160542594,2.7028618877449024,10.657673333175097,8.145816731117195,22.569507170359856,41.250824828123605,31.386179242806147,16.365349030223673,14.46762591252799,6.978462078615125,32.29983340353675,2.098753260902017,14.194702836793988,18.66709993638386,17.386319381107214,30.864339910781286,16.19611871790052,23.29172255381889,3.46073046017395,15.987887966275993,7.489969795000001,0.37270686252009977,0.14315200750562523,0.14315200750578283,6.975815787169034,4.915288985442339,5.6397385306795895,8.004997868397036,6.360244458787754,5.36062324657311,18.01305333610365,19.270761009054077,20.36226571746631,19.270761009054077,18.01305333610365,20.36226571746631,0.23977664505754176,0.0,0.0,0.0,12.754270700771926,4.617431064232451,6.901940087479755,8.14071759753321,5.521668773183549,6.489019606199018,23.58504021318053,21.26803878068591,20.544833897919887,21.26803878068591,23.58504021318053,20.544833897919887,0.7075588243031316
38.67825553616603,72.67148433197808,98.88222685160406,39.629286279820256,32.723397438218846,14.04261404430627,204.15030271359151,20.23947770659818,15.89420434030368,228.2439621531342,134.40793695000724,86.71131669296209,331.4704377305587,133.04838631990853,134.67838379194313,169.91242951673985,96.55294655264848,328.2589740189369,85.31243617860095,95.27367585873131,158.6159494818611,311.0214957206588,102.89421696792846,86.64710131819515,62.783170388375844,149.5392639858041,183.5666465952869,105.8141275427061,109.28043551045559,118.97031799939126,247.7977860026567,126.78622580475884,91.1194322456175,21.195387972293663,77.47270394405923,139.54383187488247,25.89000109836464,16.64130590368589,16.503087387153233,187.88162904231345,67.55637795014678,47.546274961105404,91.89930127037782,126.39350684387101,108.62047100102139,15.410182461112756,14.720631555717292,14.467624695071777,83.17663021391377,127.9359666883135,164.5449348036541,176.4327998131711,186.06546074406705,262.8365524951989,19.072489479074243,35.10872992757541,21.207279727970466,352.7778475074954,109.30588262615262,75.48567309313054,24.20261454056971,79.19076900052093,225.3865987849823,28.88387591958743,18.161453461506714,20.39528702101236,69.81946646029255,188.47859481403867,49.62868669712279,121.1254924536257,95.26566386404562,130.79962883561177,28.241063462173788,19.531091783261868,29.44494750433904,83.02442038279278,150.7085271175844,75.5777043589081,13.102365351365856,15.549129906488222,8.979740796007812,5.363935387909794,7.61183520622802,5.902598887076132,82.762368338486,278.5294369773762,94.38186483768905,18.08472082708202,16.821721675663607,19.815578711442306,16.821721675663607,18.08472082708202,19.815578711442306,13.389612149578046,24.776456499160975,3.0448638700872985,13.85526698188712,9.039252605614015,16.989310327085576,9.4381862894455,91.29280782741274,34.182149934633536,131.54473379894202,24.74802174221096,22.878211061591905,21.359958476052412,22.878211061591905,24.74802174221096,21.359958476052412,1.7649227884754994
197.8611911144337,162.93017773825392,315.69542696083994,129.19745122070526,192.6324300384179,127.23513954163094,366.7046621099619,215.78941404708544,144.69954284566768,348.9548033048034,281.4389202554225,307.1286481310874,392.7726504106162,345.706599623304,284.40741004435165,323.7976005791439,245.72410950940667,511.79243940406286,230.8225141017827,274.0334837684254,278.7982088530993,445.26390838036536,301.48048080367636,336.4517232756076,321.29530378480354,347.0670547412296,443.47874533198933,168.8860633278359,322.8357388344512,231.79793115187493,277.271722554646,329.27156410838705,161.02674627566225,310.439348437518,132.66480634982184,290.08261128869674,368.2995179432522,321.4020600093742,179.3340972183785,189.84505945934032,132.80614027074046,143.38374042017975,287.0383367027472,273.8725543251024,496.3136565608143,256.72134878825267,275.3312275781401,367.51041142991164,425.641022872478,501.81655732435206,444.2180444994411,254.981527494013,289.14482079667147,395.4779208983184,354.5819255256799,424.1753340579472,463.1389281036312,371.77153340505055,454.680629585224,426.9974458159348,206.60791778503867,178.29551757833175,348.66811333240963,494.1344486068943,346.5182707005,380.93950757795744,200.10743015944016,280.3712924874648,130.45504581529985,311.23626364223816,221.97423040230635,196.46784104346548,490.15048047851724,638.6198042354733,535.9624708940765,314.60244338693354,258.26678294320874,293.2492471834577,47.61925684590133,14.90197112986463,16.42702743423606,176.30175513239664,198.20888093859597,230.68092292389653,316.64196682151606,317.5928431425222,211.88701182929395,641.8632760403094,630.284419648738,610.6432105543801,630.284419648738,641.8632760403094,610.6432105543801,8.809568096523753,109.11994498653777,14.85743519916183,20.374966902934503,196.59334149424703,183.40487455107538,223.62640868231267,257.7069189436065,285.9076380889362,328.8529718799443,857.7613054673157,558.9758472052126,669.9193604519438,558.9758472052126,857.7613054673157,669.9193604519438,62.95283436749878
31.68901805333552,25.242633952781553,116.95646447342129,42.18081772239796,121.31647936055111,18.4023100753833,18.650909296916062,33.47259096415185,16.819727292489436,10.231013490489227,8.931649634752567,10.560522963265376,105.80043408169975,132.7165654327888,148.91359100815313,19.333096559324,54.333430339579664,53.47214258678284,57.60783626800713,42.822971379634225,149.9894267932256,304.51440198177943,138.80039209919963,197.89808028565787,13.50471634069473,14.584115320281883,66.46464153675221,30.34573911081935,63.556096606271176,39.351368424746326,17.739279856098353,96.77882939945036,37.42129091933881,304.80419857700053,4.319767099976372,50.80648815930989,26.163967039017717,22.15177650559796,19.052413365221575,55.93524513481325,28.806247692941422,88.9105405474193,17.485089950813165,10.419076471109898,8.918723739655269,15.903373385286073,14.683628540950613,14.151143350121382,98.72540291503019,10.850540105023263,50.60105532305466,154.07775751705285,240.4675110981726,146.66912618251914,30.05944981355355,31.772158173530805,34.07675093021983,149.49003884901506,96.04178285323064,39.149680631229316,26.69309456102116,47.531126963557575,32.129997677865695,26.376770478215214,18.352878948383932,20.600490902176933,62.919563119540605,50.38801948579218,15.314276396821874,80.07344430804376,38.57777845424288,25.140902269942682,29.65575513012336,26.75713135595662,26.21622767870099,107.22629914448943,29.85125404444788,73.16766803726108,98.85291756498007,3.1217045505468595,3.719628439868,12.506421016299123,8.76123329830314,11.446078652678192,59.173242564544665,51.19052091992712,46.739228017726205,34.160891157729544,30.273421186554025,34.692878225029666,30.273421186554025,34.160891157729544,34.692878225029666,3.1964182163778694,66.61711578543486,4.179000714298361,11.65546192936892,23.90713545268061,27.703142990405514,36.04183679985301,113.00260298542847,69.67230521687348,156.0061715810323,100.7230391056987,85.16980022932019,97.23326730771275,85.16980022932019,100.7230391056987,97.23326730771275,27.427972114038077
Walk
Sit
Lie
