3
Stand
5
0.0
306.8051822951459
31.39890623427597
383.0319828120313
53.52367798567964
306.8051822951459
0.0
47.16873231473534
142.22822997599147
30.175498032044377
31.39890623427597
47.16873231473534
0.0
19.45995650409151
6.6312324396316304
383.0319828120313
142.22822997599147
19.45995650409151
0.0
69.07586583535671
53.52367798567964
30.175498032044377
6.6312324396316304
69.07586583535671
0.0
3670.469500596739
172904.63322766608
0
1511.0352487102175
-9.011209769857031E-13
55985
6.6312324396316304
16698.525710561687
4351.673557927431
-8.766877630441527E-13
14211
5926.645110878594
2180.5849797011774
-9.011209769857031E-13
14484
171555.62590592128
1530.2057160548302
1.6742242348945742E-9
3882
21167.484187800987
5261.849495652286
-7.068140037895274E-13
11504
7991.633116695088
3007.8522344009266
-7.213237112844263E-13
11904
110
178.02650802808606,165.32746901199337,211.88771555369544,202.42156947966808,210.52055677474527,175.2317674732678,270.45433813333574,177.2790321477071,201.55339080817888,254.73907462106794,413.5341257466176,245.46398819830574,336.5182352836458,337.8411257039481,423.1008711815745,233.06669584245864,330.86381780107126,240.3335842637851,190.81818476320535,135.9885085742435,254.64858115370865,341.1094592812146,392.54932740342497,280.56695018650584,229.07539061817215,273.05128130228417,284.0381867916812,267.4652521890251,279.78103131914526,252.6145775728009,254.12981354339112,868.8007579959396,396.68244945273267,311.66896940594404,214.37837880868597,230.10866040965612,619.976738229669,336.1537456331266,321.9582539907336,340.5865053321868,327.9093252560035,424.47731322851456,169.2422009241263,277.4399162527997,232.50720076015568,671.5877059165654,393.96151464884906,575.547687834727,282.81143756605184,451.0248876645327,415.78115357509705,348.01880607785847,282.72798344689613,285.35851031139686,808.7871501696051,623.211541259201,655.5829420156326,455.6341049841931,359.08686319660893,541.1552461631447,159.52623959892242,228.35038522297555,250.26035642363948,639.8525981985609,458.37411081751907,406.43459328826486,259.2376684190373,324.4440815656967,469.57572856819934,277.9466838422064,227.6225783597634,294.5023895206911,623.0700519151816,615.5711539045452,467.96281554975366,461.4107501032183,321.65653327313294,400.91978545235673,94.60091008822123,5.490271417000017,10.357102223450617,173.2614119595689,175.81200603976006,134.60965581107337,185.86702679865172,158.75364852588564,135.4645688849476,464.6057082445655,711.2948198502487,751.3718962803123,711.2947785674262,464.6056965941105,751.3718962803123,110.16607343066195,101.09896230353571,8.205737628098335,12.687432762159586,221.89515482838075,212.897837667263,146.85096460874175,209.70268099286113,194.52206361356508,156.49598654491965,576.8350747467401,725.2864676877962,919.7799329952418,725.2864626587632,576.8350747467401,919.7799329952418,63.6324009554915
20.674955738493487,906.6442619664199,483.3695210236915,-574.8038656261238,768.4047037070292,70.4853977028592,219.0837623543676,881.4836232695719,294.0603882711452,188.71034966190726,606.1481391935372,614.4926594625767,358.9232638294081,792.928223583297,-117.08162769134556,64.58985893626738,689.5135386757207,-586.3841227684908,-81.13262773182556,962.5846873209356,1.2795061444678366,372.37478481932436,561.3419681516023,514.5478864638147,-235.2849156023935,866.58106635706,457.7470215236224,-33.34120758829342,778.120133658857,496.4554179042451,-603.7882712509432,650.0140915201443,129.0538063262127,-678.5265696168617,-69.3205501473609,557.9452889166741,-16.826435652406893,-3.102402429222113,9.544449406090918,321.78403143699205,42.93339287309101,-198.20764490488523,-866.9263552737341,-186.34348486201662,288.7472001428954,-4.097151022595338,-3.391944270786818,-13.802768598731802,445.7817093864428,38.34214521746897,-176.83642046976868,-660.6282039832098,573.6881128873805,59.167080467982494,-5.7367151915691705,36.45119228364741,8.477681521836207,320.48005715816737,-318.3952487273377,-84.19153344645888,-893.3450924354738,-120.07298383495579,256.44261855854245,-46.57749397159954,0.46746449941948737,33.95062963293739,421.1722961507547,63.85360364383317,-80.14478878270965,-741.6225417522551,-468.07339465928374,-231.40210770742164,-81.1233187460927,25.558667500223272,37.73773332142538,372.9293203536662,242.70708225417522,108.48284361882646,0.6270069588188567,-52.01346724489172,-0.13890938531467545,-2.228535282476979,0.40229699421367565,-16.46072095476702,4.231213860103504,811.7853805788204,-612.5468309733341,9.3725156561673,29.405859831251792,-26.403490440202496,29.40584196932449,-9.3725335180946,-26.403490440202496,-7.332834479912383,-27.279758500726228,-41.28505119510395,19.13061356171531,0.6374621999313729,7.9774735315380525,95.35768593354423,-233.2042314792966,578.3154197069704,-662.9542788615372,19.167057858918977,13.589513925064514,9.03050056979548,13.589531786991817,-19.167057858918977,9.03050056979548,4.899936099425128
68.14775160599572,941.2184154175588,432.64832262669523,-536.6908922330789,814.2526923899865,24.930247485913988,215.76302676537586,872.9911019362187,349.1976082004556,183.36396650114875,577.6889498258356,660.5802267842585,343.0413205537806,817.9369542066028,-158.28342208022718,100.61618777822744,735.1117766086604,-554.7239983812221,-69.74192319414813,965.2761353245961,-35.665955501371535,395.06466328747285,528.6326574945691,544.7422157856626,-204.986559707269,845.4367039617198,525.8185208641194,19.840762067249592,780.7202672922442,504.7015710528187,-598.5673222390318,648.6681074850516,178.88379799726243,-723.7628597565266,-111.68510308915629,518.4712546618816,-87.10175216381676,9.659770600239252,14.106114981352473,419.83196115685035,8.43747800999226,-188.41116036872845,-867.9013440292731,-144.27281683203154,327.5445781436915,-49.79037365421153,3.2586024910280766,24.77468158468792,427.414045457744,-26.551122369995074,-283.89937372457956,-617.8399127436493,626.05798325241,83.84420519316024,-37.61360917599043,85.56160720568573,16.41876011540356,225.8754485961579,-387.68742523397367,-167.0554500035184,-895.5839842375625,-163.7373161635353,265.56371824642883,-120.18577158539159,-26.374850467947365,43.68925480261769,475.1129406797551,63.74055309267469,-55.56329603828021,-755.6288086693406,-491.3801280698051,-192.6309900781085,-126.48884666807403,-7.562170149883893,9.871367250721272,373.58398423756245,240.21497431567096,112.59904299486314,9.314404334670327,-51.099500387024136,4.7827739075364155,-4.746956582928717,-1.4175638589824784,-10.168320315248751,-32.673492365069315,827.7779888818521,-588.3711913306594,61.25100274435297,123.19808598972627,-94.0921821124481,123.1980156217015,-61.25107311237774,-94.0921821124481,-5.457603265076349,-15.097811554429667,-42.14706917176835,21.66884807543452,-1.420871156146647,5.674055309267469,95.42277109281542,-242.98578565899655,568.6971360213919,-667.8099359650975,0.6518893814650623,11.7652522693688,11.185138273168672,11.7652522693688,-0.6518893814650623,11.185138273168672,-0.14312856238125396
-18.84083117610019,942.2580983698314,436.1430770307143,-479.04968720788094,874.1108794132451,121.30962824476882,101.29480011182555,933.1184651942968,306.23385518591,167.25098508302844,524.3219110610752,662.7786377708978,425.9004752585966,735.3540676544591,-95.58939055074084,10.095060058865643,844.0134436401241,-498.1173335454618,-87.80040172593364,966.8729355750633,60.46734116946883,341.0892732598689,431.0940159017994,611.0742781420003,-164.75483291908313,797.132905274786,558.437033968517,-95.0996171249565,736.3780717020536,557.0404455273233,-663.8780720416697,579.6011297777126,96.94380456312817,-841.4110742888705,-50.46437448218724,439.94511184755595,-18.862676056338028,-9.913076498204916,1.632007732670533,507.6531344932339,-36.603838718586026,52.23218724109362,-865.2708505937586,-58.816832366749516,371.0120822977078,3.5892018779342725,-16.85459817729909,-2.1471278652305994,354.348315382491,-219.08388566694282,-339.85432201049434,-556.4519469759734,640.8136564484948,135.66576912455122,-12.056476111571389,10.168185584092791,23.62344656172328,119.97051919359293,-361.34990334161836,-354.765465341066,-939.9083816625242,-188.1271748135874,159.24571941452638,-39.33374758354046,-3.971692902513118,24.229632698149683,460.8481082573875,205.90962441314554,195.09444904722451,-682.4560894780448,-509.1747445457056,-296.3536315934825,-72.05979011322839,13.985294117647058,40.67978458989229,136.94925434962718,392.07566970450154,293.6492681579674,52.612123722728526,-52.85321734327534,-1.2526235846451257,-0.6710162938414802,0.19449047224523613,-17.148025407346037,14.465202982601491,809.0883043358189,-614.5020022093345,-2.3374758354045846,-0.45581331123998897,0.009389671361502348,-0.45581331123998897,2.3374758354045846,0.009389671361502348,-61.35459817729909,-48.087406793703394,-41.27250759458713,20.55095277547639,0.851698425849213,-0.6703258768296051,91.39022369511184,-232.26367025683513,568.2575945871306,-667.5176056338029,-1.6635597901132284,-2.498135874067937,1.4192212096106047,-2.498135874067937,1.6635597901132284,1.4192212096106047,-13.505385252692626
-15.372225384177575,896.701764371087,513.0805350028457,-544.0632411067194,829.763410502541,111.96075663466968,127.97590019846895,949.7181740856252,287.4057272469521,212.78567748583205,803.5139103554868,503.2599175682638,338.3585227272727,935.8136363636364,-129.0525568181818,54.27233542319749,808.2578369905956,-523.7652821316615,-73.52639405204461,958.2003717472119,114.26728624535316,295.10798969072164,794.2605670103093,406.74819587628866,-210.48454404945903,1016.6383307573416,308.99046883049976,31.054798409994323,879.5701306076093,446.721465076661,-570.2630391880463,817.1350436989005,210.62616295460953,-738.2774343122102,-53.5489438433797,486.49021123132405,0.4229778464708913,-14.657908294693456,-3.523699124162803,539.0571870170015,-203.5473982483256,223.31324059763008,-952.5806285419886,-157.62570839773312,181.65558990211233,5.804997424008243,-13.33797011849562,-1.1094796496651211,349.80087583719734,-296.66692426584234,-484.27099433281813,-863.6818650180319,406.65043791859864,15.215352910870685,6.2086553323029365,4.742400824317362,17.38382277176713,158.77357032457496,-419.01519835136526,-573.7096857290056,-959.0556414219475,-162.672076249356,143.5236991241628,-17.34363730036064,15.358578052550232,13.423493044822257,411.849819680577,162.31117980422462,478.5919629057187,-844.7194744976816,-450.3413189077795,-150.64219474497682,-51.78541988665636,28.954662545079856,50.77511591962906,97.07187017001546,414.8500772797527,481.4747552807831,48.79211746522411,-52.43894899536321,-2.538382277176713,-0.15352910870685213,-0.09582689335394126,-17.903142709943328,2.2941782586295725,811.3776403915507,-613.7964966512108,0.4884080370942813,-1.9670273055126224,-1.0837197320968572,-1.9670273055126224,-0.4884080370942813,-1.0837197320968572,168.59866048428646,-27.515455950540957,-42.39773312725399,15.483256053580629,-2.3815043791859867,4.213292117465224,94.69216898505925,-205.5249871200412,578.1488923235446,-642.6589386913962,12.99793920659454,-6.397733127253993,-1.2985574446161772,-6.397733127253993,-12.99793920659454,-1.2985574446161772,-17.61025244719217
9.688023525218322,873.1347353412939,506.9116913206202,-553.8015977526117,784.2530945483277,95.85822140286191,210.6913689423417,883.9986735054829,271.7671559957552,185.77035180543953,589.4841733964541,601.1754385964912,355.79792290089773,785.1120401337793,-90.30320366132723,22.551186440677967,690.2574334140436,-581.9495399515738,-82.7166477702192,952.7489606953893,-47.18716931216931,354.9080520393812,571.056258790436,491.6299226441632,-267.30467663421416,860.3353616133519,444.3303198887344,-69.19875504120638,765.1909521304576,477.6503594599334,-599.3847255797297,636.6389112722715,99.03599247918345,-669.282771210014,-29.00712795549374,540.5370305980529,74.0808414464534,46.174200278164115,18.577625173852574,301.9999130737135,55.70027816411683,-263.33440542420027,-851.9029033379694,-219.3549200278164,298.39847009735746,53.72896383866481,-11.034944367176633,-72.43428372739916,449.0374652294854,114.10900556328234,-146.64542767732962,-663.8958623087622,547.3299721835883,55.3529207232267,10.064760083449235,62.62682545201669,-12.355789290681502,354.93715229485395,-287.98791724617524,-38.23913421418637,-888.0370305980529,-105.7240090403338,250.2632997218359,14.300504172461752,60.63082406119611,31.584405424200277,413.9692280945758,43.736700278164115,-162.8691759388039,-725.9114221140472,-453.2001912378303,-242.8337969401947,-51.461839360222534,98.84866133518776,52.31493393602225,412.34831363004173,205.56815020862308,51.85570236439499,-7.7359179415855355,-51.671418636995824,-1.5157336578581364,-2.3881258692628653,3.3680458970792766,-21.37943324061196,15.044767037552155,804.1708970792768,-629.8055458970792,-27.997739916550763,-4.028772600834492,-6.041029207232267,-4.028772600834492,27.997739916550763,-6.041029207232267,-5.779728789986092,-15.260083449235049,-39.991655076495135,14.737830319888735,-6.912204450625869,23.176981919332405,101.40073018080668,-227.11474269819195,617.2024513212796,-651.4000347705146,91.90307719054242,54.33788247566064,22.124478442280946,54.33796940194715,-91.90307719054242,22.124478442280946,18.462100139082057
34.4551624671248,857.6629337405616,568.942394163061,-767.1318376607007,549.7296025544072,24.983866901941013,404.1873508353222,804.1137061029663,237.1399590862598,216.1932293986637,691.4247661469933,549.8658351893096,306.11635964171035,794.0825587290857,-116.0200270407301,131.8779992617202,407.65060908084166,-756.2833148763382,-87.567615658363,965.0889679715302,-16.639056939501778,425.4309406582016,673.5227606461086,418.3572600846506,-334.4152385752688,933.4239751344086,315.4469926075269,-8.033767772511847,805.2160629654705,447.28715301286394,-552.096199008437,695.7208837087936,111.04375054362008,-415.7842741935484,-85.79074260752688,788.7696572580645,-23.931955645161292,-53.90356182795699,9.258064516129032,-73.15423387096774,248.93195564516128,-589.1446572580645,-854.3627352150538,-369.1964045698925,167.9329637096774,-18.013020833333332,15.678763440860216,-21.516381048387096,607.1129872311828,465.05922379032256,220.40540994623655,-769.0882056451613,509.439936155914,-45.35198252688172,20.841397849462364,-5.152973790322581,-2.2016969086021505,696.8204805107526,-179.98235887096774,459.1758232526882,-817.7180779569892,14.882476478494624,406.61214717741933,-35.88340053763441,-25.084761424731184,43.133316532258064,318.5042002688172,-121.52276545698925,-546.6474294354839,-778.4540490591398,-410.39642137096774,-213.94732862903226,-76.22597446236558,7.245295698924731,49.0859375,711.1378528225806,43.693968413978496,-188.64096102150538,-80.62122105263158,-52.27461052631579,-2.5462736842105262,-1.639578947368421,0.1240421052631579,-17.912505263157893,26.017515789473684,803.4666105263158,-621.9424842105263,0.6996210526315789,-3.687494736842105,-5.669389473684211,-3.687494736842105,-0.6996210526315789,-5.669389473684211,-2.715115789473684,-28.044126315789473,-41.15831578947368,19.806905263157894,11.114526315789474,7.788126315789474,94.48437894736843,-237.58273684210528,564.5093894736842,-669.3897263157895,-1.6643368421052631,2.4805894736842107,6.4336,2.4805894736842107,1.6643368421052631,6.4336,27.54905263157895
181.23288331635214,158.11927376558796,225.0590161076803,177.86649618616994,168.17907668277408,175.15773974705837,251.37480289318285,164.2034585994695,177.25307227098628,264.13935384165796,395.65617921321683,239.30966508331974,341.68858134223683,334.1095806359288,390.20555726781004,227.78872396432223,283.94042882780167,228.52968261414006,203.82623620328934,154.52973630664457,277.91460731764545,372.0557047108665,379.45207127046416,283.74794824068516,218.7942790706368,263.5805733278439,285.05784083668124,255.56549755303456,277.9925085263997,226.98086209748067,249.8408766415551,312.47602190096694,291.5892033553588,276.54595066936736,212.31802786577921,198.94195840859948,753.6765393911353,358.8219212178038,368.686092063768,302.6884073962513,320.47466678007197,392.27582827159034,174.18108457605487,269.60092216752133,232.73690638557963,817.3876821792726,430.08467659103223,627.4575185190826,262.94026927144677,442.1229718989502,391.16839525783183,347.8695542845544,259.28135949087624,313.1819811988925,963.1474387827536,771.1605654145249,712.8879021843667,461.8542255452985,355.8340103128811,480.65131013619083,153.64674164620249,199.3127256093115,235.255511003769,802.9672771068347,565.9901656125579,495.2938527231434,260.36328484179705,334.341363144056,414.581864067566,267.1179937542844,197.7568625225123,291.2445614515159,751.720510680329,805.5750782784473,575.9225152929398,492.74222237790894,312.9040406460124,378.8065206789159,93.96053539985398,7.8555184458426,15.925381118253217,330.1042984536192,336.59612220670726,257.14859700460363,345.653561923108,301.45707783807546,257.0650704685736,875.2979332194182,1392.545236502714,1475.1234660868085,1392.5451582079554,875.2979046978303,1475.1234660868085,111.02935471189014,109.10490856336686,7.318426636433854,10.377917330758962,87.26065355395853,87.64057902868763,28.68418144894157,63.9908327841998,33.395266211076695,28.574597899393737,106.74329532851768,118.64050658042022,113.29698659316148,118.64050658042022,106.74329532851768,113.29698659316148,68.33514549290012
112.04422333548632,64.59190112726105,133.36144970329914,116.09275487210209,77.4468900868072,105.61648405602342,190.97824276706365,90.86434055674074,140.85301779951234,237.24951047068103,445.82947500550176,211.24593808654063,320.8833876630907,345.77562258865976,398.5786362090835,141.32702795575182,145.10369176079362,185.55841841702374,150.98349490519473,89.86158497698838,193.5929728353366,306.37485430720824,435.191995453643,237.47532140425346,199.25367073013618,343.2096194180787,237.6062892908261,260.80740880344086,262.81301075031536,220.57545298189825,223.0088745615652,314.8468582010091,310.47798226734585,170.5115183667016,117.67868269949581,142.10901397929777,210.63822551826615,110.31712385168456,93.73635557731082,133.688239655027,233.19241200523112,400.4962721116174,159.90812681391958,217.8724121498415,203.00351315689718,248.24969441024982,216.91009254336203,286.81056617208156,269.4892522351904,377.58000552599543,253.4316541037516,386.9680168320036,243.26834272983146,252.98715839396087,455.75450838370443,302.5101631897827,440.8731279875576,429.55591416616755,297.6890084458781,320.8033263055937,81.4434786475525,152.60339813975264,163.56683129021735,211.92344664788845,168.38592974162253,140.68460811920673,197.57835081709834,271.29167057605963,367.69104429206993,280.6226251175795,172.83248594718816,296.889515062026,213.05718698484853,229.47296575531962,163.9208845753988,430.16370801637447,249.6515225161019,303.72792218267466,79.35214482474902,4.298998469291454,6.224308656328251,8.14591687008676,7.744946524527829,4.80024678822133,38.86134053334084,17.81126175422436,23.937438514624112,23.695105277114223,28.32965839927518,27.95366936956823,28.32965839927518,23.695105277114223,27.95366936956823,121.72763046103962,107.45770331624574,5.752420470014154,7.2880457729831445,24.465162704637397,21.149061467197622,7.289064428397738,54.876683510408235,28.836279761623498,21.470742543597837,32.515516642684894,34.4080679262188,33.30253224910277,34.4080679262188,32.515516642684894,33.30253224910277,58.67526292499379
141.19507124474282,67.53107570096185,138.64374188695365,153.8305932105502,107.60106764986294,71.44471846028247,176.45072853503223,56.28228792878245,85.26995336774156,201.50624233632848,161.49510946479566,186.39297556688823,264.99611837158784,185.192010174335,178.59244052196323,107.79083751346641,175.67973420263962,242.72019338964154,164.28991262661233,44.69837344835101,169.73670116031042,222.10857146449655,169.71302497080634,200.15327910045949,121.81147502485443,50.847626467089185,159.34512386547271,137.78027325754115,137.71480309570896,203.00929150869922,207.02023245411903,3148.5133262136906,981.4866413533739,229.30946056536476,99.60930015474278,198.16252424709919,182.05294219543373,105.39342827510809,78.07604746829345,66.81848506996509,127.7143486516417,180.1834968235244,45.67663941916408,150.37106654464912,115.01257733861273,148.60366780741148,83.74823711944278,97.64796246650282,131.81725800171807,137.929809675364,117.70187656954867,116.59059432344426,227.93898988225564,164.97904574804556,158.85030524593859,114.51045933807143,106.17008094142629,284.3983328737794,197.7437407068535,126.77199343286634,49.29977602241284,108.55200902565393,151.73187637606352,280.1165995619085,269.1858026650772,259.8907376395031,140.17254196697212,148.70287744378365,122.90962744530336,157.63896950616052,156.6933573354177,176.60359768680797,306.8623124598986,462.8425136928066,320.77376685403345,284.95020198445616,121.31701562467016,117.17659998977179,68.91210291420765,2.717386115397498,5.827830877707875,6.453139043709403,5.278981976429279,4.8943378582909345,27.94010253497087,14.03768237490378,15.095242013601995,20.578855685003912,24.930295918782612,26.19684365809664,24.930295918782612,20.578855685003912,26.19684365809664,10.911471935426965,101.0755756090745,12.531083743702402,18.872764634469323,33.86441733069908,45.33879846508789,30.337860206363203,120.05118516311974,90.71203057856741,107.99802506476232,107.85797104496746,48.842795059584255,55.18223766534502,48.842795059584255,107.85797104496746,55.18223766534502,23.735049333253922
249.39646188905147,254.55940402460217,269.18102654162743,205.56189116276568,195.96058206064475,185.28538129645935,279.96715319813677,205.09699616273895,236.77420851475506,265.1577468137698,435.04739665126755,285.89306536161,380.33805998871253,378.2077307686112,438.22281228489464,250.659488576208,322.4161553518766,238.67451333480466,229.4013698596752,169.05070311539282,282.8558748273908,366.82012884988285,402.4961120002647,306.3590243129183,233.21362390758893,261.31778774649695,307.7102307191473,265.8556448266962,334.12157257710766,295.74326633428456,296.05085641491803,371.12140797373536,305.20554331238617,315.32351701265003,227.96791332324796,227.74087153209257,859.0364372499694,458.58808492530125,458.4958541689051,340.4207971527759,344.0563215144955,392.63188680301835,177.04646901343958,279.60485460072704,242.9737975878721,922.7406522431986,482.6050014326813,736.8280881102406,273.68084033991744,427.1928677620941,426.2829832863098,352.7474794400801,325.73710944926574,299.6784165795602,993.1362718260592,820.2656769830421,813.7549969482193,437.04035658260324,377.64894500667214,527.3223064153827,186.44947794567915,261.5137067606062,263.2522378191341,903.4452990313898,574.8320471129408,538.6691848048225,274.9028736523879,343.56890742079975,440.5500292495017,326.3641271459081,276.8836968546506,297.18976150611644,885.9034861696674,772.6539940465975,635.2175480815986,457.15105600202094,370.4240623478586,405.3142284584032,95.37820492662081,5.142209265518785,7.606882228477817,102.59307036677008,98.89637976926959,78.86216321589673,112.66660886099497,93.79494078485288,69.3470158477426,307.41555913259197,212.3883598362223,210.4994736230179,212.3883598362223,307.41555913259197,210.4994736230179,100.76614096069024,101.77689847177129,10.649592592412372,18.890450195843677,473.6677044771679,454.02201858928464,321.2180943305451,443.03849937761527,419.48058125928435,335.81440695875875,1260.1768799803137,1590.627031368777,2022.4831178284212,1590.6270179874489,1260.1768799803137,2022.4831178284212,71.15104329509447
150.80177119067383,151.1915117508276,196.16708055317855,194.7611219781231,242.29533785160527,221.5459174103957,289.1960927053592,229.2519083896651,254.16334927396082,267.5153191844271,394.27303575170725,240.24693134566382,309.0674314042198,309.37135976671215,513.0449871255311,296.21600904771094,394.9811826849696,227.33881011504636,182.86139786095526,137.79090720111915,257.1397229977128,339.9333506462262,321.80235264573264,275.74793470576776,256.4900795816037,198.2813896158461,261.6509273997551,297.68453076767605,264.7066485120922,269.7583430850135,248.52115589476495,289.34263966391313,351.16921478709594,334.58879403709403,295.86248280618236,200.62123051058285,581.1526436907621,388.4334713273278,330.44332900579644,275.19693556020945,354.5514653305133,133.02143783484544,183.41163746676727,279.1313064026918,222.77469924182031,642.4108503614854,473.0980197957448,674.3541707268665,295.99245539317855,239.71318962028823,369.59256871315455,278.7330678453535,285.5934914588134,270.07834659335066,867.6377552570953,586.9483588086362,730.5533274315198,274.5501653181444,406.9056155663712,479.2031947306222,198.12363234393553,269.5183522473955,288.312998265411,525.7019269679407,472.45335966015176,396.3664987902503,303.6623145748419,297.209402673039,236.51387239251753,248.52138034858646,268.7301158814939,307.25909351585574,550.6482462184802,538.1889661927714,420.11617803706383,222.3214355371047,280.60134147819485,361.5378623766811,52.414573738576046,3.9400883705831196,6.895923289160198,27.458651594818964,22.43955871556779,10.86470339071751,55.44817958747684,24.416173519082978,29.64571517475427,55.86830892751249,67.16987613364114,69.81403751043176,67.16987613364114,55.86830892751249,69.81403751043176,27.996494578202512,74.93289282171413,6.980122685867947,8.312219675757571,65.46021517901296,56.22202441024752,16.150337616024213,58.07765289937726,30.287697064777745,21.278779413081953,65.80130336778414,81.35295243437035,77.7042936432598,81.35295243437035,65.80130336778414,77.7042936432598,53.89152181966338
Sit
5
0.0
1.176867378689175
0.9709302077197595
1.5119586503519944
2.401468494319938
1.176867378689175
0.0
12.4645363747577
16.256387695805305
52.351399183134916
0.9709302077197595
12.4645363747577
0.0
20.60414927606824
74.16673865870442
1.5119586503519944
16.256387695805305
20.60414927606824
0.0
70.1518317410747
2.401468494319938
52.351399183134916
74.16673865870442
70.1518317410747
0.0
2620.976948665018
23485.92809011943
1
2789.336097848592
-1.8478420815173507E-10
23319
0.9709302077197595
20696.591992270838
5126.577783161827
1.1593340182384887E-8
3206
4307.948930942147
1736.9150796619238
-1.014248178304431E-10
4492
4561.959536114072
1919.0055350052285
-7.163230438197213E-11
3045
7490.624367027514
2586.29446033521
-1.0862511476123635E-10
4574
5204.534966487961
1853.1180439298253
-1.8478420815173507E-10
8002
110
183.35830850859807,168.52426143097262,150.13791848830928,116.99453682880316,91.7731543679499,202.9709665095779,299.1441796484148,165.80545492774127,179.52406669551496,294.54209356166024,449.40891674895533,239.03061649649442,393.97736769982146,448.7999625429817,465.13689066397654,174.78024628953315,151.8497519168504,200.7442346747958,247.3784147753588,156.30795284549578,191.75300794364074,368.67459807534084,375.0456419966858,267.5824262794578,265.83211151590154,318.5914004948582,254.91779997474217,243.55887062675228,367.56675438084346,286.2456129111677,270.63658810889734,403.8297665991524,297.9303310931327,252.21786042955495,131.62870289925024,125.25306708521413,286.48807670693816,199.11141970484118,179.54328146335612,229.822803711783,165.6600281550577,308.75839827244357,183.00229354964017,293.27469736238993,220.0763849914711,395.50288569267593,327.9409424931804,554.3478378797447,285.2239694591287,361.7234617390501,274.3271497056751,344.66491894081895,249.80449910857863,294.3388657653337,541.9215456379475,441.84194162358904,586.6391884442451,329.02669572571085,306.74052789301936,367.0359421213099,162.87575309839622,207.73774488089953,256.63242927206016,399.9444497585373,418.59540289833734,341.15264456748633,256.7957203895821,223.24395573038314,348.4521684869692,369.1228752705921,259.58147935630944,265.79280172739703,460.2725355469917,528.3735232829321,445.29782639126404,407.75132699672633,332.8312889062075,318.96287858126846,56.10646916526605,9.069013193913193,22.13474693501215,109.73244494550566,103.66199661677823,112.65671084812767,163.47213473776503,151.81793820028983,202.5392133001007,311.26256996655104,369.5113044870984,375.28040219062785,369.5113087702722,311.26256996655104,375.28040219062785,140.6465160483785,120.20147612043883,6.947274612968059,16.74508243692098,103.39818012317953,106.30243350366088,135.2545209645884,193.4059042298431,144.1827155230041,155.04603824899485,332.4630355916179,305.1761173330694,365.5769999983461,305.1761173330694,332.4630355916179,365.5769999983461,32.40453981447837
238.7572449983874,171.4939361985651,951.5798513154658,-270.94047772202924,951.0755178180882,-25.96041854281916,-151.1638859735637,693.6135383803529,636.2967649223879,81.28471124768595,25.245518995607384,824.4950352660774,572.3893628912211,-40.907527200336425,-480.4256982235533,-9.009909713444122,873.5575557322435,-425.1659788729019,-71.816989636662,823.2474818151003,-443.3331160430278,241.04668420658334,-83.72076693169639,792.2124697758167,-25.18294280505338,380.936998985496,873.7120238780067,14.572246469135527,23.08205593778204,875.8537756579303,-759.4412168609583,-174.65146587451827,330.18343640206325,-855.3580342210215,-63.27809940391955,317.5158025644324,-17.940391955058107,-4.795960375659334,-9.766842488957503,487.18169732835884,120.18577125948796,401.90822934088084,-680.5488228483212,167.73390797203996,597.2701659590891,11.062824306359621,4.883185385308118,22.031819546292724,53.88451477336078,-553.227025172606,-235.16437240018868,-49.95818860156954,795.0311762940091,359.6025129722544,11.62974398559115,19.56220249581886,37.90166816758866,-431.55637034178136,-50.200094343668255,-397.4799090870106,-768.9167202710237,-534.772074274197,53.93931986791886,-40.860242720528326,-0.24996783738582273,11.69235387452292,-122.86272996269136,507.24516488700203,399.73733865088553,-13.252712380462274,-841.2691367554355,-230.08512371885587,-66.37291479051417,10.670869248252497,28.413525451348686,-641.4959046271281,119.7851108538102,-455.1574252755264,74.36216275638158,-56.112465745982675,10.869029557831269,0.8384632702946095,0.4593441226405473,-16.455801235710968,-89.75676892489324,835.186279889845,-521.7034113701674,0.31117709724130327,11.112836171531276,-18.75078631759065,11.11288069369926,-0.31117709724130327,-18.75078631759065,-57.40909734262372,-50.7713219523229,-41.4076546632902,21.65705487775207,-2.2483663725037313,-3.4885241404027534,97.2321061435148,-235.44620002879637,593.0113938699279,-604.0918197918173,-7.725477645372239,7.660189954954563,1.6139644460353553,7.660189954954563,7.725477645372239,1.6139644460353553,-1.5717422660300355
464.35065349059613,45.13292955052598,710.2983742429072,-281.50374298190894,849.057080474111,-239.95664379288834,360.73994894703253,638.6952776005105,478.12476068921507,199.1494863620262,334.2840949344669,607.0301098122565,93.6179700499168,592.7777038269551,-226.44292845257903,184.14571629213484,739.9058988764045,-451.4487359550562,278.49141150112024,694.5056011949216,-236.56235997012695,373.7029893924783,255.1288974606236,447.1745419479267,-217.99750467872738,720.898315658141,438.1918278228322,200.830385344283,555.4115603284902,385.10486418193307,-379.2163120567376,486.13410702772404,309.3326885880077,-691.9323144104803,-185.08234560199625,500.77510917030565,-50.599500935745475,-5.478477854023706,-63.956331877729255,88.9223331253899,245.97567061759202,-210.6154086088584,-739.1802869619463,-240.13162819713037,306.2932002495321,12.751091703056769,92.90767311291329,108.59575795383655,249.13973799126637,139.49937616968185,173.2854023705552,-392.8094198378041,586.3883343730505,9.078290704928259,88.97286338116032,92.29819089207736,101.6796631316282,104.24360573923893,-128.8190892077355,214.42420461634435,-642.0215221459763,-299.00343106674984,492.6188396756082,-65.79039301310044,-75.71802869619464,1.2972551466001248,-52.19245165315034,117.39332501559576,-210.3069245165315,-583.3116032439176,-417.4260761072988,23.54366812227074,-79.39207735495945,-77.55177791640673,7.352464129756706,-79.02713661883968,-82.37585776668746,-297.8281347473487,-23.955310880829014,-45.784650259067355,7.329663212435233,1.6875,3.0207253886010363,-22.922279792746114,-79.07707253886011,739.4310233160621,-653.7953367875648,-5.590349740932642,76.20531088082902,-147.98801813471502,76.20563471502591,5.590349740932642,-147.98801813471502,-0.8367875647668394,-41.656411917098445,-34.72117875647668,45.27849740932643,-15.047927461139896,-28.287240932642487,103.57189119170984,-437.82998704663214,475.0482512953368,-448.0605569948186,-59.06282383419689,61.8895725388601,4.602007772020725,61.8895725388601,59.06282383419689,4.602007772020725,39.94527202072539
207.05329082213618,231.88499202915054,984.1443862445913,-227.22083704363314,977.247105966162,-50.3693232413179,-226.65227070347285,776.6894479073909,600.4772929652715,-23.182769367764916,98.21571682991986,731.2179430097951,724.1954585930544,-291.44813000890474,-466.10908281389135,-65.82032400589101,937.8085419734904,-357.78703976435935,-125.05175224123879,792.7750611246944,-567.5672371638142,13.386464826357969,-158.29563668744436,878.3201246660731,2.9254229741763136,95.70569902048085,972.5932769367765,-139.10574354407836,-77.92341941228851,988.4875333926981,-882.7889581478183,-328.7215048975957,251.60707925200356,-728.6939002671415,-29.949243098842388,271.0654496883348,-10.143143365983972,-5.045859305431879,0.8920302760463046,535.6170970614426,86.60752448797862,524.5204808548531,-544.1088601959038,300.0347284060552,744.8127782724844,3.231300089047195,-12.458147818343722,7.651157613535173,-90.12956366874444,-682.7221727515583,-279.8007569011576,34.1186553873553,697.1088601959038,602.376447016919,-3.8234639358860196,31.634683882457704,34.935886019590384,-460.3466162065895,107.14492430988423,-458.02560106856635,-857.0180320569903,-480.35307212822795,-43.474844167408726,-32.22439893143366,3.46326803205699,20.372662511130898,-75.55253784505788,584.3365983971505,533.6918967052538,84.85774710596617,-910.5220391807658,-373.72328584149597,-67.75244879786287,21.15160284951024,38.945013357079254,-866.1896705253785,191.22773820124667,-486.1311219946572,87.43210151380231,-61.3900267141585,31.743098842386466,1.2455476402493322,-0.468833481745325,-13.195235975066785,-188.82947462154942,883.353072128228,-353.00155832591275,2.7978628673196795,1.9933214603739982,1.8844612644701693,1.9933214603739982,-2.7978628673196795,1.8844612644701693,-148.7947462154942,-71.75512021371327,-43.61553873552983,19.074354407836154,-0.40917186108637577,0.5256010685663401,101.26536064113981,-184.21972395369545,654.9659394479074,-581.2150489759573,1.8880231522707034,-0.7466607301869991,2.580365093499555,-0.7466607301869991,-1.8880231522707034,2.580365093499555,-7.029830810329474
262.39285714285717,158.44940476190476,983.6752645502645,-306.34285714285716,964.35960591133,103.31100164203613,-191.30771756978655,703.9697865353038,664.3169129720853,117.04464585431353,-156.58039610607585,924.8123531386371,665.1783251231527,90.78062397372742,-584.1106732348112,14.769786535303776,938.0752052545156,-346.53234811165845,-82.58391608391608,872.2740384615385,-453.618006993007,278.64367816091954,-179.6433497536946,829.8673234811166,47.20065681444992,386.7743842364532,948.9231527093596,55.05287356321839,66.92709359605911,928.4985221674876,-794.7622331691297,-153.4256157635468,402.09950738916257,-958.447619047619,-50.69096880131363,272.38029556650247,-9.073234811165845,-7.803612479474548,-5.494252873563219,560.3878489326765,93.13891625615763,497.54449917898194,-708.6410509031199,266.86732348111656,608.9868637110017,15.645977011494253,-3.6857142857142855,-2.017733990147783,20.724794745484402,-695.9297208538588,-328.5707717569787,36.46732348111659,872.6518883415436,348.59408866995074,7.643021346469622,-6.736617405582923,14.687027914614122,-510.64794745484403,-42.79343185550082,-578.5573070607553,-761.2525451559934,-606.0758620689655,36.06141215106732,-33.435796387520526,9.401642036124795,17.30673234811166,-128.0016420361248,584.2837438423645,475.89852216748767,-30.711001642036123,-894.3898193760263,-228.04367816091954,-68.34778325123153,27.970443349753694,38.07487684729064,-731.5018062397372,232.34351395730707,-498.8781609195402,91.01970443349754,-62.14844006568144,0.5146141215106732,-0.380623973727422,0.43316912972085386,-14.508374384236452,-48.17963875205255,890.7050903119869,-476.0144499178982,-1.9336617405582923,-3.2397372742200328,-0.17471264367816092,-3.2397372742200328,1.9336617405582923,-0.17471264367816092,-113.01773399014779,163.86929392446635,-46.49688013136289,21.782922824302133,1.2078817733990148,-1.0279146141215108,93.15927750410509,-234.7087027914614,584.5444991789819,-651.9871921182266,-2.542528735632184,-3.554679802955665,-3.167487684729064,-3.554679802955665,2.542528735632184,-3.167487684729064,-10.317569786535303
213.49609636404193,208.69953156368504,985.3805487396833,-268.13992129427197,961.5338871884564,-57.60056843025798,-227.59007433318757,651.1810231744644,703.1707477044163,160.5577135290223,66.66872655043036,849.9437210328846,568.5759381898455,-208.68057395143487,-493.6551876379691,-17.73402163225172,882.9169124877089,-436.3485742379548,-114.65183423913044,844.0332880434783,-461.7955163043478,390.01859142607174,-89.55839895013123,784.8729221347331,-42.33646698731963,493.28334062090073,898.0531263664188,10.120244862264975,-138.63205072146917,917.5378224748579,-770.5175361683472,-348.98882069267864,311.8217886891714,-899.7122868386533,-54.67315260166156,319.115872321819,-8.530389156099695,-1.5815478793178837,3.795802361171841,555.2829033668561,159.76738084827284,481.17599475295145,-770.9357236554438,94.87844337560122,572.6714035854832,23.10975076519458,-12.859422824661127,21.38784433756012,236.91888937472672,-657.1587232181897,-256.17971141233056,-53.87188456493222,902.1969829470922,262.4241364232619,-6.9724529951902054,0.1274595540008745,58.12527328377787,-608.670529077394,-244.35811106252734,-429.27153476169656,-770.3515522518584,-600.6755574989069,5.828159160472234,-37.070397901180584,42.36270222999563,-4.195233930913861,-176.9801049409707,587.1593790992566,437.7614779186707,155.30695233930913,-890.6491036292085,-238.5354175776126,-29.543506777437692,23.45190205509401,16.214254481853956,-606.9333187581985,104.78705728027984,-531.713598600787,92.0491910800175,-58.69807608220376,15.047223436816791,1.109969392216878,0.8970266724967206,-15.321600349803235,-110.47879317883691,857.550284215129,-476.0789243550503,3.404897245299519,3.0874508089199826,3.116746829908177,3.0874508089199826,-3.404897245299519,3.116746829908177,-99.40599038041101,-50.4908176650634,-42.97114123305641,18.06405771753389,-1.0177087888062966,2.490817665063402,98.34040227372103,-194.04241364232618,628.9405334499344,-611.4287275907302,2.870572802798426,-0.19916921731526016,2.0590292960209884,-0.19916921731526016,-2.870572802798426,2.0590292960209884,-7.389156099693922
171.6159989858012,171.9162018255578,998.4348377281947,-279.3799050237441,966.2244438890277,42.37340664833791,-254.92026160231418,689.2949314551629,670.8878128537291,33.78530367408148,-94.02086978255436,911.2639340164959,645.8620344913771,-108.36103474131467,-543.2033241689578,-58.568725401150466,861.136391159552,-475.99000908265214,-153.70230708035004,861.3964996022275,-441.968814638027,216.2370417193426,-137.77926675094815,871.9810366624525,18.55023203311175,338.4096325097203,950.161545215101,13.357285678580356,-57.74268932766808,965.3844038990252,-822.7638126834248,-261.3309940028072,365.77631746841905,-927.3567858035491,-42.89515121219695,286.4291427143214,-17.985628592851786,-5.075106223444139,-3.4176455886028494,552.7703074231442,76.3045488627843,496.78367908022994,-671.2943014246439,260.7983004248938,640.6278430392401,6.152586853286678,-7.24656335916021,4.942389402649337,-35.50624843789053,-644.3636590852287,-326.19620094976256,9.557360659835041,842.7998000499875,423.493376655836,1.4672581854536366,4.760059985003749,11.28780304923769,-498.72644338915273,1.1350912271932017,-521.5736065983505,-772.3970257435641,-594.9772556860785,-32.829417645588606,-40.71132216945764,-0.12859285178705324,17.92939265183704,-144.84541364658836,545.168207948013,518.2383154211448,70.35953511622094,-923.7660584853786,-247.0153711572107,-80.68282929267683,26.245063734066484,34.236440889777555,-726.2211947013246,126.4170207448138,-440.40689827543116,89.96738315421145,-53.51287178205449,2.1210947263184203,0.5784803799050238,-0.2860534866283429,-17.08472881779555,-42.39665083729068,812.6017245688578,-606.9485128717821,0.36553361659585104,0.20182454386403398,1.8759060234941265,0.20182454386403398,-0.36553361659585104,1.8759060234941265,16.391902024493877,-124.48125468632841,-40.01687078230442,15.648837790552362,-0.17133216695826042,-0.1604598850287428,93.34428892776806,-207.06498375406147,588.1790802299425,-657.028367908023,-0.5828542864283929,-0.5874781304673832,1.4393901524618846,-0.5874781304673832,0.5828542864283929,1.4393901524618846,-8.488252936765809
378.08134900733563,408.8404636711174,302.48555936274676,232.4088236200126,211.2782836011739,319.3962200614522,402.9336148101184,286.2866733972447,322.3183347424252,320.36346790031354,560.5584230263145,389.3537561493307,571.0708962278803,505.6198906987592,590.8044847790989,326.1604138610049,245.16698307348975,316.7807790894345,456.08529031777897,327.0926132879365,309.3779515080213,352.0798988364631,625.8552515720351,405.4533694503284,458.07286069314324,261.24236411500056,427.19983852543623,377.95007482137345,459.84663585902894,500.2572523631148,456.7256597064749,536.337941679585,396.47913623662157,327.4830770834515,274.38525829963305,210.06731619519357,511.3993917031817,470.838721229178,402.2261733208775,441.46392748466627,221.57269391842433,495.47949413713843,218.88899999667234,445.28509560276063,335.26677593026204,682.6318430817123,583.280549370025,834.869299345592,293.3996126945155,548.6877710013342,487.5212959408964,545.7734761096508,434.38223443462766,303.8949482608776,681.1664384657242,579.9316746375354,1019.4319347475645,455.4383747343098,441.93802696664403,627.2953774013623,310.9640926720455,348.7659702670334,317.89720874317715,679.3578254198292,756.5231607150344,568.7829220289929,350.9576069697914,341.26860284492034,536.6719732387675,460.70967562361506,457.2449996417233,428.200217573076,741.2042223770083,787.5814141418488,763.0212056592253,509.96931559802465,499.8237187194159,341.05946535561367,92.32299506191114,12.605933275593436,19.05789181190136,299.9377029786759,283.3126023820202,308.2791896081092,353.0845327787276,368.9956396608886,265.5263133506432,849.400660057584,1007.995379331238,1016.4766842129957,1007.995370106171,849.400660057584,1016.4766842129957,98.71130720790849,112.77734262577941,12.754172382202958,35.43940700106268,281.3646824281488,288.56799363556604,370.0535537811644,472.16384416640574,357.40800579714244,368.10691327853016,901.7288487604286,830.2857633171631,998.8573630419544,830.2857633171631,901.7288487604286,998.8573630419544,76.34615419970861
55.3711344952908,39.37930992711693,19.221158965154117,105.00373219146913,27.09931145706092,124.19227008714013,105.78922554780212,88.26197288949407,99.40172926946303,342.24177999059515,565.9071876151783,237.228171684168,219.39575447177512,216.42723676078978,347.27963143108093,74.03755357463874,59.58428354108113,112.08412562347758,53.12610058317676,51.940626808949304,74.43754692437824,366.18848855607445,272.73667358524256,154.26809525963824,193.91985067896394,302.6731402400616,86.34643308017948,141.16107806447332,97.97567129510533,35.22048218218945,84.3360514165941,82.43412328069599,226.13746895228581,366.37297162010896,52.267017425314066,74.90438462067678,174.74646771863956,85.175693771127,66.97868306084817,33.562105420740885,94.67504345608604,38.518781521429666,150.91490873592252,164.62551078911181,90.67755242635387,260.46697127673605,211.19768163623732,411.65908364792693,181.79142976338053,83.45137834494885,116.61504409715332,271.87669926441316,219.44724478996324,193.51102931201677,439.80263609825204,373.6068325881456,534.0654267983956,154.63819282058626,252.17942678617723,132.43258373728213,77.80516740347947,117.45647917240646,118.70221011662387,85.4744024933931,95.99633860199528,79.0008443888541,208.66208695712803,92.75184239155679,130.23186727126074,86.31302921022568,64.86125990733667,146.96270075772975,99.01813756092875,109.27665425468962,75.0437346222613,282.0891770482765,207.15609726942265,254.16911746648282,26.67606001460585,8.268171060302869,31.251978467102557,5.218626202529648,5.084470982949125,5.965009268317405,146.36924462887166,72.059739849917,244.03086259559882,22.77825522380155,19.916480028326514,21.905482250238435,19.916480028326514,22.77825522380155,21.905482250238435,25.520023512752598,92.33414075962664,4.567196293719121,6.276831350894083,5.439735668345096,5.451269024179001,7.151254031812453,48.94383998855361,44.77221049373294,52.76915242348095,26.68400686907126,25.69169458728226,21.755651953911013,25.69169458728226,26.68400686907126,21.755651953911013,2.177494790067133
60.595346295140125,29.13266141760988,19.673897076972537,43.037442279456776,21.743285032330125,71.50090853710235,218.7065373895443,126.32514575824325,127.20157311662834,239.89701244972605,242.4020282143877,102.15848790273044,296.93212797429595,339.2531612868271,410.91939866849333,80.83472540881758,73.66226106353437,143.05702857373552,61.79175674491734,25.047320129832343,33.75820124560584,347.11498603748265,252.08732600744713,218.60084770461637,186.19825247373507,217.75329625417075,91.49460181281209,206.69449235357564,331.1739937419675,130.14909478608183,167.6017664619353,348.21435258885197,270.03977833302423,24.40707453852026,67.04533985154238,55.08652141466482,233.25532548862256,85.62980049802778,99.70922763400424,17.71003997464647,137.87923480262754,34.38337627183523,152.61267209350837,130.85459826295465,156.73366584343495,325.4525719634748,277.56442364523645,443.3903587110187,199.83955076658435,102.87592670025319,107.93584140718988,237.58468992734637,137.20425248277417,256.2330153940403,524.8975605471967,383.4214377652389,408.3835731489112,157.91316976482562,196.61415139754223,103.04243549043065,114.22772859174641,124.78126917377047,180.61181931404423,347.5625633554155,315.935151008093,253.09857786173552,210.39763913709788,102.65821551786055,167.8635048366028,337.82340891583107,120.33795256142419,215.6904288576337,381.62384159134837,374.3648196345297,356.4192341551109,233.43544470854565,384.479645059799,248.08254674451564,2.4717070326105537,3.6406823580610306,4.966265954095134,5.37594097788016,6.022342596872569,4.834890048213989,12.257432747386808,43.32073022522923,71.54528482449966,25.61307797515232,20.9625392663525,21.14848833280215,20.9625392663525,25.61307797515232,21.14848833280215,119.28521932217751,11.889382554900596,5.415739107384467,2.334503241234073,5.236126492269653,4.972414946488838,3.9860033703076483,22.299527547366413,4.38778993490898,10.58791647089592,24.220323988935814,24.55454751133622,22.729647011029193,24.55454751133622,24.220323988935814,22.729647011029193,0.4698218748562215
80.96629810180414,67.04733399113067,41.727208449642745,102.98544483510082,33.758497881287354,165.43022603135455,213.15829224520428,162.05440722657042,131.14916035727853,258.27152731754745,432.1101531949482,210.32364981340245,364.3594622115404,413.52790481598015,493.05421878686104,121.27088091543222,139.86122237269765,181.57355511966182,101.18546089130074,103.84071078843705,200.10476775196886,343.3121520405718,329.31609136950715,229.7443583083738,234.7393030241819,208.95544302143068,142.35432711340428,227.4526597187819,331.202046974088,155.26165703955303,220.6596988987061,292.6757199547881,318.4690927852522,195.56726651855692,87.2661917768482,71.25315847717808,321.96263746707564,152.84308686497533,148.1019982916081,31.49569796635352,135.92796816176477,47.30808092633226,143.05231190415205,234.67296682608847,136.33430721490305,436.74344411007286,329.5365964222495,681.1560322992565,286.7610412822482,112.64192036384452,135.50559427031848,288.4687136569221,155.9703439758616,231.30317412201566,587.9913887841336,534.8780149318549,556.7822653180999,222.35505994858946,309.62083476326546,204.46034249706804,125.20965030026161,153.1872936427649,171.60386248110592,558.123365863128,575.5448465466427,495.79677432319033,261.5215529823397,107.02387561879871,180.33968165990535,298.36064405447746,144.76799253363455,222.7228681638653,650.313831762631,818.8259099132994,639.278928343875,315.3566718069282,279.15079456101057,304.44731655519206,24.40535269823339,7.962519392874262,23.92918976559559,16.144138673622926,15.174893374482307,10.219437171606074,114.18942740873567,70.38588762082276,198.30125852771997,52.49756094904265,45.30728724660392,49.30237495370182,45.30728724660392,52.49756094904265,49.30237495370182,121.98748566935383,118.580625629236,4.367348750290212,5.620442972005524,23.642674752415925,23.08814773872589,12.396706334258962,43.18255374708796,46.56898558894955,56.778907716792695,86.83920380025867,50.72965430280235,53.28483849220327,50.72965430280235,86.83920380025867,53.28483849220327,2.672981258590988
90.25975634907702,55.69429636937668,28.321271099249035,60.23917779380226,22.521344564141046,150.56408798097624,158.34383392357623,126.91947201105296,129.46655716840434,262.80309303878096,306.4147441620806,125.82359625383394,286.00076250989315,323.9179435320947,436.8649226635911,105.38331769568305,124.32262863066804,184.93759462237114,73.52159905617171,53.472989313205574,105.67312345602863,328.266791537688,270.4455109325752,156.0645071035733,191.24015249746645,270.06592552928606,85.50375643500168,177.34153824578775,244.0129179196293,77.37664895480663,137.60905639305895,230.03125977773254,273.66012510792285,122.23931135649946,75.19274157413865,66.54213370898971,191.85459505887624,80.71670728102502,94.39381470479698,26.09903414271421,165.58051814239542,45.58630610882951,167.87860744199526,161.60523668973426,152.04300569287574,285.7686772011986,238.96157952012013,421.49654018570044,259.5837837882916,147.02037136161886,147.40040327523835,242.69794340901464,155.61696751925075,216.95159372396395,506.15793509368035,365.43091302648713,427.9741444178152,202.2988264206591,224.0518047671018,129.076908419664,102.03465255667463,134.11222155929858,151.31756224511847,229.9492135541556,213.46139314627587,202.35633453783967,238.85217013288357,107.81651148592285,152.92468349389756,233.70428454696093,93.96826061726966,191.2543995781501,306.05406016196775,343.94433356384627,243.3339729752693,303.4367933766858,271.4230450174616,350.0016821319792,27.261179622057963,4.034831073673558,4.344548079377524,5.372084732985897,5.153974923682616,4.489855162782981,33.91833312701319,32.086294126017776,43.980737945708576,20.552729135982524,20.305900385636647,19.561886115904436,20.305900385636647,20.552729135982524,19.561886115904436,160.49671795662067,29.41509909924648,3.200165647748097,4.866846360811491,5.898657786261854,5.215754564441594,6.403958476206736,27.99626854019054,17.569411251585,24.11731980177955,25.553978559580194,25.97705347513797,21.980462812115984,25.97705347513797,25.553978559580194,21.980462812115984,3.3041730852113163
Lie
5
0.0
0.11342878693972473
0.16702585780891346
0.7366130014491676
0.25120137805615067
0.11342878693972473
0.0
0.12698281540815717
0.4367468050820198
0.12377988179676101
0.16702585780891346
0.12698281540815717
0.0
1.2556371978693086
0.38148012280283333
0.7366130014491676
0.4367468050820198
1.2556371978693086
0.0
1.3662809287655433
0.25120137805615067
0.12377988179676101
0.38148012280283333
1.3662809287655433
0.0
2738.9317129758692
14879.931869337011
2
2938.1473476466676
-1.9582336997346246E-10
9136
0.11342878693972473
1998.781813276314
920.5291140756034
-1.0801288104484774E-10
1135
1265.6223260839013
196.27556712946225
-1.3764890622690305E-10
1291
2664.2743908100147
1071.262411873893
-1.5212055610891944E-10
1492
14203.540777715192
3456.189337343982
2.0000208167182454E-8
3303
1988.9997579642827
672.4171232745219
-1.9582336997346246E-10
1915
110
128.4449824989685,130.45530799330933,278.0097641099667,92.72209871915506,158.62907718530556,79.83569141623069,354.8112241755836,137.58199765190966,103.32417335506662,365.9529211359226,221.00926407075704,231.92494703150444,419.4708857270096,266.5768845191338,251.2461509362055,253.4590830612446,191.97527926083026,434.47283710314764,168.04127492429677,191.51762546404973,269.08668749640054,516.9595080268837,221.23155761870692,265.79546124075506,360.9340219770118,320.2504663554286,480.1282122054238,134.79885210570234,287.4002308934746,208.60121486427744,288.92936469655865,304.4836706346178,126.09629353312609,335.8998732973813,112.14003087246105,266.7691708047674,222.58152688164915,194.98401266309546,110.02588656536335,202.90003954414036,134.89258999978944,127.18650343467203,236.43450695768612,199.20791810668265,534.4448928356362,155.07660919939528,167.19403350895703,224.50450037963518,487.43826250315414,467.96137064286603,527.3905139315415,209.38414665931944,292.068294129738,447.17285113249187,214.2703529856294,256.3441410249685,280.60488441330205,371.86531020686175,508.0882234773227,536.103528892692,139.78556136565578,174.21555187181335,344.8950797102714,297.89009862080064,208.82943469296603,230.53617335818268,218.45390240286108,297.24123332256664,92.61563213941398,288.31172259965825,227.19369663893534,181.5880140111319,295.6117514695627,384.3981651903485,323.04787777139023,278.7367432060392,252.66160551189654,330.8457271799381,56.91955164722524,14.152467361108782,15.614137170324964,103.38680077528343,116.05545271102946,135.1770838283325,246.01867004093867,278.50229754960395,181.20211176166154,375.8256579071725,369.15887397070577,357.74855183143296,369.15887397070577,375.8256579071725,357.74855183143296,9.845739019295708,86.56787982614647,16.743090393752723,18.973028371492408,116.16057845592438,108.73843116085058,133.95868611554693,223.0983635655711,248.13247929200446,247.96930258401767,504.528057052272,329.5408942287523,394.5063856950313,329.5408942287523,504.528057052272,394.5063856950313,43.71803737907587
964.1753502626971,44.684873029772326,-96.22110332749563,-30.03677758318739,146.95950087565674,-962.7915936952714,164.7965510680782,65.10340719404955,922.497609704617,139.3466280562421,-857.4933172598156,81.21970733704082,44.61554916474581,580.9879553938201,-707.4597140554175,721.3017103149301,382.55454708081936,222.6852761938306,783.8396771316089,137.70149296151175,-365.92297843081883,99.02365042687187,-778.9425402291349,156.2763913517918,717.5688485113835,27.64130910683012,226.28152364273205,749.152911558669,182.23511383537652,500.98073555166377,-213.62758154653469,163.79101149159402,860.2641904017136,-396.2636821366024,-886.7367556917688,-258.89864273204904,-4.078042907180385,-20.777583187390544,10.599058669001751,-563.9497591943958,423.0007661996497,-349.7328152364273,-105.47230735551663,751.3169877408056,-219.35453152364272,0.019921190893169877,-27.337456217162874,-36.839535901926446,80.79334500875656,301.5351357267951,563.9055385288967,762.086799474606,310.9099168126095,0.9193301225919439,-9.68169877408056,17.65061295971979,-6.243104203152364,47.87127845884413,-108.27495621716287,720.9402364273205,-89.18629597197898,-794.7088441330998,447.1743651488616,-31.64546847635727,3.3793782837127844,34.255582311733804,-337.1892513134851,-81.77353327495622,-688.2364273204904,-264.81085814360773,-652.5554947460596,603.9536996497374,-61.251094570928196,23.139667250437828,48.48817863397548,391.09851138353764,-347.3388791593695,-460.2706873905429,-111.25323766930278,-13.286364564127485,37.84969453851359,-3.764196342984721,0.8861353000893857,-16.605573225820056,-585.412866303885,217.88921501316517,-716.4533103205002,1.113972423601766,10.880038854198384,9.121360145397732,10.880038854198384,-1.113972423601766,9.121360145397732,-18.084229164945302,-57.45591289455867,-16.702944688501518,128.1730696596647,-8.773223513913084,-9.148543935188103,85.94172069296278,-630.9662632208557,219.28027173400852,509.0123871171784,21.09484690172466,6.058183581768532,-0.3178793336914208,6.058183581768532,-21.09484690172466,-0.3178793336914208,-1.8931371017120548
1010.7198237885463,17.709251101321588,22.108370044052865,-4.523348017621146,224.8863436123348,-963.1947136563876,554.3418502202643,49.87400881057269,838.4229074889868,-163.21224489795918,-969.0836734693878,116.89183673469388,315.66431718061676,878.8088105726872,-423.4651982378855,825.1339207048458,404.7480176211454,142.71101321585903,895.4616740088105,174.20264317180616,-182.31541850220265,-293.6115342763874,-922.3612622415669,110.57671381936888,788.0185022026432,-108.13127753303965,586.2035242290749,676.885462555066,526.7550660792951,459.90837004405284,-436.61233480176213,488.22202643171806,717.3374449339207,-195.63876651982378,-969.7938325991189,-127.0784140969163,-11.641409691629956,-6.927753303964757,-1.2008810572687225,-613.2960352422907,361.8704845814978,-363.77885462555065,-55.048458149779734,976.0845814977973,-65.86696035242291,7.3541850220264315,-12.116299559471365,-8.71453744493392,244.2352422907489,-69.5409691629956,1075.6555066079295,912.1850220264317,9.090748898678415,395.6325991189427,-0.7964757709251101,13.006167400881058,13.502202643171806,-591.3982378854625,-35.333920704845816,854.2660792951542,-10.693392070484581,-593.2599118942732,806.0740088105726,-32.3136563876652,2.0537444933920703,19.647577092511014,94.57621145374449,-494.1409691629956,-707.663436123348,-610.5691629955948,-649.7409691629956,410.32687224669604,-63.590308370044056,25.65991189427313,40.395594713656386,845.6193832599118,-229.3409691629956,225.4863436123348,-127.81145374449339,-22.223788546255506,34.42643171806167,-1.0784140969162996,1.0572687224669604,-25.229074889867842,-542.5277533039648,375.9488986784141,-767.0405286343612,2.8255506607929517,1.9964757709251102,3.7497797356828193,1.9964757709251102,-2.8255506607929517,3.7497797356828193,-12.206167400881057,-28.566519823788546,-1.2801762114537445,129.75947136563877,-1.186784140969163,-0.8466960352422908,63.75154185022026,-692.5603524229075,3.7374449339207048,554.1691629955947,2.8766519823788546,1.0572687224669604,1.051101321585903,1.0572687224669604,-2.8766519823788546,1.051101321585903,8.57533039647577
873.9891556932611,15.587141750580946,-481.6777691711851,-73.7676219984508,89.90240123934935,-983.6467854376452,24.39426800929512,91.84585592563904,1015.7575522850503,-459.28145695364236,-838.3708609271523,291.9006622516556,157.92563903950426,439.0580945003873,-958.3663826491093,750.8466305189776,486.1169635941131,434.35708752904725,680.968923418424,15.173140954495006,-660.7136514983351,-606.8458559256391,-683.5724244771495,440.1278079008521,15.156467854376451,-488.38419829589463,877.8505034856701,799.1200619674671,49.44848954298993,577.3594113090627,-194.1696359411309,-36.117738187451586,971.4910921766073,-373.10379550735865,-812.3059643687064,-450.88148721920993,-8.281951975213014,-7.755228505034856,-3.5298218435321456,-439.3996901626646,548.3377226955848,-498.64756003098375,245.26258714175057,706.4748257164988,662.4120836560805,10.94887683965918,-11.243996901626646,-8.149496514329977,909.6870642912471,-158.50271107668473,-491.15879163439195,702.426800929512,130.10147172734315,699.6219984508133,-1.7645236250968241,14.120836560805577,13.801704105344694,42.89388071262587,-986.6491092176607,-405.0790085205267,-186.8241673121611,-893.140201394268,410.0766847405112,-29.999225406661502,-0.0844306738962045,16.395817195972114,-246.14020139426802,-2.5592563903950425,-765.1494965143299,-88.72811773818745,-749.1944229279628,672.291247095275,-60.2556158017041,26.870642912470952,43.24167312161116,191.76529821843533,-339.05422153369483,-701.4306738962044,-125.83346243222309,-13.979085979860573,42.02091402013943,-0.9969016266460109,0.5143299767621998,-23.30286599535244,-686.1688613477924,228.76219984508134,-723.8845855925639,3.4105344694035633,1.6289697908597986,2.5205267234701783,1.6289697908597986,-3.4105344694035633,2.5205267234701783,-14.938807126258714,-81.0,-29.0,143.0,-1.7707203718048026,0.06429124709527498,106.66537567776918,-364.2261812548412,415.9295120061968,701.836560805577,0.8659953524399691,0.6103795507358637,2.517428350116189,0.6103795507358637,-0.8659953524399691,2.517428350116189,14.171959721146399
947.3324396782842,192.7955764075067,-269.02680965147454,-26.708445040214478,154.35991957104557,-977.6702412868633,-247.10505212510023,96.60866078588613,962.4915797914996,377.19436997319036,-869.7667560321715,32.32439678284182,313.6682305630027,625.2138069705094,-710.0348525469169,544.3123324396782,172.36796246648794,705.4390080428955,677.4432234432235,47.265201465201464,-634.8256410256411,118.09383378016086,-939.510053619303,-18.3357908847185,927.9651474530831,253.8230563002681,-212.41487935656838,667.3398123324397,-34.96782841823056,706.7064343163539,-447.33109919571046,-53.38672922252011,841.2171581769437,-108.28418230563003,-799.7707774798928,-572.3907506702412,-9.229222520107239,-4.7560321715817695,-2.9128686327077746,-359.61796246648794,503.1199731903485,-351.30898123324397,-238.06836461126005,608.4550938337802,-735.0918230563003,2.5884718498659516,-13.254691689008043,-6.668900804289544,-277.622654155496,755.1467828418231,584.3706434316354,879.1052278820375,262.0884718498659,-158.9819034852547,-1.3150134048257374,4.781501340482574,12.21916890080429,64.2955764075067,278.42225201072387,859.2634048257372,-42.55831099195711,-970.2949061662198,46.43297587131367,-29.97319034852547,1.878686327077748,17.069034852546917,-496.0817694369973,252.45107238605897,-626.7908847184987,-58.992627345844504,-865.2701072386059,476.4289544235925,-59.60522788203753,26.853887399463808,42.020777479892764,500.455764075067,-130.22319034852546,-643.0851206434317,-125.50737265415549,0.5723860589812333,59.765415549597854,-0.9872654155495979,-0.4249329758713137,-10.333109919571045,-847.0067024128687,-68.15080428954424,-453.5348525469169,1.3083109919571045,1.7486595174262736,0.9215817694369973,1.7486595174262736,-1.3083109919571045,0.9215817694369973,-28.65951742627346,-129.0422252010724,-33.6588471849866,147.9926273458445,-0.8297587131367292,-3.1058981233243967,107.92828418230563,-456.43029490616624,393.1769436997319,637.7252010723861,0.39544235924932974,2.760053619302949,1.4202412868632708,2.760053619302949,-0.39544235924932974,1.4202412868632708,11.660857908847184
968.0417801998184,-23.0357250983954,48.64759309718438,7.3284892521949745,226.25764456554649,-938.3748107780806,88.71451054453887,27.068303430909662,917.1803588290841,317.83007723761926,-765.0086324398001,124.26079054975011,115.68351715686275,458.64001225490193,-771.0499387254902,627.1672496025437,444.989507154213,83.37774244833068,787.6486576068943,237.1358965860126,-224.4441498176997,200.71364265927977,-766.3590720221607,100.51696675900277,729.6497123826824,84.79685134726007,302.67998788979713,725.7108689070542,87.51589464123523,529.4910687254012,-248.45642900670322,72.79433272394881,861.6020719073736,-354.057523463518,-867.4956100514684,-225.18710263396912,7.6699969724492885,-44.76808961550106,33.118982742960945,-566.6009688162277,461.1168634574629,-324.56463820769,-153.22736905843172,749.0381471389646,-151.39782016348775,-10.499848622464427,-54.57190432939752,-87.41901301846806,134.04359673024524,176.51952770208902,699.4759309718438,766.8710263396912,329.4511050560097,-117.57099606418407,-25.22010293672419,33.070239176506206,-42.72297910990009,152.4383893430215,-219.5328489252195,828.4389948531638,-61.521344232515894,-837.1447169240084,341.3357553739025,-33.840145322434154,7.394792612776264,62.68422646079322,-396.97456857402364,6.871631849833484,-662.495004541326,-170.65637299424765,-694.4959128065395,588.2412957917045,-59.64153799576143,13.802300938540721,61.383893430214954,283.80684226460795,-306.6318498334847,-552.3841961852861,-111.81095348069944,-21.320686242164303,26.874298911250413,-8.57241834378093,1.8960739030023095,-18.674694820191355,-420.16892114813595,368.2678983833718,-776.4391290003299,-0.6608380072583305,26.272187396898712,20.789508413064993,26.272187396898712,0.6608380072583305,20.789508413064993,-13.62322665786869,-29.70518322878838,-17.858038956751404,118.679432155827,-23.208649719379334,-22.595245955760976,91.12248266754705,-704.0940904588973,232.98745460548037,378.14295146913173,55.68438428524266,13.118851105975569,0.5067679102013866,13.118851105975569,-55.68438428524266,0.5067679102013866,2.647078243644767
1003.8417754569191,81.69921671018277,-21.732637075718017,-82.71801566579634,-3.3013054830287207,-979.0151436031332,480.7138381201044,97.15822454308093,887.4678851174934,229.07692307692307,-954.2019230769231,-118.09615384615384,-524.6208877284595,676.7242819843342,-594.9441253263708,940.1018276762402,355.65483028720627,-8.454830287206267,863.3580181140118,97.62546616941928,-310.529568460309,617.3441253263708,-654.8375979112271,224.21984334203654,964.5869451697127,181.18851174934727,-216.27519582245432,862.4741514360313,400.15770234986945,264.37493472584856,147.5697127937337,432.4302872062663,882.5237597911228,-827.9509138381201,-988.6308093994778,-21.501827676240207,-13.010966057441253,-8.86892950391645,-1.1973890339425588,-773.2929503916449,246.57127937336816,-283.198955613577,-186.13107049608354,763.5660574412533,-620.1639686684073,4.448563968668408,-11.206266318537859,-9.116971279373368,-387.47676240208875,693.8161879895562,722.0929503916449,613.9227154046997,617.7446475195823,-375.10078328981723,-0.003133159268929504,6.2135770234986945,17.07728459530026,236.96083550913838,331.26840731070496,1107.8433420365536,-153.93054830287207,-637.7530026109661,754.2412532637076,-29.876762402088772,0.743603133159269,19.31018276762402,-427.5597911227154,-304.06422976501307,-717.1430809399478,-501.34360313315926,-351.00678851174933,799.1013054830287,-64.59425587467364,32.34203655352481,39.6177545691906,355.94516971279376,-662.2292428198433,-402.822454308094,-79.54255874673629,-4.462140992167102,38.92219321148825,-1.091906005221932,0.3148825065274151,-8.297650130548304,-624.1080939947781,80.36240208877284,-782.8402088772846,1.4610966057441253,2.947780678851175,3.0182767624020888,2.947780678851175,-1.4610966057441253,3.0182767624020888,-23.143603133159267,-50.79686684073107,-2.3509138381201042,118.17023498694518,0.7190600522193211,-1.7947780678851175,59.056919060052216,-784.1352480417754,55.331592689295036,477.69817232375976,1.9968668407310706,3.0861618798955615,-5.8172323759791125,3.0861618798955615,-1.9968668407310706,-5.8172323759791125,-37.31906005221932
22.057982433445222,72.29173731977967,54.70052886005927,61.670221056420225,44.45504177553479,14.834417304248925,52.65996342475398,74.01904625989117,44.962388793313806,11.852702532431843,8.904121123449018,86.50710418416004,242.09303221625245,12.397641292072509,163.4617742890689,140.27311997312768,153.47025728265828,327.8075520675738,48.01403457025566,47.83322172498167,63.32330107242658,229.74399486898974,41.75110478148797,138.51397112892207,121.7636223504926,85.6984039354234,135.73805690884544,79.52899879381435,178.49778282373546,103.76306985305669,144.43250691609452,188.30705451661237,58.67168508020042,19.86310944044177,6.629243962162408,93.267796440475,19.66982876884925,19.594074522971237,17.13192403358543,159.59248846370426,21.24406673539894,139.017684702568,124.2021817565536,8.00748548475921,156.65826531287962,15.612187660478066,14.07289690190944,13.580042615388434,66.25062104336627,232.86379788223687,18.234807478486754,28.256777142391783,95.0925829975683,54.49618365869377,18.23982855164895,20.57097141429788,21.074733580684203,89.25409103145714,59.78646927471013,35.18742515353326,43.27771461617463,15.2977596886397,11.56332855403501,21.089218772529684,16.75041713097447,19.549219546188624,35.2232381520559,3.2938729039134436,21.972193277509234,161.91567121856812,169.22474397263798,7.622354711958772,27.117363535337393,17.818027996536326,23.554682859949025,76.38099280153172,200.15226797296418,59.94729856487062,7.795651294259767,0.979128625513954,8.280765789062874,5.753000991689738,7.5556301077694235,4.683684063825235,106.85368391868276,72.3220496656008,103.06623671034136,18.038696867658643,16.93055600226789,18.409340697247938,16.93055600226789,18.038696867658643,18.409340697247938,2.8255818067980534,90.17071173898084,20.48186929912792,6.631476946562286,8.637027143957726,9.40033232883459,37.59868771868692,16.12040279022443,277.24470716873543,119.93053368794155,26.313245490661025,24.32143068920651,25.630962525189705,24.32143068920651,26.313245490661025,25.630962525189705,16.07849213678029
15.013375126780797,16.908163858914165,21.438354963632055,12.754943914545677,10.633999246098034,12.8138410558379,49.12550228619297,10.65637798353939,13.633835983184825,29.81176138384165,18.317109222971617,12.662370006357772,18.351369451207763,10.262471819163727,12.183344235041815,32.55213627163531,24.807277915861537,73.39859525222074,66.68952216432747,20.92221015548094,74.60780508831637,20.392511266615934,20.982421182766846,29.088369924780714,11.55440093655435,9.093546465593294,13.061991347544415,22.183875532457577,14.785948823138536,32.078165593908395,20.71747660790617,15.885884324509957,13.158563326073796,22.73238463435721,16.599807229531706,46.51835403002161,30.352111524839525,33.265139377963564,15.93148123886664,20.30404091365342,21.017098113308336,5.816218957076,2.92224599813208,6.17534054773033,5.832996988862681,15.78716547385164,13.666462684504982,15.221927960399004,0.9834183278163161,2.2030177525405064,1.168198677924481,16.354736001553423,6.632764994762875,15.652414808470445,16.430554237280276,21.517887808373107,23.406837208421084,21.90038160542594,2.7028618877449024,10.657673333175097,8.145816731117195,22.569507170359856,41.250824828123605,31.386179242806147,16.365349030223673,14.46762591252799,6.978462078615125,32.29983340353675,2.098753260902017,14.194702836793988,18.66709993638386,17.386319381107214,30.864339910781286,16.19611871790052,23.29172255381889,3.46073046017395,15.987887966275993,7.489969795000001,0.37270686252009977,0.14315200750562523,0.14315200750578283,6.975815787169034,4.915288985442339,5.6397385306795895,8.004997868397036,6.360244458787754,5.36062324657311,18.01305333610365,19.270761009054077,20.36226571746631,19.270761009054077,18.01305333610365,20.36226571746631,0.23977664505754176,0.0,0.0,0.0,12.754270700771926,4.617431064232451,6.901940087479755,8.14071759753321,5.521668773183549,6.489019606199018,23.58504021318053,21.26803878068591,20.544833897919887,21.26803878068591,23.58504021318053,20.544833897919887,0.7075588243031316
38.67825553616603,72.67148433197808,98.88222685160406,39.629286279820256,32.723397438218846,14.04261404430627,204.15030271359151,20.23947770659818,15.89420434030368,228.2439621531342,134.40793695000724,86.71131669296209,331.4704377305587,133.04838631990853,134.67838379194313,169.91242951673985,96.55294655264848,328.2589740189369,85.31243617860095,95.27367585873131,158.6159494818611,311.0214957206588,102.89421696792846,86.64710131819515,62.783170388375844,149.5392639858041,183.5666465952869,105.8141275427061,109.28043551045559,118.97031799939126,247.7977860026567,126.78622580475884,91.1194322456175,21.195387972293663,77.47270394405923,139.54383187488247,25.89000109836464,16.64130590368589,16.503087387153233,187.88162904231345,67.55637795014678,47.546274961105404,91.89930127037782,126.39350684387101,108.62047100102139,15.410182461112756,14.720631555717292,14.467624695071777,83.17663021391377,127.9359666883135,164.5449348036541,176.4327998131711,186.06546074406705,262.8365524951989,19.072489479074243,35.10872992757541,21.207279727970466,352.7778475074954,109.30588262615262,75.48567309313054,24.20261454056971,79.19076900052093,225.3865987849823,28.88387591958743,18.161453461506714,20.39528702101236,69.81946646029255,188.47859481403867,49.62868669712279,121.1254924536257,95.26566386404562,130.79962883561177,28.241063462173788,19.531091783261868,29.44494750433904,83.02442038279278,150.7085271175844,75.5777043589081,13.102365351365856,15.549129906488222,8.979740796007812,5.363935387909794,7.61183520622802,5.902598887076132,82.762368338486,278.5294369773762,94.38186483768905,18.08472082708202,16.821721675663607,19.815578711442306,16.821721675663607,18.08472082708202,19.815578711442306,13.389612149578046,24.776456499160975,3.0448638700872985,13.85526698188712,9.039252605614015,16.989310327085576,9.4381862894455,91.29280782741274,34.182149934633536,131.54473379894202,24.74802174221096,22.878211061591905,21.359958476052412,22.878211061591905,24.74802174221096,21.359958476052412,1.7649227884754994
197.8611911144337,162.93017773825392,315.69542696083994,129.19745122070526,192.6324300384179,127.23513954163094,366.7046621099619,215.78941404708544,144.69954284566768,348.9548033048034,281.4389202554225,307.1286481310874,392.7726504106162,345.706599623304,284.40741004435165,323.7976005791439,245.72410950940667,511.79243940406286,230.8225141017827,274.0334837684254,278.7982088530993,445.26390838036536,301.48048080367636,336.4517232756076,321.29530378480354,347.0670547412296,443.47874533198933,168.8860633278359,322.8357388344512,231.79793115187493,277.271722554646,329.27156410838705,161.02674627566225,310.439348437518,132.66480634982184,290.08261128869674,368.2995179432522,321.4020600093742,179.3340972183785,189.84505945934032,132.80614027074046,143.38374042017975,287.0383367027472,273.8725543251024,496.3136565608143,256.72134878825267,275.3312275781401,367.51041142991164,425.641022872478,501.81655732435206,444.2180444994411,254.981527494013,289.14482079667147,395.4779208983184,354.5819255256799,424.1753340579472,463.1389281036312,371.77153340505055,454.680629585224,426.9974458159348,206.60791778503867,178.29551757833175,348.66811333240963,494.1344486068943,346.5182707005,380.93950757795744,200.10743015944016,280.3712924874648,130.45504581529985,311.23626364223816,221.97423040230635,196.46784104346548,490.15048047851724,638.6198042354733,535.9624708940765,314.60244338693354,258.26678294320874,293.2492471834577,47.61925684590133,14.90197112986463,16.42702743423606,176.30175513239664,198.20888093859597,230.68092292389653,316.64196682151606,317.5928431425222,211.88701182929395,641.8632760403094,630.284419648738,610.6432105543801,630.284419648738,641.8632760403094,610.6432105543801,8.809568096523753,109.11994498653777,14.85743519916183,20.374966902934503,196.59334149424703,183.40487455107538,223.62640868231267,257.7069189436065,285.9076380889362,328.8529718799443,857.7613054673157,558.9758472052126,669.9193604519438,558.9758472052126,857.7613054673157,669.9193604519438,62.95283436749878
31.68901805333552,25.242633952781553,116.95646447342129,42.18081772239796,121.31647936055111,18.4023100753833,18.650909296916062,33.47259096415185,16.819727292489436,10.231013490489227,8.931649634752567,10.560522963265376,105.80043408169975,132.7165654327888,148.91359100815313,19.333096559324,54.333430339579664,53.47214258678284,57.60783626800713,42.822971379634225,149.9894267932256,304.51440198177943,138.80039209919963,197.89808028565787,13.50471634069473,14.584115320281883,66.46464153675221,30.34573911081935,63.556096606271176,39.351368424746326,17.739279856098353,96.77882939945036,37.42129091933881,304.80419857700053,4.319767099976372,50.80648815930989,26.163967039017717,22.15177650559796,19.052413365221575,55.93524513481325,28.806247692941422,88.9105405474193,17.485089950813165,10.419076471109898,8.918723739655269,15.903373385286073,14.683628540950613,14.151143350121382,98.72540291503019,10.850540105023263,50.60105532305466,154.07775751705285,240.4675110981726,146.66912618251914,30.05944981355355,31.772158173530805,34.07675093021983,149.49003884901506,96.04178285323064,39.149680631229316,26.69309456102116,47.531126963557575,32.129997677865695,26.376770478215214,18.352878948383932,20.600490902176933,62.919563119540605,50.38801948579218,15.314276396821874,80.07344430804376,38.57777845424288,25.140902269942682,29.65575513012336,26.75713135595662,26.21622767870099,107.22629914448943,29.85125404444788,73.16766803726108,98.85291756498007,3.1217045505468595,3.719628439868,12.506421016299123,8.76123329830314,11.446078652678192,59.173242564544665,51.19052091992712,46.739228017726205,34.160891157729544,30.273421186554025,34.692878225029666,30.273421186554025,34.160891157729544,34.692878225029666,3.1964182163778694,66.61711578543486,4.179000714298361,11.65546192936892,23.90713545268061,27.703142990405514,36.04183679985301,113.00260298542847,69.67230521687348,156.0061715810323,100.7230391056987,85.16980022932019,97.23326730771275,85.16980022932019,100.7230391056987,97.23326730771275,27.427972114038077
Stand
Sit
Lie
