3
Walk
5
0.0
0.9362449943594555
0.6799098138140116
0.7785488978778946
0.9981443603139749
0.9362449943594555
0.0
2.21315066506806
11.588118331661468
5.107153475933369
0.6799098138140116
2.21315066506806
0.0
2.665303911337595
7.483835372307701
0.7785488978778946
11.588118331661468
2.665303911337595
0.0
4.64332955477737
0.9981443603139749
5.107153475933369
7.483835372307701
4.64332955477737
0.0
7220.20528810807
29845.76022109663
0
4935.096713851303
-7.0531684640887E-11
29456
0.6799098138140116
24910.663507245325
8716.551319365317
2.304982652931692E-10
5259
22060.044241201726
7407.852452075395
-6.056580163673156E-11
5187
18471.218420747115
6860.694185839742
-6.177512943558963E-11
5950
15303.79747995602
5708.914178016442
-7.0531684640887E-11
7153
15844.899775678974
5533.789260608541
-6.733698663022963E-11
5907
110
288.15253792562896,243.32695817025123,403.720812068042,165.48735041375988,177.25591691984332,185.58690979256178,163.34267223349934,184.5172572743092,230.80506053473187,300.32123931575484,316.28813606185366,217.472700575861,314.8177163934248,412.5283280880312,318.1225870503966,203.1812622903755,256.0699107750002,169.98298488305574,272.02966612781876,211.77258439819659,311.7436028311376,317.35068560120635,435.75673620564464,232.38838487539934,205.94651351150327,189.65889606285154,246.16642066712652,256.7626693735709,314.11417036196235,217.96764054373068,292.4463045938681,371.17271216457124,233.47116446900245,167.9583391082583,169.2136143903931,173.44544842280422,874.3967701473857,370.8082268766364,374.92146905500573,200.33086859180457,359.77668075673296,404.56381332828016,173.74397274221326,222.541947848925,169.98023064892453,1038.9012218957173,439.56753969273547,593.3959637689707,236.15718127451078,444.6274873474131,358.7045884790016,377.8509401184649,282.69535057511075,221.92549728083114,1012.6096168298375,763.789074952648,1015.9488345557024,425.0993397041479,405.41699679194846,376.97097765386974,178.2338620475344,217.64356206682817,187.6826426599361,1056.9569138689135,550.683213467133,727.3029330413624,239.47535794743047,399.8160845558509,387.2254116802949,345.2132869666523,240.18599840716067,287.4101762865768,1172.7053069773417,1013.2052883163799,1178.0374719268934,366.8877024739904,412.58012339900705,404.44471253204415,111.7799212380507,16.523681064024117,153.73698897193208,646.7202497828603,630.566139131952,633.9772054205816,498.8504477434941,624.133460670399,563.6202570560517,2356.238888324089,1298.3974051949426,1488.6517238258377,1298.3973687981963,2356.238888324089,1488.6517238258377,116.10793379038077,98.11780950937528,17.859420081788784,98.47538054793974,664.3646566079308,648.7578889125776,635.0025053808189,520.315334227287,627.860261441896,605.6846955923776,2558.1673216693503,1426.9596400822847,1242.2153709965428,1426.9596383984244,2558.1672170254947,1242.2153709965428,58.278025858659284
206.91641084472184,1014.9116206905928,159.89615763985407,-61.73570144309505,982.723320813835,232.23894952354507,428.88732007902416,870.6756359567034,190.56835266562962,414.0466451495228,838.3668956357968,90.54132224322655,381.88371412850285,899.759834108063,154.79012409821658,178.73163362303097,730.69520640956,-617.6509030418251,-136.69549813999714,958.5493748901602,-83.43207810616445,-191.18023629878925,499.4434680949007,701.5586738494017,105.92938620315046,1045.5904739272135,233.59488728951658,-59.03555574420917,856.2833994811444,418.5765510439896,-430.85978073262146,771.8490553073848,337.5063021041358,-924.4412343834872,-161.39594649646932,283.63080526887563,-189.68179657794676,-74.33765616512765,33.03642721347094,470.93390141227593,37.61539244975557,-96.9736556219446,-944.5902023356871,161.50115426398696,186.5189774579033,-170.64241580662684,6.467341118957089,105.10901004888647,460.6250678978816,-143.40246469310156,-165.19405214557307,-660.4917504073873,416.9599402498642,464.0282794676806,-107.82658881042912,61.246842748506246,140.71421781640413,295.6709668658338,-175.2954576317219,-350.6015073329712,-918.95291281912,-170.23051330798478,295.5687805540467,-186.82146252036935,-43.869839760999454,80.74304046713742,445.81912004345463,116.82635116784357,-111.92850353068984,-842.8012629005975,-389.8335483432917,-129.21472705051602,-208.21740901683867,-68.2856803367735,2.733466865833786,393.6298546985334,185.63009234111897,76.16485605649103,6.218665127648017,-39.359994568169476,-63.65799837045084,1.4122080391091798,-7.537683324280282,29.46700162954915,92.04070478001087,804.8789720260728,740.6365086909288,-26.933222433460013,65.46788430200978,154.66271727322106,65.46791825095058,26.933222433460013,154.66271727322106,14.452369636067354,12.812669744703966,-37.00088267246062,-122.22932509505704,-41.75675583921782,-32.00346279196089,108.64031097229767,305.8305608365019,634.5259709397067,731.852050516024,24.254786800651882,147.2744771863118,126.87805540467137,147.27451113525257,-24.254786800651758,126.87805540467137,-30.25709532862575
221.50248433786996,1016.9241736876215,176.86757399006265,-40.049139579349905,997.5462715105162,240.84646271510516,437.5385852090032,884.3776125401929,260.71804662379424,437.47283126787414,914.4859866539562,76.7998093422307,443.6775464265616,891.5512099043332,163.53151378728194,201.92298916143753,807.4388667046967,-661.7834189009318,-118.81666290358997,962.5540754120569,-63.00022578460149,-173.20701486847122,502.27697293175754,723.2304613038506,132.0969766115231,1124.5464917284655,228.979083475946,-69.48654754569726,834.6853563360033,452.5988909426987,-477.0139021138831,747.1135021900591,363.96610169491527,-949.5774862141092,-164.81403308613804,234.34664384864044,-130.0076060087469,-27.823540597071688,-4.4040692146795966,461.811180832858,61.097356911960446,-106.32154401977563,-953.1578246814984,176.87697280851873,174.73093744057806,-117.82810420231984,-1.1810230081764594,115.57444381061038,474.9440958357102,-106.80984978132724,-145.98783038600493,-649.5272865563795,434.81384293591935,451.42403498764025,-56.75489636813082,54.121886290169236,144.66058185966915,317.0752994865944,-190.38771629587373,-321.8708880015212,-915.7153451226469,-211.1199847879825,266.99980984978134,-197.39151930024718,-73.06217912150599,122.75280471572542,422.74462825632247,125.52709640616087,-133.79026430880396,-775.2648792546112,-407.7046967104012,-152.95968815364137,-182.65982125879444,-76.7180072257083,81.88648031945236,356.7092603156494,192.54325917474804,61.551245483932306,4.39323065221525,-43.3761171325347,-65.1688533941814,-27.52595550484883,10.783989351587755,-176.07910249096787,148.00228180262408,891.258033846739,937.8490207263739,2448.6094314508464,269.1836851112379,-698.0482981555429,269.1836851112379,-2448.6094314508464,-698.0482981555429,10.181973759269823,6.843506370032325,-34.813842935919375,-98.0886100019015,-49.93211637193383,-40.68682258984598,43.9051150408823,385.00361285415477,953.8642327438677,674.3143183114661,2215.739874500856,-368.4651074348736,-132.23749762312227,-368.46529758509223,-2215.740064651074,-132.23749762312227,-27.70773911389998
226.91588987643615,999.5716453500976,197.65922393236505,-64.59980601357906,979.8337536372454,266.3447138700291,369.23720552396423,919.4983753046304,201.59951259138913,380.38354577056776,862.4971031286211,148.55504055619932,333.5515620680122,977.2974841028476,193.98202930605476,97.7158280316175,800.2128397917871,-595.051667630615,-148.7914110429448,964.1788229947739,-103.22699386503068,-222.33901258470473,523.5500484027106,693.8296224588577,46.14150761519183,1041.9188355504145,256.98033545401967,-77.96284700480066,912.7025673137132,400.62763514923813,-438.97605715389074,829.8084572311257,305.6964664993242,-944.8810487757856,-137.69230769230768,249.80335454019664,-247.6406400616927,-57.26951995373048,101.30807788702525,460.992673992674,50.62521688837478,-143.85926354347407,-938.3639868903027,142.35376903797956,194.4229805282437,-213.02159244264507,-9.51166377482167,86.87140929246192,478.35106998264894,-72.62386736070947,-161.9415847310584,-693.3437439753229,379.3196452670137,452.258338153075,-148.11933680354733,115.9350298823983,94.81048775785618,363.051667630615,-152.71968382494697,-309.18102949681895,-943.0817428185849,-162.5889724310777,273.41565452091766,-184.80759591285906,55.42529400424137,-1.9695392326971275,452.8249469828417,70.40331598226335,-162.44341623288992,-901.1336032388664,-375.3674571042992,-122.31019857335647,-199.27549643339117,63.289762868710234,-213.50915750915752,442.6568343936765,116.39136302294197,40.038365143628305,8.162907268170427,-36.526315789473685,-42.989974937343355,26.092346250240986,-58.66184692500482,257.638326585695,16.963562753036438,1164.368999421631,496.7902448428764,-598.1951031424716,211.15905147484094,509.2332754964334,211.15905147484094,598.1951031424716,509.2332754964334,2.9016772700983227,4.056872951609794,-31.235396182764603,-102.95430884904569,-30.7424330055909,-50.23944476576055,107.31848852901484,280.649315596684,393.85270869481394,795.155002891845,465.2240215924426,47.47734721418932,-93.2834008097166,47.47734721418932,-465.2240215924426,-93.2834008097166,-37.523231154810105
193.72637648809524,1042.9347098214287,140.08854166666666,-35.60410359905819,989.832492431887,247.4988227379751,458.81633742658835,853.7398113543335,192.41857981847303,269.98252100840335,961.5099159663865,14.440336134453782,318.18266475644697,1031.1704871060172,85.37965616045845,252.52504201680674,767.7751260504201,-557.7357983193277,-136.4610452690888,953.246357101224,-80.6044297649116,-197.60895170789163,655.8007740198553,634.3405687363285,136.61495798319328,1078.2694117647059,136.48605042016806,38.75391105642468,937.7431886095975,358.16470381437864,-310.5835155592935,879.9160639192598,393.10513036164843,-943.3334453781513,-173.53042016806722,258.58201680672266,-115.2709243697479,-26.569747899159665,-50.63159663865546,473.513781512605,62.83529411764706,-122.34789915966387,-987.7374789915966,118.58689075630252,149.45394957983194,-159.01310924369747,47.54302521008403,95.56134453781513,510.42789915966387,-72.05949579831933,-136.34420168067226,-858.1731092436975,317.20436974789914,441.8312605042017,-104.93579831932773,34.68857142857143,171.2872268907563,448.2304201680672,-122.06621848739496,-338.31176470588235,-935.8902521008404,-158.63142857142856,297.72991596638656,-187.49915966386556,-133.12319327731092,156.2621848739496,459.18689075630255,103.79915966386555,-146.97344537815127,-964.732268907563,-335.08100840336135,-26.399327731092438,-225.95025210084034,-159.89159663865547,256.390756302521,467.37008403361347,166.2658823529412,23.93798319327731,8.880336134453781,-36.28,-98.89478991596638,0.2557983193277311,-12.211932773109243,25.462184873949578,81.97394957983194,613.4581512605042,761.721512605042,151.81193277310925,-50.205882352941174,-12.9890756302521,-50.205882352941174,-151.81193277310925,-12.9890756302521,19.93495798319328,15.91109243697479,-47.72016806722689,-100.41579831932773,-66.45764705882353,-42.602521008403365,168.4090756302521,278.8563025210084,908.5379831932773,726.3151260504202,-1774.2110924369747,470.1668907563025,344.42957983193276,470.16705882352943,1774.2112605042016,344.42957983193276,-18.21781512605042
204.12667517549457,995.7294192724952,127.69160816847479,-71.74522563304569,965.3006082897157,272.55821191116144,376.16349531615924,902.5775761124122,204.88817330210773,394.6178281556115,793.9538203190596,157.97956898964455,403.4089437474707,838.6580331849453,191.42250101173613,52.259052145952744,761.3490843002936,-590.1388228715224,-137.66388206388206,953.8648648648649,-87.24209664209664,-222.44998599047352,477.37251330905013,690.1463995516951,33.52090032154341,998.3039284216412,260.1512652034111,-118.41687979539643,828.3752068602377,438.76681209568227,-491.027287993283,731.9265323257766,294.0011195074167,-933.0946456032434,-139.04389766531526,286.5538934712708,-172.3025304068223,-1.6595833915839509,134.27638752970782,487.3788620159374,-4.878232909268839,-47.9510694813365,-937.1495875856284,140.1658045575283,201.89850412414373,-171.48762756885222,-63.74360408220327,89.11799245071998,444.3626450440375,-187.34698727806514,-201.28100097861036,-650.7324199636516,405.7940724171676,456.7661121207885,-149.14735076191806,74.44722494058438,72.02432545784986,264.2673004333846,-169.65329232489864,-405.7921151964211,-922.9889556829303,-183.33063050468334,282.13015517964493,-187.06668530686426,77.9998601985181,-11.884384174472249,451.0532643646023,138.77338179784707,-56.87068362924647,-815.4603662798826,-417.4321263805396,-151.23207045994687,-217.53068642527612,5.335942960995387,-159.05424297497552,361.8341954424717,202.60156577659723,106.12847756186216,0.8009226897805116,-43.55654969942682,-18.21529428211939,6.751432965189431,12.46288270655669,21.652173913043477,115.85390745141899,796.2433943799804,742.0219488326576,-1615.6517545085978,-34.88983643226618,799.5158674681952,-34.889696630784286,1615.6517545085978,799.5158674681952,24.27988256675521,13.948273451698588,-29.775059415629805,-164.49671466517546,-37.92352858940305,-8.389067524115756,86.24493219628128,264.36040822032714,394.6572067663917,798.630085278904,37.0064308681672,42.35020271214875,-11.802180903117574,42.35020271214875,-37.0064308681672,-11.802180903117574,-29.972179505102755
193.0329209896249,1021.5913806863527,170.5758180367119,-92.72916666666667,986.0006830601093,130.4320355191257,507.26280783749775,794.0328959194679,99.22344058960992,591.3901444350042,679.1510620220901,46.82446898895497,407.4087496764173,780.6044524980585,138.14910691172665,308.0448620281023,526.8564415100728,-691.871000507872,-141.0549764970366,961.0549764970366,-82.47496423462088,-135.47974919505168,344.98356210811727,770.5782070835452,191.9058743863213,1002.8642288809887,282.8269849331302,-59.705115736238085,777.712118264929,440.4501069830772,-430.9345984412064,682.4662826160624,338.56014910199934,-854.6055527340444,-194.01134247502964,378.9041814796005,-287.91315388522094,-266.86101235821906,-31.898425596749618,465.27289656339934,31.338919925512105,-81.28474691044524,-907.9785000846454,233.68799729134923,208.78449297443711,-191.13983409514137,70.95429151853733,140.78754020653463,401.83883528017606,-256.7805992889792,-170.51024208566108,-454.1032673099712,548.1198577958354,516.7377687489419,-70.78923311325546,30.334687658710006,229.89283900457085,101.80480785508719,-242.1318774335534,-358.0990350431691,-878.6995090570509,-136.356864736753,354.55307262569835,-178.1997629930591,-162.74538682918572,152.06957846622652,440.4071440663619,136.39021499915356,-79.47875402065347,-761.9961063145421,-408.35669544608095,-191.03978330793973,-209.68359573387505,-173.1945149822245,62.55933638056543,347.6746233282546,239.22837311664128,137.22143219908583,10.016082613847978,-36.29338073472152,-99.99661418655832,0.20331809717284577,1.532080582359912,25.602166920602674,89.44794311833418,615.5750804130693,756.266124936516,14.51362789910276,-5.790587438632131,-9.524970374132385,-5.790587438632131,-14.51362789910276,-9.524970374132385,10.974098527171153,21.31945149822245,-41.96343321482986,-131.43660064330456,-23.911122397155918,-26.178770949720672,134.35026240054174,334.84306754697815,576.016082613848,652.2041645505333,-517.9270357203318,495.8838665989504,499.6923988488234,495.8840358896225,517.9270357203318,499.6923988488234,-38.618249534450655
297.53170165173424,249.63728068312122,421.04132439729494,169.04207538184974,191.4446194650204,168.6459011964235,140.13235566366254,204.57962952672935,210.48924460493086,319.3731899130716,335.48560220493465,184.70935061025523,317.13968918533874,500.2089997133775,328.19432341765645,190.94764766312542,221.44752664025538,172.75411562234794,295.3113942718492,211.08039408837735,311.6075763150374,295.3933730455838,466.33238994721955,222.61956604558972,200.0209852731082,201.13065881113772,215.2582832524297,282.08055166411077,384.8409114281577,233.83380263408492,300.16371024751066,451.7187081639138,237.48694278537332,146.30315055649143,149.28102455246503,143.7070084343761,866.6578200441609,303.93180873372074,378.47537793960515,192.09344371629177,364.6798958360854,407.11220507581584,164.25522924941157,195.20844473645562,144.71737272400875,1017.5015385091214,391.7908167118479,558.8384035470814,207.5946284863224,443.59580228237616,362.7721227062107,378.2684802370005,278.67315176372506,194.81867314370328,875.0064820779755,779.8170556822896,1008.6437230127947,398.328266375994,400.7917218069922,373.5727599117342,186.31951010632946,209.6613234198219,174.9154254143722,1016.9016235199026,544.2323254037243,731.9212872694084,237.715134904043,415.4460793229286,374.8494242288749,400.0893880778283,234.51392329555492,297.96163076305254,1069.6923263066553,1084.8259117510636,1222.682817807204,348.7994424554753,420.6872799888484,400.42470106234884,110.48180971311099,20.00805296371893,148.7300827533584,735.4057748685277,728.7083698481737,755.7685159203196,639.7517375159986,771.7199170936069,571.2274799065527,2684.278110847228,1444.3880436262943,1252.9338572385748,1444.3880436262943,2684.278110847228,1252.9338572385748,119.68433571325102,98.78182540903768,21.57986375382735,124.46270734915217,1129.5010576231623,1117.6614560389482,1118.99209760488,1019.2467656887302,968.3401342736685,1096.2901843932916,3162.5151225520717,2204.568185825561,1632.6950034235297,2204.5680803213017,3162.5148990659427,1632.6950034235297,56.48696701848596
329.3157718250002,308.4608081402652,497.6322759949225,167.96010449375578,197.2098560021733,171.88268623570116,150.704437667889,162.45330520969154,187.0050744633463,286.4423914700471,270.4870732596462,184.23960053773754,291.5009262390956,335.99128033482623,270.57894738444236,187.50221756267695,219.50717643426918,166.63686103057051,277.79397226400187,237.27990101177932,338.08095461171075,289.9389701096732,391.05961544700176,217.81827326475852,190.90387441324327,182.26515185929534,220.03809314801842,238.61682117126685,256.5082169786011,200.88156737980168,267.7276288371722,310.89206986008423,228.03996351621024,140.39453224112316,159.6448906640374,150.34645387874184,928.0053837755702,324.415258833668,380.6206704992859,197.60121509890513,365.01816051415193,419.1405424250383,160.4475643349935,204.39025129231334,162.32348090432404,1095.4425089052156,420.5371792105991,567.2853787732579,230.2125795812368,454.162931777885,363.1986877611135,339.19964500528414,268.75528677681365,200.54921304854727,1037.097850740847,765.0787256494551,1004.5094662473122,404.41135325834875,409.2413664717655,378.3705323361223,153.2860535706131,185.86588914699755,156.01655617894681,1159.066347336553,543.9161283561716,760.1407035284079,224.58674353261875,408.4187473300473,385.9327190850332,266.11823979152706,217.01101911965654,261.5538205775532,1237.1262983538081,959.5746156589635,1169.0667026842038,322.4897667608819,428.8864022041002,405.5434512043787,108.65749262033103,24.243832863469162,153.4971226314398,1174.048096727577,1145.4677283936314,1144.6263133123448,860.3327193530791,1019.0331132365435,1085.6963736919001,2935.5709468100786,2183.426782561241,2156.7701908946597,2183.426782561241,2935.5709468100786,2156.7701908946597,116.45124462512703,96.1271315441812,11.392529920900808,129.29555359547294,192.76450861860573,216.86758113138364,88.60659558264415,118.8242577249508,86.33670652423655,70.10665856080526,716.4047112587352,259.25771406092423,256.48606004509594,259.25771406092423,716.4047112587352,256.48606004509594,54.231719824673554
275.45761958241764,244.55696633486252,386.278893307321,147.98155504130492,178.92729289213923,154.574891955881,139.33601920470855,153.69058044776037,180.09672428927496,188.66218602946248,157.6558566098165,117.83402597215918,234.97920435123683,225.26272126696338,191.2384001965756,127.28145635722217,148.95356914853375,139.24274023630596,278.02174508184663,214.0776079710094,312.1679296279252,237.42966617995316,337.30670745886704,189.89560042046898,137.89114622734238,142.90156451624426,154.6195947670536,163.28775276530473,179.59805773314665,137.69767447436436,183.24994275103572,185.68234495895803,156.72136426928517,140.10535648880386,145.0544498098566,135.35337753023208,874.2107220212275,274.7048369536395,371.5188283000575,195.30358521207745,380.5510325160159,419.1499269499938,148.95446338984274,159.2747897865077,133.41812034530457,1019.3292369441803,319.4065592470244,443.6022137447098,193.11490198085886,443.1026762131469,387.0239774202119,197.15947712785157,180.7643376147541,148.56810059802362,974.3823053781038,549.2419562412266,874.7286897896821,301.5032932718123,426.6217292093446,407.6184501719346,164.18850060468762,171.12918306795302,169.53919182634422,1097.115279284253,534.994260482537,749.0142913447613,221.20015639921456,414.0532416304164,397.609674581266,191.654350063327,187.69643420338576,169.59520155814147,1222.476729728473,957.6151826121902,1247.1380465662469,263.23655992455554,434.8579976571979,416.7619106706846,109.19421920922373,7.1349350876980475,140.94563694306933,105.84156632297534,115.14528067585685,52.0834102738258,79.79410907051671,66.16864545916071,51.08904014488812,273.04257026355054,153.14552443591575,118.56964839810377,153.14552443591575,273.04257026355054,118.56964839810377,118.0087049083534,95.81245510730615,22.72830262981225,100.87686266553003,911.0582091641025,861.712893760358,867.0077008820571,522.9297816986864,831.0764265174575,795.9751094577166,3370.524046909183,1914.9636458379748,1610.2363336664375,1914.9635361422247,3370.523640016213,1610.2363336664375,61.49858205264495
273.000139231485,185.18363144944337,350.4511780887683,158.4382627400337,163.71690414838343,161.0559055445679,159.5656435741791,177.43494868179474,210.4619844499469,292.46776937225155,270.3423335205027,189.92737775198242,341.9691369322452,444.0563929965627,346.46330609273514,162.16733328384072,177.44113674719657,156.67544680146102,246.49162649903695,193.18995921035207,296.41265883122077,295.48710118110165,396.8356647719056,225.5286846846546,186.53514654244088,152.99273336493337,225.66769446177418,254.67051634767833,332.9069169945261,223.52101148616254,294.87003546256386,403.8228478335472,247.198038539283,145.75196176213936,165.1990800462189,159.42416981746908,888.9808562129531,336.44820407846265,356.10939640317696,177.1914880736109,345.7608033443285,397.9622171723652,149.96142398318753,221.15008751403585,177.60622208189315,1043.010863431117,421.1584265687186,589.7813038368349,238.79900240261424,421.41045141891925,338.48495954693476,381.52994798535155,282.61805646020224,219.43021716463446,995.8954794682066,759.130179929198,1019.0500260067639,419.83446337684353,396.8338663379552,352.16141573750207,176.4648258134482,229.487733517178,174.0769600117288,1084.89765012206,528.8683825673443,709.0243283810911,238.75934768185266,393.94012714729996,379.57081235454984,384.7191225735306,250.82889022688227,295.3135052479929,1221.5338636638392,945.4519742665115,1065.8141423003985,396.9531246725884,407.132736612105,394.61422325737914,114.33468945510394,16.277881671701714,163.9312134276169,555.3461305088158,524.2548478260833,461.77159924856846,414.17416556347683,498.2981312224156,371.3194389963588,1987.8420560100155,1361.364509463719,1869.8213022222187,1361.3643768069032,1987.8420560100155,1869.8213022222187,110.39251055365882,102.12577567769486,7.9863301711657995,8.542352153385487,118.29355711863592,123.88150607838725,27.151649886401145,42.359414913622054,26.519808853080104,21.682769804215727,85.65140716440203,97.58363284996413,72.06582278746939,97.58363284996413,85.65140716440203,72.06582278746939,51.7930961920618
268.30296467934295,228.58802148337668,365.5582631831893,178.16493594244002,156.61355726410943,226.84427254852113,177.96299233432333,194.55281938063717,310.621734827606,305.55633312118607,415.43022892294175,319.0618193086221,352.88903870271366,449.36292599096015,398.457404224674,215.79042801638627,356.3882653930324,177.96226808674416,268.08317965223677,207.6003487126986,304.2105328213671,427.44356210469545,513.9022022316732,275.06731723295314,253.34078219763683,232.64291498105914,345.57837167315586,301.1457113848665,349.86460859214804,263.45816805273756,351.2148429571339,403.978648966229,265.18006983347516,229.2867859906315,209.80914611161504,222.8888957122316,799.8167795658158,500.0523885339966,353.1051597174109,236.74074821274672,340.59507631180026,374.0288160122615,225.74848236281605,288.8913210724055,209.38882838557745,1019.242696805345,584.8333984172633,757.6277420499449,282.63807631443996,436.93776347763867,341.04478826219423,430.17809119804076,327.8087334402828,303.93955389502787,1150.3077225325344,920.7670525195298,1145.051015826999,494.71612604402566,384.2055815981441,367.54795791226445,198.95052777161848,265.45757916113433,237.8123486952743,912.9049555604562,558.8919106642398,671.6693052929753,268.9557731178435,365.2267848811014,386.76776333755294,379.41609676626086,284.5520458907987,350.25523073822285,1087.554956409269,1102.8018754743116,1140.6866840046212,446.0239532263738,361.6807144452172,395.23268818953454,114.79138122796851,7.438363630709581,139.60457553282143,89.52200532275475,93.60231446426052,34.161191109694755,64.07734640892068,51.350659082970225,40.300164091530036,110.96903285810541,99.81779366957358,72.88428529399015,99.81779366957358,110.96903285810541,72.88428529399015,116.17211170911928,95.66890198569828,15.083996120822139,77.34003077405791,422.7760453807569,421.85298779896436,350.2830659090303,354.2706127207334,371.0699970095796,313.5387728854785,1957.320490828867,1256.378295333124,1527.9221152252815,1256.3784590242435,1957.320490828867,1527.9221152252815,64.72261288877364
Stand
5
0.0
18.007506974507418
11.119557758173789
78.73147855169653
152.99647794945483
18.007506974507418
0.0
67.13092064328802
74.17618724359345
35.15953454587384
11.119557758173789
67.13092064328802
0.0
30.15914906299174
19.105455479374424
78.73147855169653
74.17618724359345
30.15914906299174
0.0
136.12943046100185
152.99647794945483
35.15953454587384
19.105455479374424
136.12943046100185
0.0
4179.021728721389
182990.1129253248
1
1694.194977402057
-6.168438670262574E-13
50952
11.119557758173789
6178.76201636577
2249.116507958526
-4.906598782435567E-13
9344
23231.951599016276
5413.633027493022
-4.09335401598561E-13
7904
11257.285059104841
2868.9299467960846
-5.176068201484525E-13
9981
182477.26604850957
5496.963227090909
8.944220803592152E-10
11895
13074.694159627137
3808.3646434351976
-6.168438670262574E-13
11828
110
196.4762327674718,967.7084978410038,288.9058394571747,210.87214143166418,114.9371346092397,295.33816705104095,173.42597708908292,203.2802390327536,312.3866569827085,299.4193986126548,391.21939275817886,304.18074124132755,331.36588889986587,376.46987197675014,407.57500958322953,222.3477842203425,448.0011274956927,178.014977132504,213.4368953161544,164.56538532210268,266.10522923511496,357.71263175284037,480.25043632976286,249.0537295819822,229.421227443801,222.49507136836138,345.97415009254405,247.2651985641052,283.86682687558994,247.41693028562102,297.25333065305875,334.39820734928696,269.44720276536725,341.6002844334846,194.5637923236593,292.67811051571715,603.1613133202876,427.32856139777397,308.6134710398764,324.2403392009139,345.8613590124108,429.44271590885165,226.72476400905327,347.07282828788067,216.86844502823106,879.8638516527152,527.4517910039768,714.4661002208662,381.4039033484949,477.1569115196967,363.1909847045326,474.0121342398903,344.4215438285758,305.2430686012037,1066.0583655536711,735.3444406755794,1027.6701261293872,533.4921299541497,472.0752848446403,392.24583604924266,202.57560081468299,269.8604301865036,219.87960560973167,673.1305745064271,446.0433071345114,477.67389482689896,281.35409830881775,397.74141211435233,441.88797158087704,287.186354751836,279.72570423221,294.5890265869425,883.1779358315094,619.1650183486081,625.105802165202,470.44457971132476,386.5290164406371,412.4981996996664,112.19420387161212,8.240305111113067,139.7482776295067,235.73941260759426,230.38024397451912,188.94609671158543,237.19813348249465,210.11472676483447,209.1219996559213,593.6944114098276,756.991338771911,982.6910801990781,756.9913347887722,593.6944467279105,982.6910801990781,109.10667425635329,84.58344222264567,10.246799478125919,46.81649454063421,231.08932420573657,225.55067388519353,202.5044749940146,230.9007445949665,229.8391184863555,237.5914192667882,667.9937044892938,771.0125518240229,807.4902673548346,771.0125308899466,667.9937044892938,807.4902673548346,62.75416780648448
200.31762094676594,983.6986701969506,201.08757150093464,-151.9855873477606,939.047180834752,85.03544338733492,469.2496579859684,806.9958764672151,101.3387283624474,529.9321651283924,695.815413906504,102.39336587090423,458.53902323371705,749.5110177970814,68.85617192400397,201.36652143193595,460.33969225938137,-713.999470089496,-128.0523925565626,952.7202411293769,-42.862243862728214,-158.44451976785012,364.76388750492134,740.1601844440179,157.47390542859003,987.0227417936414,249.0164383201754,-83.21495528808774,805.7024091690987,463.36376334971334,-455.55157641473426,680.445223734708,370.08074692179514,-697.0688294865756,-196.37384204741718,499.5598013816926,-28.25910661014288,-2.686096718480138,6.011363636363637,352.2073323912702,56.64378238341969,-157.48553540587218,-891.3194771549694,163.1733396137541,166.5559153713299,3.4041843303501333,-0.9694025749725231,-32.50029439472445,425.6057662113362,-135.02710394096405,-100.37091772648768,-475.66107316690216,478.1366384047731,500.61310645313233,22.394940336002513,50.94687156539488,5.796239598053069,217.63867954152929,-166.00631967341812,-273.75657481551264,-841.7504710315591,-76.21816611712985,392.96808761187,-52.22006986968127,-6.286838593185744,24.392447794002198,409.7406971267075,76.05220599780185,-133.39246742031716,-786.627629926205,-416.445203328623,-133.58146883341183,-71.40408619877532,8.959785680640604,25.41676479824148,417.27300204113675,226.13962160464752,95.86026063746272,-8.026554404145077,-37.67738263463652,-99.31207803422829,1.5701837023080547,-1.743307426597582,19.992129847699797,82.04449285602135,630.3250706547338,746.2114342910975,-19.84817082744544,12.12753179463024,8.735339142722564,12.127551420945203,19.848151201130477,8.735339142722564,27.63322342596954,22.26903752551421,-32.23467184801382,-151.40322264091694,-8.269135657089025,-7.214221227822264,83.29751530852567,298.9023394567436,468.85560920081645,717.0384872036426,7.590006280420789,18.871310252786937,41.61334196891192,18.8713298791019,-7.590006280420789,41.61334196891192,-47.134793531166586
184.7590869619154,1007.2234214117356,119.3648430715792,-20.90490501234303,972.4968337447676,282.1740903724375,420.89136490250695,873.9246839511463,256.7106278122991,594.8596679164435,477.7051955008034,258.2187466523835,518.8660462024264,741.8726940335715,45.38540801063653,161.24625428082192,760.6634203767123,-606.5590753424658,-83.69987834549879,975.6942822384428,2.359975669099757,-260.39479880136986,171.29323630136986,702.6001712328767,123.58326198630137,871.6651327054794,469.7248501712329,-111.24779346866725,807.7367608120036,521.6596425419241,-467.1811555364991,655.0958302068817,452.8662236038161,-922.1925299657535,-160.92915239726028,277.74711044520546,-25.12392979452055,9.196596746575343,7.088720034246576,489.6617080479452,-90.02932363013699,228.58336900684932,-776.5569349315068,368.0725599315069,224.4439212328767,17.546018835616437,-23.581335616438356,40.8873073630137,122.38869863013699,-418.5055650684931,-197.88441780821918,-203.62221746575344,403.3001926369863,617.5244006849315,-33.31528253424658,5.381100171232877,61.07502140410959,-58.82341609589041,58.73095034246575,-464.88142123287673,-922.4089255136986,-197.20066352739727,300.3119648972603,-43.85434503424658,9.201198630136986,13.932255993150685,396.66138698630135,332.71339897260276,174.9055008561644,-776.3547731164383,-502.236301369863,-90.1285316780822,-64.22592037671232,12.588184931506849,31.91053082191781,125.83047945205479,437.603595890411,187.1967037671233,-50.61815068493151,-37.33336900684932,-131.84032534246575,0.3962970890410959,-0.3806720890410959,20.212756849315067,94.98640839041096,609.189319349315,758.2681934931506,3.272046232876712,-3.8038313356164384,-3.5101669520547945,-3.8038313356164384,-3.272046232876712,-3.5101669520547945,70.29826626712328,60.03167808219178,-27.83347602739726,-161.57919520547946,-0.7435787671232876,0.864619006849315,73.6962756849315,271.8941566780822,402.27857448630135,786.582084760274,4.527932363013699,-0.3176369863013699,-1.27611301369863,-0.3176369863013699,-4.527932363013699,-1.27611301369863,-24.340967465753426
196.3026463963964,962.2912443693693,242.21846846846847,-182.95759356239623,934.974326223017,8.17741729467365,519.3095607235142,766.9001291989664,25.36188630490956,451.48670212765956,840.6714792299898,-27.465932117527863,433.98455824863174,787.2691555903049,58.59831899921814,274.89777327935224,377.89359817813767,-729.6358805668016,-148.93114803173177,940.0857656039515,-67.86813351294717,-79.66242362525458,499.623599796334,732.4266802443992,212.87803643724698,1055.5711032388665,100.6373987854251,-37.11298682067229,826.9031541537095,437.5427217532948,-432.5624446412755,715.5648487915981,353.03808680248005,-629.0664220647774,-211.09121963562754,563.3066801619433,23.964827935222672,33.2171052631579,-38.79086538461539,257.14030870445345,167.56427125506073,-350.54984817813767,-947.6682692307693,39.86108299595141,123.98836032388664,50.875885627530366,8.483552631578947,-55.23481781376518,598.5616143724696,90.8130060728745,-9.53200910931174,-650.1497975708502,494.8491902834008,391.5032894736842,104.55794534412955,52.57515182186235,-57.78631072874494,484.4023279352227,-273.8718370445344,-128.8475455465587,-805.0013917004048,-22.12651821862348,439.55579453441294,-11.040106275303645,-25.398532388663966,-4.136513157894737,385.4581224696356,-52.654225708502025,-347.94838056680163,-809.44116902834,-374.780237854251,-157.84956983805668,-17.043648785425102,-8.40662955465587,30.529225708502025,614.3154099190283,95.69066295546558,-9.957742914979757,4.199266194331984,-36.64612854251012,-110.1987601214575,0.12044534412955465,-5.297064777327935,13.763157894736842,87.88259109311741,602.0350455465586,774.5740131578947,37.622975708502025,1.4502783400809716,-28.602985829959515,1.4504048582995952,-37.622975708502025,-28.602985829959515,-6.248228744939271,-7.529352226720648,-34.30984311740891,-128.1093117408907,-41.1438512145749,-15.866143724696355,94.01012145748987,314.53732287449395,575.797697368421,664.9251012145749,-111.14271255060729,-35.207742914979754,20.878162955465587,-35.20761639676113,111.14271255060729,20.878162955465587,-63.216599190283404
224.3253345128829,967.3398208559106,263.95985845405283,-343.53552353119017,856.0058450065504,-174.63428398669757,513.8021978021978,733.1688782915198,-145.38368235538047,442.8553963322978,857.4870227477703,-48.53843070447941,452.0112079701121,713.7680572851806,39.04343088418431,266.1824466486324,-51.41949704438433,-827.7301873559763,-119.26402714932127,962.0712669683257,-15.863574660633484,-33.89138122663434,542.1006365565323,741.0732545215722,203.43252179140367,1054.9761546939185,10.921450756437231,-71.77452765763715,869.6695879808786,414.3045754609606,-455.70493938483116,721.2727181645125,351.6264903316301,-328.21019937881977,-247.4556657649534,774.229335737902,-31.091674180943794,-83.8966035467388,-15.694619777577397,-60.41629095281034,218.8668470093177,-616.6888087365995,-969.3053802224226,-51.178138463079854,59.688708546237855,-14.865243963530709,25.88598336839996,-25.50626189760545,722.0033062819357,395.49684400360684,121.88848812744214,-683.1670173329326,547.6685702835388,346.44985472397553,8.67798817753732,38.643422502755236,24.582406572487727,734.7544334235047,-342.7144574691915,65.77006311992787,-753.736098587316,106.6757839895802,504.295962328424,-20.74681895601643,-46.99489029155395,40.476705740907725,364.3276224827172,-351.78859833684,-483.79360785492435,-827.5157799819657,-371.6646628594329,-171.59543131950707,-42.78649433924456,-12.63029756537421,59.65534515579601,786.5724877266807,-90.24045686804929,4.408075343151989,18.691513876365093,-37.5708846808937,-114.98837791804428,0.6643622883478609,-0.05911231339545136,19.862538823765153,77.79901813445547,602.692816351067,765.7322913535718,-2.0718364893297263,-1.9467989179440939,-2.4705941288448052,-1.9467989179440939,2.0718364893297263,-2.4705941288448052,-18.653842300370705,-26.8934976455265,-32.98817753732091,-157.43502655044585,-9.376415188858832,-7.775473399458972,82.38392946598537,297.2620979861737,471.5081655144775,703.0141268409978,18.873259192465685,-3.493337340947801,3.3639915840096184,-3.493337340947801,-18.873259192465685,3.3639915840096184,-81.34866245867147
209.02929034794573,971.4272655789267,228.20925889522312,-119.69540720505378,952.2560184394741,170.6702236639918,416.5862642169729,835.5194225721784,180.22878390201225,511.08578431372547,690.752704530088,169.25008451656524,462.8386978785662,687.0696171665447,126.09790295049987,72.13047498949139,612.2742328709542,-700.4638083228247,-156.61482708635327,925.8961482708635,-79.10343756471319,-203.62502120441053,344.44156064461407,736.0924512298558,83.50963075111447,983.5481537555723,290.7828244595845,-132.4731889030487,740.497500245074,477.29624546613076,-503.5837054511753,611.3381919285533,316.04954082062517,-787.1012189995796,-152.10382513661202,451.0374106767549,29.016645649432533,82.68617065994115,56.54518705338378,442.47061790668346,67.11685582177385,-147.578982765868,-888.3585540142917,169.20865910046237,205.92080706179067,42.636569987389656,-92.79596469104666,-72.16258932324506,462.73123160992014,-185.7191256830601,-140.63413198823034,-480.08717948717947,463.7933585540143,512.6912147961328,-4.990416141235813,23.834636401849515,-78.97704918032787,177.02866750735603,-220.17486338797815,-332.62749054224463,-855.1887347625053,-125.87053383774695,353.1455233291299,-43.40521227406473,72.37150063051702,-14.3224043715847,431.315931063472,132.10634720470787,-150.97057587221522,-733.8237915090374,-420.1390500210172,-151.81630937368644,-52.35014712063892,95.37452711223203,-31.687095418242958,412.9306431273644,260.91988230348886,74.50634720470786,-4.265405632618747,-39.8634720470786,-26.483144178226144,4.677679697351828,-4.428247162673392,24.474905422446405,55.749222362337115,713.5514081546869,685.4156368221942,-106.23673812526272,54.404455653635985,67.6423707440101,54.404455653635985,106.23665405632619,67.6423707440101,18.571080285834384,23.757040773434216,-30.344682639764606,-149.6162253047499,-14.575451870533838,-3.803446826397646,77.57225725094578,265.0734762505254,419.10954182429595,764.435981504834,50.030937368642284,19.938545607398066,-25.36595208070618,19.938545607398066,-50.030937368642284,-25.36595208070618,-46.74493484657419
186.27188234092534,1005.5650086814421,157.83239709937698,-105.6757241732889,972.1343245321713,113.65906177903102,489.3662109375,814.5300071022727,158.22620738636363,623.4933151664821,639.9865451758494,126.19833092054841,428.47411647585864,823.2701592832254,61.84395221503235,259.19775109908693,557.2314846127832,-706.068566114305,-127.83010019185674,962.0991259859305,-48.213493924536344,-190.21769290057378,298.2771259741372,778.3203733835745,182.82493841841503,978.4991081287692,332.72487896033294,-51.99339104533185,801.523876012287,461.95234105929444,-413.2930728241563,712.0488877611435,385.97953142180495,-785.3828204261075,-215.955613797768,449.20975650997633,-120.84418329387893,-53.39220493743659,2.595536016232668,564.5636624957727,-49.03153533987149,44.07194792018938,-881.4956036523504,258.5177544808928,199.86202231991885,-63.52849171457558,80.2618363205952,-41.2984443692932,262.1179404802164,-458.69935745688196,-231.10010145417652,-394.41376394994927,481.8389414947582,599.1098241460941,50.61591139668583,123.50329726073723,74.01614812309774,-137.7480554616165,-67.87622590463307,-446.908099425093,-863.3446060196145,-121.19022658099425,381.1381467703754,-121.77054447074738,-50.50355089617856,77.08175515725398,452.92407845789654,263.9595874196821,79.79311802502536,-798.0977341900575,-410.58657423063914,-101.2757862698681,-156.71153195806562,-50.9871491376395,45.40564761582685,208.57245519107204,378.2555799797092,193.0640852215083,-8.877832262428136,-36.5296753466351,-126.35322962461954,1.1055968887385863,0.8339533310787961,19.581501521812648,97.94597565099764,605.5463307406155,762.4011667230301,-4.640260399053094,1.2083192424754818,-6.424332093337842,1.2083192424754818,4.640260399053094,-6.424332093337842,64.74196821102468,52.33868785931688,-35.58970240108218,-155.63755495434563,15.030520798106188,-10.771305377071355,90.25236726411904,345.19513019952655,497.7768008116334,661.092661481231,37.14888400405817,87.9674501183632,188.98698004734527,87.9674501183632,-37.14888400405817,188.98698004734527,-25.915962123774097
120.99475725721348,71.01173724152373,206.4717844314773,102.09954171074477,35.03889631080877,132.0220576414695,92.8385008109832,64.38422152715948,117.57203891983765,232.58596199158896,487.035589663295,292.1121477974944,298.97768298944635,337.8427122474132,310.8653441186498,109.10878614900606,173.4483957157142,140.10639425624262,147.07204682411927,66.02511139056227,146.56695060653325,286.89334005447813,529.196379568698,282.06720206306886,149.06009899967768,293.40166313548474,317.34115103866407,200.89738360535168,200.23337259054657,188.11109501244638,233.33136001943416,287.92479474323994,194.39679294007868,95.83587700026605,90.38449810378245,183.30044148516072,183.40724447888027,100.19532558965925,89.91040020713042,95.13917635195368,282.0459740818987,306.27431987139886,295.12240120552053,325.7784667826951,146.80998261665812,308.44918431658357,210.57598369475915,373.987361472582,399.93074674052997,246.56198391844225,251.8767835105676,530.0704878444583,317.41887846071705,209.26133562220755,599.4494028309551,292.29389245363166,544.0552442430799,344.6846742052462,438.9266675190727,205.04885131639267,49.13036357513938,103.23777602389993,99.6522700970451,217.14695740266765,140.7958190864436,146.82436299643155,149.4179583564137,245.24330829080773,366.96317339188613,235.70339731230357,233.69777979136882,212.5255015223586,321.44283821973335,215.88644867515123,246.135813793145,386.0488907695172,256.30367782565446,353.98254677093763,128.61936221369018,4.36870438814569,111.57624983614431,7.150613681539076,6.931500360460203,5.397136723337609,47.7115576116501,42.29915439327175,32.10558997999984,33.620834803083916,25.540169733665106,22.575208859042394,25.540169733665106,33.620834803083916,22.575208859042394,90.58865593652155,72.54061861436749,5.604703693247008,5.474131272766079,16.797430062930577,12.155155494661383,7.1592490144727945,26.26011284832314,43.87119045432562,39.3587134034349,38.70246558431061,29.659686773890186,26.52933048625383,29.659686773890186,38.70246558431061,26.52933048625383,41.21462306524419
219.58995399766872,226.7683103825335,315.4572364788494,209.16378022919707,142.45729256285787,307.83002043790736,198.15362555840773,237.0482129285093,317.8493304090978,294.7795145602865,286.1637484386719,240.51713307541507,328.3364473149546,342.6296349406178,433.1349026566919,240.96785196679096,463.6633583995144,171.66960049852958,228.07743600712243,174.63881540697886,280.6095713989854,334.67706862086646,407.44244144616323,224.8176894235906,216.89802718798975,149.62611382712566,270.718908497465,275.2717724274645,261.8144072925295,247.61408158903444,319.7624084226273,296.84228430400856,284.54390755156186,360.2091952198659,228.51707109466298,276.81113412234134,845.2732880986448,601.0326957284464,437.06375995619686,337.4997686105555,337.8413332647866,366.95444163697226,152.74926886005034,287.60860080873533,206.5874191532279,1075.8401877058488,540.0656611634752,696.4671855706918,275.46426961719254,449.3041667886944,380.539801853695,369.16583155899747,305.36380855995094,274.4030300340599,1113.406418677429,804.5439752702893,1032.6550841638275,497.7600422625174,437.5087953304629,420.4274433687592,246.19986885682127,276.14880023945636,255.7839745847768,928.4091441522445,615.2573307340709,623.0266547587136,316.6034030287434,384.0910987803881,376.37805590137503,259.87322721454495,278.4714521250496,336.08467276557104,1124.6320272663766,800.2486619344179,746.4180280590242,416.0193444866508,390.8488769004326,422.96918598141434,90.07386086963878,5.083974339239422,132.9318375479207,85.67147475231866,81.4396982929186,60.76223061293683,100.94412158826246,75.58468815296875,65.4667690451387,380.5832242682389,273.222617691312,239.91913263096765,273.222551488472,380.5832242682389,239.91913263096765,115.75535150217542,83.85413695057387,12.08810393061756,85.5273061691479,513.6792951360263,494.5541419953996,480.51857626651537,495.4320051157339,478.97829671134116,463.9404159597609,1445.5208029907642,1768.6770129596446,1790.3251761409986,1768.6769579946758,1445.5208029907642,1790.3251761409986,72.1267909285818
189.65602598207684,120.18401190966581,249.15835109956063,202.85144751496122,142.02677310802676,313.5244605498762,200.09697612448687,274.6921262423066,325.0221971112012,273.1363202183482,207.91942376280252,222.6296991951043,328.4966367466926,331.17961700723356,492.2584376476211,276.0037993778479,432.14888403481103,123.61049205851756,217.947558166449,146.1518679049829,282.06681663261736,302.7012572743943,321.54774777508703,213.69517996535998,222.93902888804766,111.47252342815537,236.58772611027683,239.14182091599457,170.2061744223354,238.19998412397288,277.76493825985636,222.46495832260555,302.97496268110814,373.8948960426497,244.5972964652027,221.43674145448756,356.684430663813,408.61846069693263,242.6470120669906,263.15526389746225,334.6218243549527,131.34064364597978,107.00866333229546,249.96800662415293,196.90589845771555,549.2357302197419,379.07038150345335,542.7180677737191,219.5349112181852,251.95600801530537,408.55757399817116,268.72870127321073,271.3177317947027,259.3892773605884,1019.5706276835707,496.08436761669486,704.0497691939566,254.02410200694132,452.77460275746813,342.5852899516682,268.75969123295107,240.34222194820663,248.20707983796834,378.20379657618383,417.4535499989837,410.59720055745595,349.74043634254576,248.30595822902268,309.57543925252673,175.08619370732566,256.5857891564791,310.7035262071577,776.2908515332975,411.11468174085854,363.4726269470828,217.5946100185647,368.5020673451194,431.1538160762897,64.42140756478229,4.1704069942659645,130.03113726527525,19.525887481250564,16.823447004455808,9.969811161492087,53.964332492865815,43.945995477748696,32.190559680048004,51.05979587535953,50.842582659080506,37.82821181546907,50.842582659080506,51.05979587535953,37.82821181546907,106.15669640157691,65.60394908136139,10.38996454379817,11.865542282555579,51.11208831536294,53.74589683354165,23.34008992751063,77.10034345636204,117.2976142941077,153.846089125105,183.46063686208964,133.90113333242826,112.3154601425449,133.90113333242826,183.46063686208964,112.3154601425449,68.09589832141715
221.07238328315475,1996.6170261145385,326.9371091509791,198.82869278547506,104.70873491164737,253.87707616199748,187.01294659654553,216.72415723207737,305.31257572781004,328.603789290862,373.9236752594998,298.1045038930275,346.6745142444744,466.518219130256,437.94517927390615,192.0143877341596,332.1226583447864,191.150059456765,233.33500934842996,208.55771050734475,301.1550436664823,375.59753543956583,493.50369755709676,249.609886007787,247.04335723153412,207.45622758279586,329.70426474572184,265.8182024553338,395.61148006031794,284.09301824285205,330.5686200762098,446.1550235779436,307.3599747868019,256.8990009683391,186.84510624019177,267.9500972415534,810.5160018347656,505.4092913973398,393.28401602099905,246.67759322492148,362.34946087314245,399.57207578681823,218.44917991239905,339.00321571932585,236.9119729971608,1133.0516749873757,615.6590550953725,832.2437466905471,348.6658571157097,440.4203846718271,351.36019652665044,477.04803869777834,358.1747800093563,314.374258290065,1191.7004531950286,891.7803582209639,1234.672902207015,520.4571659732874,489.9644551752094,384.7012087901598,198.07694841159923,308.12598323109876,214.05218108740732,917.6154556818494,495.7974516984774,565.6474391700657,289.5380279153949,365.13468638597567,428.48895050477984,385.74632410022474,309.1609296325104,321.2793970255236,1093.7812870977218,730.6241489914174,767.948836917658,463.9457761238551,369.4902383110404,440.00203208088794,110.40493176787771,14.430813696457234,164.81129799173715,481.6774784287599,471.0860285389425,387.50465276629416,475.69679803759175,414.1192091423541,420.49612024853275,1181.4600343607822,1547.9894336839086,2022.3438499937713,1547.9894336839086,1181.4601165350764,2022.3438499937713,111.27124757717841,88.54437262171169,10.197077697784625,61.254918553188936,167.93912595910672,167.57534952525643,122.9947603964975,182.5635840783284,150.98972463471407,189.97225576907434,476.6921225895684,409.87182989242825,340.2055319004199,409.87182989242825,476.6921225895684,340.2055319004199,61.58401358416318
205.21026617878894,162.33450891815065,296.4563125429131,176.61365523157372,79.64736888636594,225.71939110044875,139.55190411174286,128.84613273914155,276.6652899161251,301.7864573688461,404.26454836118234,326.67192514433634,336.5552316814437,338.67068781243427,335.9145782746833,186.66695429879994,315.0805335772284,176.73064464598852,219.0976399750334,177.69278940865306,274.5968725662413,405.0880616225565,505.7627708778007,258.2431483691561,252.22855673979325,242.77184587711278,347.58166413354,241.46187396547828,291.12937236353144,250.3649943288295,299.61248099325155,327.1720518204091,217.42820177544903,224.74213488150707,174.48548328054167,259.8928863713132,530.6096093395287,350.9268742266352,258.30744249391427,179.08473772930577,301.63457700770186,306.49676423999136,248.2670279901513,346.83242053428876,227.4713779109384,965.8799721962364,670.8187428451438,901.6995365170242,303.0114974252863,326.850256425737,287.9863121083571,493.308961897093,411.2135387652207,334.15259574804116,1212.309319242997,902.3542801371478,1278.5559948514383,422.2129776892654,423.01132563784256,299.95543496732824,144.01867644551925,252.7455131357707,195.51403334323675,603.6083436218141,429.2124162788035,487.2390606803879,253.5357821195137,305.38408517146297,345.56710989658256,293.26520738942503,285.89114959441997,270.1022335542554,843.4979589641082,704.015816148728,744.2825293159126,460.34317846993594,286.79255262403916,363.1758439355244,133.51681050861197,5.397770365031795,117.1270655699145,28.33555100109614,27.101829535013735,12.973493254656862,51.279555737132696,41.85667243551672,32.76819728050746,64.75887354420209,62.177911903020785,46.76501045142243,62.177911903020785,64.75887354420209,46.76501045142243,91.72523794911916,76.0467848595903,10.034926011950093,11.921699951961257,146.9580603873397,157.50093346291027,80.17838280183166,150.17309075216266,154.07598244632396,175.15016023063427,505.6867665302847,527.6429416316962,714.4162182146608,527.6429416316962,505.6867665302847,714.4162182146608,48.97593073494995
Sit
5
0.0
4.2997081451186565
0.9668169686840484
1.370126803209579
1.9917944811454242
4.2997081451186565
0.0
10.519502043940166
26.294244448115723
49.27339804248504
0.9668169686840484
10.519502043940166
0.0
3.3175609743899632
3.9751800516215807
1.370126803209579
26.294244448115723
3.3175609743899632
0.0
37.63679705625223
1.9917944811454242
49.27339804248504
3.9751800516215807
37.63679705625223
0.0
2266.9197149935244
203740.23867470262
2
1730.6582038531462
-3.115335593684575E-13
19364
0.9668169686840484
26552.241060789198
5189.929315748047
-7.663417685046597E-14
2037
7821.923607151067
1854.772101733907
-3.115335593684575E-13
8283
202600.5478705306
1387.1866154977645
2.404807440833134E-10
2237
3936.8603691002686
1333.8245179295352
-1.1313645716742149E-13
3009
6494.28936380419
2312.5692328048312
-1.4249636429717465E-13
3798
110
133.14967885086836,1540.754392792443,125.83615330486394,94.71996696089302,81.28477709319864,158.39259825307016,166.29629109887048,172.6379892319124,235.34670222835257,228.06967434999342,279.63066214216923,235.36497409691887,275.9038284937148,406.86281105241613,398.0763556903401,131.2809852789784,138.06585379516406,114.09987525393288,122.95072501118445,1467.253882514203,428.69533589077525,286.81363698606003,335.67716070135026,228.6394477315214,251.92698613686034,167.42926380398436,204.70155822216583,217.69660108432447,287.23315295259505,214.60330695394947,265.32010671504656,313.0807669371091,262.3152634642764,81.301041140337,108.22603261507922,145.3365752270077,215.6863496452253,242.20860188793552,178.55448864935178,75.96762881415357,122.7087119579804,112.2221200461937,197.98557803349112,209.2717636753853,198.14715611417816,516.5450543753468,389.4671801423721,421.2783537862402,221.72292096569777,123.95778218328816,195.08525401865117,303.6360187230969,284.9322701385227,204.50655296825798,615.0301131307679,500.8770554389483,572.5869544854505,178.8589565466753,266.6221794219416,179.22424860611642,149.25937328439284,226.71916767895294,205.37666058608605,449.37364324982246,400.8309383503837,389.0192965862017,304.6085881009321,150.13827719128776,248.6321833010117,284.92265731033353,215.49097622116915,263.2430826780463,649.6215312478175,515.8485515564499,543.13975883801,298.187714695922,253.8549311029455,155.78618293231182,25.800221462539152,9.729875422246337,171.05743368382286,99.1211173846983,91.81836683808653,79.11614130559884,140.77801882330573,149.03924377129866,115.19732277775395,327.70219655363974,276.64455993611136,326.573493588555,276.64455993611136,327.70219655363974,326.573493588555,54.69380105634647,42.10941813737046,18.294850027113124,47.23274102928693,103.25976688438594,106.04096912410915,117.50106265889927,174.77484601426593,214.4093028211814,266.6570465960802,258.37269912619035,304.1903831861053,316.8432145273427,304.1903831861053,258.37269912619035,316.8432145273427,12.388773400167814
352.9996643514694,258.8069662549788,918.8469154021064,27.477472848108306,932.8590918660972,388.2522017842207,464.6287585438341,530.7521005616996,659.4746274709183,783.2438698411227,-15.61820202416089,465.885919520334,776.6089420811087,-56.111358203351294,-353.87098882262075,98.15110514356537,715.0418818425945,-682.215967775253,-270.3412629357239,912.5661493857813,-211.24478338040012,-384.43636041998036,-456.375401177555,669.4074870530676,97.02742202024375,745.4043586035943,710.0122908489982,-93.4347197501645,-75.4578324197888,930.780381466871,-477.84591487009675,-316.6841939518265,681.7073939647115,-923.3024684982441,-104.64676719686015,322.680334641603,-12.602045032018179,-16.8178062383805,-3.6208944432968395,564.5809233629416,161.6582317702954,512.8390311919024,-624.0990497831027,630.706413964057,329.8743544722165,-0.9104523858706879,2.580923362941541,0.3376884941127866,-164.29590993596364,-796.0232390002066,97.584899814088,377.69303862838257,377.77416856021483,730.716948977484,-0.579167527370378,23.71725883082008,37.64366866349928,-548.6030262342491,363.21245610411074,-103.01936583350547,-637.7083247262963,-685.5353749225367,171.02220615575294,-22.291520347035735,3.4179921503821524,18.50728155339806,-525.6583866969635,632.7027990084694,239.44933897954968,114.26291055567032,-913.6154720099153,-2.0213798801900436,-64.31439785168354,32.507074984507334,51.167992150382155,-360.00640363561246,-64.40916133030366,-583.3611340632101,-102.85819045651725,-35.892067754596155,-22.05226192935344,-2.117899194381326,0.4176306548233836,21.30066102045032,-3.479239826482132,573.4498037595538,773.5161640156992,-10.803294773807064,0.08758520966742409,0.13091303449700475,0.08758520966742409,10.803294773807064,0.13091303449700475,156.6643255525718,87.91040074364801,-47.832369345176616,-136.01910762239206,-7.876368518901054,-3.677494319355505,98.75738483784342,320.50340838669695,618.8413034497005,463.5115678578806,-3.421400537079116,4.808613922743235,-5.139485643462095,4.808613922743235,3.421400537079116,-5.139485643462095,2.529384424705639
135.2013201320132,261.91859185918594,819.6133113311331,-0.4514285714285714,883.388051948052,356.5750649350649,495.88771744860304,646.3405376910912,275.3906167633105,519.1242022582229,388.55571919489444,406.56602847324496,633.4176857949201,320.4675446848542,-295.6669802445908,12.261168384879726,579.4987727049582,-675.2488954344625,-397.1244266055046,784.5814220183486,-51.414564220183486,-366.2233676975945,41.12420225822288,675.4000981836033,-106.45164457535591,798.707412862052,486.75306823760434,-108.6340262582057,322.08588621444204,648.4781181619256,-425.7232673267327,135.309900990099,510.41039603960394,-855.9911634756995,-47.904761904761905,317.70839469808544,-26.14138438880707,-103.56848306332843,8.499263622974963,541.901325478645,214.68237604320078,557.613647520864,-600.5375552282769,401.0108001963672,469.95238095238096,-84.19882179675994,79.62837506136475,45.94550810014727,63.118311242022585,-753.1629847815415,46.877761413843885,-66.50564555719195,326.972999509082,702.7506136475208,-58.507118311242024,107.60137457044674,206.0176730486009,-497.4648993618066,-67.37947962690231,-273.74570446735396,-711.2660775650467,-331.1688757977418,316.166912125675,90.7766323024055,22.67992145311733,30.788414334806088,-125.15562101129112,699.6053019145803,135.7255768286696,-269.35984290623463,-669.0073637702503,-98.04565537555229,-98.10751104565537,152.08689248895433,155.42218949435446,-300.9548355424644,239.67943053510064,-507.9248895434462,-95.59597447226314,-30.972508591065292,75.71968581246932,-17.059401080019637,0.9204712812960235,30.40942562592047,-144.88168875797743,519.7368679430535,708.6980854197349,-88.12911143838978,0.38929798723613157,16.726067746686304,0.38929798723613157,88.12911143838978,16.726067746686304,82.25429553264605,61.13107511045656,-31.42955326460481,-77.8217967599411,-74.1512027491409,-36.71134020618557,81.2346588119784,198.63426607756506,426.54982817869416,642.6951399116348,-29.38095238095238,70.84585174275895,-44.54050073637703,70.84585174275895,29.38095238095238,-44.54050073637703,-14.431516936671576
343.98015982364285,213.13571231744282,953.1986773215762,61.909615384615385,972.7515384615384,300.6298717948718,448.0417723047205,479.061209706628,732.6054569600386,831.0691032312719,-79.61890354592762,454.3124773084836,801.4190489668837,-164.23761675629777,-267.8185677894141,113.30701436677532,734.3857298080405,-680.646263431124,-197.58820558151282,958.5656017173885,-133.86374542240182,-396.5436436073886,-615.9549680067609,598.6311722805747,177.2874562356634,738.4056501267656,737.615356754799,-116.14094504157372,-112.28168728452647,957.701886027175,-494.8763732947,-364.26379331160206,689.3994929373415,-914.4468187854642,-115.45454545454545,365.28431727634916,-11.278522274538211,-6.631896655801039,-5.057587830496197,593.0438247011953,169.08451044307617,471.6596643728118,-641.8720270433417,666.7919835808282,285.0443076180128,8.658577809972233,-4.777375347096463,-4.9478449837015575,-197.66280333212603,-805.0525172039116,91.24544247253411,413.47675962815407,370.6821200048292,755.0371845949535,3.9203187250996017,15.044307618012798,16.636363636363637,-575.2654835204636,405.0095376071472,-87.50428588675601,-627.3893516841724,-720.654231558614,173.2101895448509,-37.55293975612701,0.6834480260775081,17.466618374984908,-525.0323554267777,634.3519256308101,259.0095376071472,176.14427139925147,-935.2911988409996,13.077870336834481,-60.45044066159604,11.22322829892551,35.1393215018713,-393.0871664855729,-113.47072316793432,-587.0364602197271,-83.47627671133647,-32.358324278643,26.409634190510683,-1.0067608354460944,0.44875045273451647,22.382590848726306,16.29361342508753,525.9658336351564,823.7819630568634,-1.0219727151998068,2.8500543281419777,-0.07255825184112037,2.8500543281419777,1.0219727151998068,-0.07255825184112037,175.82228661113123,64.01859229747676,-33.544850899432575,-145.19533985271036,-0.38138355668236146,0.26753591693830736,73.69733188458288,416.6118556078715,487.93697935530605,653.9646263431124,0.2179162139321502,-2.7882409754919717,0.4493540987564892,-2.7882409754919717,-0.2179162139321502,0.4493540987564892,-4.047808764940239
400.0800178810907,308.0447027268663,933.6048278945016,4.658471166741172,926.1019222172553,440.41528833258826,614.8305766651765,488.3880196691998,631.9088064371927,757.9159588734913,-110.45149754135002,550.2476531068395,889.5,695.0,-834.5,108.49530621367903,664.0371032632991,-753.4756370138579,-234.41215914170763,1005.3661153330353,-262.7921323200715,-480.94814483683507,-436.54850245865,688.6258381761287,130.25882878855612,748.2825212337953,731.7966025927582,51.80939597315436,-40.53914988814318,1000.627293064877,-413.74564148413054,-322.23781850692893,819.6356727760393,-927.3044255699598,-113.25301743406348,352.9061242735807,-10.218149307107733,-4.990165400089405,-4.560572194903889,563.8238712561466,205.72194903889138,517.6222619579794,-585.1680822530175,699.5248100134108,301.8310236924452,7.239606616003576,-14.21636119803308,0.9834599910594546,-261.16271792579346,-795.1989271345552,169.78945015645954,532.4537326776933,327.2624050067054,692.764863656683,-9.906571300849352,16.293696915511845,16.36119803308002,-510.818059901654,490.2928028609745,0.8703620920876174,-576.6589181940099,-752.3571747876621,307.5100581135449,-30.94322753687975,-1.294590970049173,20.253911488600803,-806.8909253464461,545.7805096110862,235.48323647742512,56.99955297273134,-982.2664282521234,131.66249441215913,-56.24854716137684,16.90075994635673,46.588734912829686,-136.80643719266874,-153.43451050514082,-639.3732677693339,-94.18909253464462,-33.39383102369244,175.73714796602593,0.2288779615556549,-0.3276709879302637,22.747429593205187,-70.272239606616,518.8444345105052,825.0393383996424,-2.4944121591417074,0.0116227089852481,-1.89047831917747,0.0116227089852481,2.4944121591417074,-1.89047831917747,172.83862315601252,137.33392936969156,-58.971837282074205,-145.6629414394278,-0.28073312472060796,0.17210549843540457,119.49709432275368,301.682610639249,738.3334823424229,372.7013857845329,-0.10594546267322306,-0.21099687080911936,0.9924005364327224,-0.21099687080911936,0.10594546267322306,0.9924005364327224,7.677246312025034
435.6299829642249,314.26746166950596,889.8282793867121,-22.27750083084081,879.0721169823862,530.567298105683,411.01561980724495,566.3619142572284,724.8936523762047,758.4765415549598,-50.01943699731903,518.9078418230563,797.900299102692,-341.43718843469594,-432.91824526420737,77.44765702891326,728.5124626121635,-695.1758059155866,-348.5254957507082,853.3328611898017,-359.5304532577904,-312.0754339118825,-467.3204272363151,740.8210947930575,-38.205716184779,708.7467597208375,750.7487537387836,-115.62863834058213,-136.40615590498496,991.3201739712279,-483.59155865736125,-376.3193752077102,756.5460285809239,-947.3678963110668,-82.51146560319043,296.2881355932203,-8.859421734795614,-3.78963110667996,-3.7547357926221334,566.272183449651,83.54469923562645,533.1163177135261,-578.0741110003323,622.563642406115,389.8471252907943,2.926886008640744,-16.924227318045862,0.4835493519441675,-186.41342638750416,-805.7670322366234,94.84978398138917,415.84579594549683,379.835825855766,740.637421070123,-13.594882020604851,23.68660684612828,25.206048521103355,-500.16849451645066,434.9764041209704,-136.43104021269525,-646.8118976404121,-747.7025589896975,57.290794283815224,-32.205051512130275,6.1525423728813555,14.834164174144234,-628.9857095380526,686.5300764373546,235.12695247590563,130.8903290129611,-986.5772681954138,25.729145895646393,-58.83349950149552,19.40545031571951,50.48886673313393,-377.49717514124296,-66.53539381854436,-585.3589232303091,-137.6287803256896,-44.88634097706879,-175.37221668328348,0.5603190428713859,0.28281821203057494,15.48687271518777,21.83881688268528,700.0601528747092,685.4250581588568,-1.3931538717181788,-4.344632768361582,-4.509803921568627,-4.344632768361582,1.3931538717181788,-4.509803921568627,145.29877035559986,94.63908275174477,-69.67098703888335,-137.0335659687604,0.5732801595214357,0.022266533732136922,129.81621801262878,232.34330342306413,816.1093386507146,139.52409438351611,-0.9016284479893653,-3.510468594217348,-2.2864739115985375,-3.510468594217348,0.9016284479893653,-2.2864739115985375,16.402791625124625
396.28834355828224,283.8020078081428,911.4500836586726,20.223275408109533,918.9844655081622,452.8617693522907,438.04528699315426,578.2298578199052,670.3896787783044,855.1392838335967,-9.701685097419695,431.2459189046867,715.9389799635701,-238.62112932604737,-227.04462659380692,121.47340705634545,764.9210110584518,-637.1369141653502,-320.22891915386845,873.1587945523037,-317.8846711098232,-368.2837552742616,-378.18380801687766,752.6508438818565,118.68904686677199,759.4265402843602,724.4502369668246,-103.72775144813059,-180.6458662453923,934.3736176935229,-501.86229594523434,-404.8212216956293,616.2738283307003,-957.2938388625593,-123.9768299104792,235.53923117430227,-12.596103212216956,-9.792785676671933,-6.328593996840443,513.7764612954186,152.9565560821485,559.7501316482359,-657.36887835703,641.1192733017377,321.51816745655606,15.050552922590837,2.651922064244339,-13.092153765139548,-138.9199578725645,-792.0847814639284,98.24539231174302,416.51211163770404,448.60531858873094,707.1706161137441,36.48235913638757,2.0387045813586098,15.542390731964192,-578.5102685624013,371.29410215903107,-80.00921537651395,-649.5065824117956,-710.3941548183254,98.11848341232228,-36.70063191153238,-0.3399157451290153,16.07135334386519,-494.32095839915746,601.7756714060032,258.18193786203267,205.61163770405477,-899.2954186413903,-84.17456556082149,-63.70984728804634,34.36176935229068,33.44470774091627,-437.138757240653,-66.38493944181148,-581.2311743022643,-126.58162190626646,-40.58293838862559,-175.20826750921537,-0.0315955766192733,0.6258557135334386,17.809636650868878,48.519747235387044,637.6690363349131,738.100579252238,-3.0118483412322274,-2.542654028436019,-3.458662453923117,-2.542654028436019,3.0118483412322274,-3.458662453923117,154.26961558715112,119.93733543970511,-63.926276987888365,-140.73617693522908,0.15534491837809372,0.23749341758820433,125.98630858346498,257.19562927856765,780.7935755660874,262.22169562927854,-1.3844128488678251,-4.4942074776198,-2.0679304897314377,-4.4942074776198,1.3844128488678251,-2.0679304897314377,11.94681411269089
303.7829587553868,1112.4436873818893,329.97219338649063,228.16575009385068,194.7121804745487,320.1122646133415,273.55702269263753,228.6773887115615,485.18859134723255,375.84017575246105,425.92686919320164,420.478461664282,471.87647860608894,553.669041371428,449.3907993050216,280.993323878089,346.89516998964865,283.8989319128633,260.3909633895387,670.6596680756115,405.84321552553524,393.61653559793274,556.7424476666081,257.09360411531856,323.6485779473823,277.6598652933618,432.42552579626766,314.69995454751734,523.8379029938103,482.21215872620445,393.4186396272542,635.9476484671335,394.5061807973509,207.15373010955386,237.4383174204918,324.61855111215465,432.2099498020675,711.0368572898752,459.99883576393165,155.21189832718582,221.1664175060617,272.2541887484202,257.9822494855399,435.1976324092478,253.8616414437961,867.2997281825283,698.2381510343608,709.6021807236225,360.39565444675037,171.8385440194752,308.3850915923155,525.4644494306535,332.3700608141853,326.5600154180084,836.1086704578103,898.2777655954416,924.6527493911783,310.45469753913864,461.2162700634507,288.72507357597283,213.59935526753617,476.71643343917293,350.5933037880785,922.6617149101569,931.2037769039758,790.2381047405761,443.49583186563353,168.71211670055348,375.92709211256357,532.903691503493,498.5456593971158,319.0156911123018,985.7744657754096,849.5356201778113,1322.925932561506,429.2937144241017,407.3234666905013,224.24637980280994,31.647295614949716,21.777659066597867,143.56076070447182,304.7876630611187,282.74015568488494,243.25760531528488,390.4734019698009,382.56726167551574,283.9708880961506,1004.7543662335921,850.7667696895572,1005.5083504389494,850.7667696895572,1004.7543662335921,1005.5083504389494,142.5156322637809,82.49534130724936,21.299772876814103,130.09843317446908,310.2626235853799,324.9400188476994,353.110444713214,454.8518760427411,423.1381999345261,397.2378252685771,792.5855727727208,932.8383571595548,973.6180599568852,932.8383571595548,792.5855727727208,973.6180599568852,21.44130857629686
31.169901935853428,22.315448394848634,16.828437070636085,53.05198199690558,32.344334576073244,96.67259709764056,147.87956681675286,182.87752679102346,146.46824141011177,155.15025457224954,211.86872226482723,188.16816594817482,255.7953418808793,374.74174623094615,394.2849533047571,95.93229562778869,60.3539253439816,60.59145172546312,59.229480529368985,25.82919312948194,52.933570322160605,253.81217801053612,196.86053698459384,223.0938637424201,216.64623130709677,115.9575648591024,123.90792133145315,234.5455409068119,185.01786204891812,111.14497939501383,266.1036763269677,211.53199671182685,225.80043704016256,45.02822818471878,84.1686073297891,104.10306727185618,173.88768815224864,76.07633738863164,109.94199450323582,59.26265022032511,89.77204814524644,74.01559192227876,154.35088873881932,128.73420525813017,187.00025399409125,440.7187147898901,329.6144043817939,372.84581222591396,155.1377546516056,83.82307507697706,161.25501963978053,213.79959286949114,265.3057714813335,180.8381157782442,601.7380338346917,421.15000197738607,474.3957425418258,137.99750513169303,161.26657141842804,115.25929871526455,158.5460263472932,129.80218622505052,165.9030446367817,387.76592538243773,283.35496037101376,322.6719739791386,244.74733318915906,158.5585429280707,249.80996018860736,208.62183978485638,127.31545096958908,262.60626390063396,629.1483743431664,469.98366799593344,385.4468604167663,318.44487892873684,217.40113171462636,188.19273512249995,4.681836745549272,0.719924928753838,169.6303861210596,5.358299790729647,3.937371863919149,4.336355713526238,17.48289926588688,5.214701263094244,4.810992018490113,18.36878382983822,21.367563745651516,17.56608040894232,21.367563745651516,18.36878382983822,17.56608040894232,1.1725347360604914,10.102703323333227,7.428416235805669,8.959176107611968,4.743991857836152,3.786201584063955,9.476239118362336,49.048422810725334,78.03311941462022,102.11452429929403,27.17002566733803,25.41627013493453,23.250116534450814,25.41627013493453,27.17002566733803,23.250116534450814,0.7772318300783834
37.70580186252889,4231.342943902458,144.41497654586203,29.416941925684917,36.4402417285296,76.20768627728174,63.364376276646865,31.93562676890906,77.59904916528643,203.94852752220152,188.75158778311098,165.32773165799603,318.90515831513295,1115.814500712372,23.33452377915607,54.35400099616636,57.5723078077471,51.94057910439655,16.253415621097034,4135.366258801355,1122.4685321639793,173.3498716169839,201.27897405567887,237.99286476518242,176.87366394007478,166.33640967515987,133.85971158489113,65.40723885523927,115.36643058296572,52.39632101767736,145.22866472615357,81.54424559412179,127.45741874334266,25.855468017046157,31.444280106258745,61.3108895113526,109.09113376677197,59.64904733339181,53.0028986384062,27.109634674084152,54.20539621355281,30.432554032987678,220.9135962205882,128.23929072487525,128.73783550043166,331.9099601288896,232.96611122832823,236.72950188101123,111.68167845945868,113.74859388429921,97.9243616482361,185.8706323692367,299.6299260117956,128.76472824782022,397.67012171354804,354.0516686828419,582.2611306091469,177.48850771632652,163.39837838847987,96.57669194070851,32.13193087065832,50.004139441103845,75.79276609039599,121.01006365307285,127.52136666270319,84.63514713060194,51.60731123832105,71.4613723741759,79.437283633211,101.1777492374983,62.636595665950104,136.38963800696652,369.7497944131882,206.5571754074459,217.06297738700357,42.21435200135901,95.86967445096069,29.456551502034703,0.6169250663555995,0.7963565479095158,2.118519055679846,8.263461789891029,8.796110733026257,4.88381548801777,14.534752722637418,13.125441694750394,9.769859326601141,38.28700800766346,22.247285796639044,20.421806095851238,22.247285796639044,38.28700800766346,20.421806095851238,0.8984042102081573,2.0904796079925534,0.9427308154117299,0.5188132552242657,4.091731026064406,3.1279182712443503,3.452153868188746,8.528827616738628,10.070085842661781,12.005785086303183,24.48918101932003,21.34402181426806,21.787238296718474,21.34402181426806,24.48918101932003,21.787238296718474,0.581071367719792
26.343479714779654,13.594766257432113,17.39337419399524,34.32310534863292,52.12937615761503,87.2295261561249,86.60808388811235,101.025372832318,84.96613446292571,233.17947573509306,226.1375541274446,236.47699176755984,135.32705752606782,139.15375085468972,284.8896278315458,59.39248624364432,55.712096475548684,54.43844732751273,22.196049186076998,14.104100474269003,24.658456051470584,284.2345353796452,221.7973645353097,198.56554374027525,237.08483426302732,212.87952109654967,150.15604921204115,102.69044049535087,76.04685489090906,25.88570668171023,162.17436585976816,54.056689610359776,132.37629697574687,27.64990416608279,49.61161609550672,84.84828682658913,87.87255704549271,47.93647390816497,45.73428326645045,42.522944689325364,54.874016245340435,45.05737805016398,262.7190477100392,161.56009279707914,194.1718808368606,329.0181769188332,248.31708072756496,250.80465415625855,211.55291741676487,145.79078168549398,165.0569434525596,216.35450405750817,291.9333179574311,173.86754923310343,309.0412019161463,293.31632284859324,444.00066124291743,169.59608967996317,182.37652421297773,162.06494128311581,83.04953087852931,81.96540361878849,85.85470732356447,80.39585093034445,58.38906495739892,46.41394264424084,162.17120827401902,84.06801626700809,67.0048662098205,67.30853906483173,33.18485802654775,136.01336597080365,238.58983681999806,77.55910441547782,75.48057441074613,82.34680777456484,74.94915049391875,40.83788478134777,13.506183911982452,7.917987379400456,2.102518540625087,3.9811433063678305,4.192124776309376,4.33349351539326,9.593687429418633,69.99843299996108,63.53297265122412,21.18318578566122,20.949880158685893,17.935203637429428,20.949880158685893,21.18318578566122,17.935203637429428,14.568145141910462,18.273338726158656,4.157323276416235,5.193132031020047,4.413624778468925,3.4794948420421394,4.171974974337404,18.3538140237048,31.73364583194279,128.3702783309375,24.61822108078449,21.27854715972133,22.626117136874292,21.27854715972133,24.61822108078449,22.626117136874292,3.1392661888152085
70.38961476580819,66.24799236566217,38.63100685161513,74.7914326955263,36.667365278213055,73.20895307870217,171.07892931473074,162.24614322485868,132.353714473369,144.48696058831936,197.24152284112935,200.45833071318285,283.99886198954397,407.49745444373247,482.739516751102,124.65166510061228,74.09000623421862,77.70969456984133,90.41880520364455,71.50572487587833,60.3331237864126,322.27633083397103,256.8882416251429,189.24366651792005,224.2368239536989,131.12538656382117,145.97975017931145,231.2447671795095,247.95859537917303,127.55594685349278,289.0585524007784,237.29008638374484,312.2569051712225,32.39374590447765,93.4244788737922,83.65212220418499,240.5663476296821,83.67068636152997,139.11576162175794,48.56764589161398,145.53275737437812,55.310114953354876,155.42517675051158,145.49797968888114,177.38847961803248,615.4613922796799,436.51294684460686,497.62973071638123,221.41230763650927,146.58037863464682,233.6512933022824,198.86816486242967,269.9016448860297,218.77406497119009,769.5028460342407,559.8242738770077,591.3655567146659,148.43531483940686,180.8650754848099,199.73256591537017,150.69515972820602,142.656903393841,205.12559067320038,473.17684565416954,408.2843289619963,451.4057904935825,269.3508900347761,161.6615977318227,298.48609556290387,243.63287474707235,157.0588667742645,315.35453177635884,800.8095358003934,670.3529636291869,450.43500815683586,295.29491285992697,259.17979113823236,113.03804183323126,15.86949838481967,6.875953725742506,2.25560843165353,6.338535852043781,5.710082405437303,5.722246513529062,32.01008046287535,75.51074618022584,66.29511513638808,27.71469674754605,22.198547347923867,19.454443655148083,22.198547347923867,27.71469674754605,19.454443655148083,12.614353555684087,27.797639108643622,5.403482074507678,5.086392151315224,6.969445836611729,5.039265911976985,6.112441450969452,27.990713156872165,39.788783149067015,131.11124626475697,27.091203452675597,24.645548235287535,29.07891813837658,24.645548235287535,27.091203452675597,29.07891813837658,4.6153964904966385
Walk
Stand
Sit
