3
Walk
5
0.0
0.9362449943594555
0.6799098138140116
0.7785488978778946
0.9981443603139749
0.9362449943594555
0.0
2.21315066506806
11.588118331661468
5.107153475933369
0.6799098138140116
2.21315066506806
0.0
2.665303911337595
7.483835372307701
0.7785488978778946
11.588118331661468
2.665303911337595
0.0
4.64332955477737
0.9981443603139749
5.107153475933369
7.483835372307701
4.64332955477737
0.0
7220.20528810807
29845.76022109663
0
4935.096713851303
-7.0531684640887E-11
29456
0.6799098138140116
24910.663507245325
8716.551319365317
2.304982652931692E-10
5259
22060.044241201726
7407.852452075395
-6.056580163673156E-11
5187
18471.218420747115
6860.694185839742
-6.177512943558963E-11
5950
15303.79747995602
5708.914178016442
-7.0531684640887E-11
7153
15844.899775678974
5533.789260608541
-6.733698663022963E-11
5907
110
288.15253792562896,243.32695817025123,403.720812068042,165.48735041375988,177.25591691984332,185.58690979256178,163.34267223349934,184.5172572743092,230.80506053473187,300.32123931575484,316.28813606185366,217.472700575861,314.8177163934248,412.5283280880312,318.1225870503966,203.1812622903755,256.0699107750002,169.98298488305574,272.02966612781876,211.77258439819659,311.7436028311376,317.35068560120635,435.75673620564464,232.38838487539934,205.94651351150327,189.65889606285154,246.16642066712652,256.7626693735709,314.11417036196235,217.96764054373068,292.4463045938681,371.17271216457124,233.47116446900245,167.9583391082583,169.2136143903931,173.44544842280422,874.3967701473857,370.8082268766364,374.92146905500573,200.33086859180457,359.77668075673296,404.56381332828016,173.74397274221326,222.541947848925,169.98023064892453,1038.9012218957173,439.56753969273547,593.3959637689707,236.15718127451078,444.6274873474131,358.7045884790016,377.8509401184649,282.69535057511075,221.92549728083114,1012.6096168298375,763.789074952648,1015.9488345557024,425.0993397041479,405.41699679194846,376.97097765386974,178.2338620475344,217.64356206682817,187.6826426599361,1056.9569138689135,550.683213467133,727.3029330413624,239.47535794743047,399.8160845558509,387.2254116802949,345.2132869666523,240.18599840716067,287.4101762865768,1172.7053069773417,1013.2052883163799,1178.0374719268934,366.8877024739904,412.58012339900705,404.44471253204415,111.7799212380507,16.523681064024117,153.73698897193208,646.7202497828603,630.566139131952,633.9772054205816,498.8504477434941,624.133460670399,563.6202570560517,2356.238888324089,1298.3974051949426,1488.6517238258377,1298.3973687981963,2356.238888324089,1488.6517238258377,116.10793379038077,98.11780950937528,17.859420081788784,98.47538054793974,664.3646566079308,648.7578889125776,635.0025053808189,520.315334227287,627.860261441896,605.6846955923776,2558.1673216693503,1426.9596400822847,1242.2153709965428,1426.9596383984244,2558.1672170254947,1242.2153709965428,58.278025858659284
206.91641084472184,1014.9116206905928,159.89615763985407,-61.73570144309505,982.723320813835,232.23894952354507,428.88732007902416,870.6756359567034,190.56835266562962,414.0466451495228,838.3668956357968,90.54132224322655,381.88371412850285,899.759834108063,154.79012409821658,178.73163362303097,730.69520640956,-617.6509030418251,-136.69549813999714,958.5493748901602,-83.43207810616445,-191.18023629878925,499.4434680949007,701.5586738494017,105.92938620315046,1045.5904739272135,233.59488728951658,-59.03555574420917,856.2833994811444,418.5765510439896,-430.85978073262146,771.8490553073848,337.5063021041358,-924.4412343834872,-161.39594649646932,283.63080526887563,-189.68179657794676,-74.33765616512765,33.03642721347094,470.93390141227593,37.61539244975557,-96.9736556219446,-944.5902023356871,161.50115426398696,186.5189774579033,-170.64241580662684,6.467341118957089,105.10901004888647,460.6250678978816,-143.40246469310156,-165.19405214557307,-660.4917504073873,416.9599402498642,464.0282794676806,-107.82658881042912,61.246842748506246,140.71421781640413,295.6709668658338,-175.2954576317219,-350.6015073329712,-918.95291281912,-170.23051330798478,295.5687805540467,-186.82146252036935,-43.869839760999454,80.74304046713742,445.81912004345463,116.82635116784357,-111.92850353068984,-842.8012629005975,-389.8335483432917,-129.21472705051602,-208.21740901683867,-68.2856803367735,2.733466865833786,393.6298546985334,185.63009234111897,76.16485605649103,6.218665127648017,-39.359994568169476,-63.65799837045084,1.4122080391091798,-7.537683324280282,29.46700162954915,92.04070478001087,804.8789720260728,740.6365086909288,-26.933222433460013,65.46788430200978,154.66271727322106,65.46791825095058,26.933222433460013,154.66271727322106,14.452369636067354,12.812669744703966,-37.00088267246062,-122.22932509505704,-41.75675583921782,-32.00346279196089,108.64031097229767,305.8305608365019,634.5259709397067,731.852050516024,24.254786800651882,147.2744771863118,126.87805540467137,147.27451113525257,-24.254786800651758,126.87805540467137,-30.25709532862575
221.50248433786996,1016.9241736876215,176.86757399006265,-40.049139579349905,997.5462715105162,240.84646271510516,437.5385852090032,884.3776125401929,260.71804662379424,437.47283126787414,914.4859866539562,76.7998093422307,443.6775464265616,891.5512099043332,163.53151378728194,201.92298916143753,807.4388667046967,-661.7834189009318,-118.81666290358997,962.5540754120569,-63.00022578460149,-173.20701486847122,502.27697293175754,723.2304613038506,132.0969766115231,1124.5464917284655,228.979083475946,-69.48654754569726,834.6853563360033,452.5988909426987,-477.0139021138831,747.1135021900591,363.96610169491527,-949.5774862141092,-164.81403308613804,234.34664384864044,-130.0076060087469,-27.823540597071688,-4.4040692146795966,461.811180832858,61.097356911960446,-106.32154401977563,-953.1578246814984,176.87697280851873,174.73093744057806,-117.82810420231984,-1.1810230081764594,115.57444381061038,474.9440958357102,-106.80984978132724,-145.98783038600493,-649.5272865563795,434.81384293591935,451.42403498764025,-56.75489636813082,54.121886290169236,144.66058185966915,317.0752994865944,-190.38771629587373,-321.8708880015212,-915.7153451226469,-211.1199847879825,266.99980984978134,-197.39151930024718,-73.06217912150599,122.75280471572542,422.74462825632247,125.52709640616087,-133.79026430880396,-775.2648792546112,-407.7046967104012,-152.95968815364137,-182.65982125879444,-76.7180072257083,81.88648031945236,356.7092603156494,192.54325917474804,61.551245483932306,4.39323065221525,-43.3761171325347,-65.1688533941814,-27.52595550484883,10.783989351587755,-176.07910249096787,148.00228180262408,891.258033846739,937.8490207263739,2448.6094314508464,269.1836851112379,-698.0482981555429,269.1836851112379,-2448.6094314508464,-698.0482981555429,10.181973759269823,6.843506370032325,-34.813842935919375,-98.0886100019015,-49.93211637193383,-40.68682258984598,43.9051150408823,385.00361285415477,953.8642327438677,674.3143183114661,2215.739874500856,-368.4651074348736,-132.23749762312227,-368.46529758509223,-2215.740064651074,-132.23749762312227,-27.70773911389998
226.91588987643615,999.5716453500976,197.65922393236505,-64.59980601357906,979.8337536372454,266.3447138700291,369.23720552396423,919.4983753046304,201.59951259138913,380.38354577056776,862.4971031286211,148.55504055619932,333.5515620680122,977.2974841028476,193.98202930605476,97.7158280316175,800.2128397917871,-595.051667630615,-148.7914110429448,964.1788229947739,-103.22699386503068,-222.33901258470473,523.5500484027106,693.8296224588577,46.14150761519183,1041.9188355504145,256.98033545401967,-77.96284700480066,912.7025673137132,400.62763514923813,-438.97605715389074,829.8084572311257,305.6964664993242,-944.8810487757856,-137.69230769230768,249.80335454019664,-247.6406400616927,-57.26951995373048,101.30807788702525,460.992673992674,50.62521688837478,-143.85926354347407,-938.3639868903027,142.35376903797956,194.4229805282437,-213.02159244264507,-9.51166377482167,86.87140929246192,478.35106998264894,-72.62386736070947,-161.9415847310584,-693.3437439753229,379.3196452670137,452.258338153075,-148.11933680354733,115.9350298823983,94.81048775785618,363.051667630615,-152.71968382494697,-309.18102949681895,-943.0817428185849,-162.5889724310777,273.41565452091766,-184.80759591285906,55.42529400424137,-1.9695392326971275,452.8249469828417,70.40331598226335,-162.44341623288992,-901.1336032388664,-375.3674571042992,-122.31019857335647,-199.27549643339117,63.289762868710234,-213.50915750915752,442.6568343936765,116.39136302294197,40.038365143628305,8.162907268170427,-36.526315789473685,-42.989974937343355,26.092346250240986,-58.66184692500482,257.638326585695,16.963562753036438,1164.368999421631,496.7902448428764,-598.1951031424716,211.15905147484094,509.2332754964334,211.15905147484094,598.1951031424716,509.2332754964334,2.9016772700983227,4.056872951609794,-31.235396182764603,-102.95430884904569,-30.7424330055909,-50.23944476576055,107.31848852901484,280.649315596684,393.85270869481394,795.155002891845,465.2240215924426,47.47734721418932,-93.2834008097166,47.47734721418932,-465.2240215924426,-93.2834008097166,-37.523231154810105
193.72637648809524,1042.9347098214287,140.08854166666666,-35.60410359905819,989.832492431887,247.4988227379751,458.81633742658835,853.7398113543335,192.41857981847303,269.98252100840335,961.5099159663865,14.440336134453782,318.18266475644697,1031.1704871060172,85.37965616045845,252.52504201680674,767.7751260504201,-557.7357983193277,-136.4610452690888,953.246357101224,-80.6044297649116,-197.60895170789163,655.8007740198553,634.3405687363285,136.61495798319328,1078.2694117647059,136.48605042016806,38.75391105642468,937.7431886095975,358.16470381437864,-310.5835155592935,879.9160639192598,393.10513036164843,-943.3334453781513,-173.53042016806722,258.58201680672266,-115.2709243697479,-26.569747899159665,-50.63159663865546,473.513781512605,62.83529411764706,-122.34789915966387,-987.7374789915966,118.58689075630252,149.45394957983194,-159.01310924369747,47.54302521008403,95.56134453781513,510.42789915966387,-72.05949579831933,-136.34420168067226,-858.1731092436975,317.20436974789914,441.8312605042017,-104.93579831932773,34.68857142857143,171.2872268907563,448.2304201680672,-122.06621848739496,-338.31176470588235,-935.8902521008404,-158.63142857142856,297.72991596638656,-187.49915966386556,-133.12319327731092,156.2621848739496,459.18689075630255,103.79915966386555,-146.97344537815127,-964.732268907563,-335.08100840336135,-26.399327731092438,-225.95025210084034,-159.89159663865547,256.390756302521,467.37008403361347,166.2658823529412,23.93798319327731,8.880336134453781,-36.28,-98.89478991596638,0.2557983193277311,-12.211932773109243,25.462184873949578,81.97394957983194,613.4581512605042,761.721512605042,151.81193277310925,-50.205882352941174,-12.9890756302521,-50.205882352941174,-151.81193277310925,-12.9890756302521,19.93495798319328,15.91109243697479,-47.72016806722689,-100.41579831932773,-66.45764705882353,-42.602521008403365,168.4090756302521,278.8563025210084,908.5379831932773,726.3151260504202,-1774.2110924369747,470.1668907563025,344.42957983193276,470.16705882352943,1774.2112605042016,344.42957983193276,-18.21781512605042
204.12667517549457,995.7294192724952,127.69160816847479,-71.74522563304569,965.3006082897157,272.55821191116144,376.16349531615924,902.5775761124122,204.88817330210773,394.6178281556115,793.9538203190596,157.97956898964455,403.4089437474707,838.6580331849453,191.42250101173613,52.259052145952744,761.3490843002936,-590.1388228715224,-137.66388206388206,953.8648648648649,-87.24209664209664,-222.44998599047352,477.37251330905013,690.1463995516951,33.52090032154341,998.3039284216412,260.1512652034111,-118.41687979539643,828.3752068602377,438.76681209568227,-491.027287993283,731.9265323257766,294.0011195074167,-933.0946456032434,-139.04389766531526,286.5538934712708,-172.3025304068223,-1.6595833915839509,134.27638752970782,487.3788620159374,-4.878232909268839,-47.9510694813365,-937.1495875856284,140.1658045575283,201.89850412414373,-171.48762756885222,-63.74360408220327,89.11799245071998,444.3626450440375,-187.34698727806514,-201.28100097861036,-650.7324199636516,405.7940724171676,456.7661121207885,-149.14735076191806,74.44722494058438,72.02432545784986,264.2673004333846,-169.65329232489864,-405.7921151964211,-922.9889556829303,-183.33063050468334,282.13015517964493,-187.06668530686426,77.9998601985181,-11.884384174472249,451.0532643646023,138.77338179784707,-56.87068362924647,-815.4603662798826,-417.4321263805396,-151.23207045994687,-217.53068642527612,5.335942960995387,-159.05424297497552,361.8341954424717,202.60156577659723,106.12847756186216,0.8009226897805116,-43.55654969942682,-18.21529428211939,6.751432965189431,12.46288270655669,21.652173913043477,115.85390745141899,796.2433943799804,742.0219488326576,-1615.6517545085978,-34.88983643226618,799.5158674681952,-34.889696630784286,1615.6517545085978,799.5158674681952,24.27988256675521,13.948273451698588,-29.775059415629805,-164.49671466517546,-37.92352858940305,-8.389067524115756,86.24493219628128,264.36040822032714,394.6572067663917,798.630085278904,37.0064308681672,42.35020271214875,-11.802180903117574,42.35020271214875,-37.0064308681672,-11.802180903117574,-29.972179505102755
193.0329209896249,1021.5913806863527,170.5758180367119,-92.72916666666667,986.0006830601093,130.4320355191257,507.26280783749775,794.0328959194679,99.22344058960992,591.3901444350042,679.1510620220901,46.82446898895497,407.4087496764173,780.6044524980585,138.14910691172665,308.0448620281023,526.8564415100728,-691.871000507872,-141.0549764970366,961.0549764970366,-82.47496423462088,-135.47974919505168,344.98356210811727,770.5782070835452,191.9058743863213,1002.8642288809887,282.8269849331302,-59.705115736238085,777.712118264929,440.4501069830772,-430.9345984412064,682.4662826160624,338.56014910199934,-854.6055527340444,-194.01134247502964,378.9041814796005,-287.91315388522094,-266.86101235821906,-31.898425596749618,465.27289656339934,31.338919925512105,-81.28474691044524,-907.9785000846454,233.68799729134923,208.78449297443711,-191.13983409514137,70.95429151853733,140.78754020653463,401.83883528017606,-256.7805992889792,-170.51024208566108,-454.1032673099712,548.1198577958354,516.7377687489419,-70.78923311325546,30.334687658710006,229.89283900457085,101.80480785508719,-242.1318774335534,-358.0990350431691,-878.6995090570509,-136.356864736753,354.55307262569835,-178.1997629930591,-162.74538682918572,152.06957846622652,440.4071440663619,136.39021499915356,-79.47875402065347,-761.9961063145421,-408.35669544608095,-191.03978330793973,-209.68359573387505,-173.1945149822245,62.55933638056543,347.6746233282546,239.22837311664128,137.22143219908583,10.016082613847978,-36.29338073472152,-99.99661418655832,0.20331809717284577,1.532080582359912,25.602166920602674,89.44794311833418,615.5750804130693,756.266124936516,14.51362789910276,-5.790587438632131,-9.524970374132385,-5.790587438632131,-14.51362789910276,-9.524970374132385,10.974098527171153,21.31945149822245,-41.96343321482986,-131.43660064330456,-23.911122397155918,-26.178770949720672,134.35026240054174,334.84306754697815,576.016082613848,652.2041645505333,-517.9270357203318,495.8838665989504,499.6923988488234,495.8840358896225,517.9270357203318,499.6923988488234,-38.618249534450655
297.53170165173424,249.63728068312122,421.04132439729494,169.04207538184974,191.4446194650204,168.6459011964235,140.13235566366254,204.57962952672935,210.48924460493086,319.3731899130716,335.48560220493465,184.70935061025523,317.13968918533874,500.2089997133775,328.19432341765645,190.94764766312542,221.44752664025538,172.75411562234794,295.3113942718492,211.08039408837735,311.6075763150374,295.3933730455838,466.33238994721955,222.61956604558972,200.0209852731082,201.13065881113772,215.2582832524297,282.08055166411077,384.8409114281577,233.83380263408492,300.16371024751066,451.7187081639138,237.48694278537332,146.30315055649143,149.28102455246503,143.7070084343761,866.6578200441609,303.93180873372074,378.47537793960515,192.09344371629177,364.6798958360854,407.11220507581584,164.25522924941157,195.20844473645562,144.71737272400875,1017.5015385091214,391.7908167118479,558.8384035470814,207.5946284863224,443.59580228237616,362.7721227062107,378.2684802370005,278.67315176372506,194.81867314370328,875.0064820779755,779.8170556822896,1008.6437230127947,398.328266375994,400.7917218069922,373.5727599117342,186.31951010632946,209.6613234198219,174.9154254143722,1016.9016235199026,544.2323254037243,731.9212872694084,237.715134904043,415.4460793229286,374.8494242288749,400.0893880778283,234.51392329555492,297.96163076305254,1069.6923263066553,1084.8259117510636,1222.682817807204,348.7994424554753,420.6872799888484,400.42470106234884,110.48180971311099,20.00805296371893,148.7300827533584,735.4057748685277,728.7083698481737,755.7685159203196,639.7517375159986,771.7199170936069,571.2274799065527,2684.278110847228,1444.3880436262943,1252.9338572385748,1444.3880436262943,2684.278110847228,1252.9338572385748,119.68433571325102,98.78182540903768,21.57986375382735,124.46270734915217,1129.5010576231623,1117.6614560389482,1118.99209760488,1019.2467656887302,968.3401342736685,1096.2901843932916,3162.5151225520717,2204.568185825561,1632.6950034235297,2204.5680803213017,3162.5148990659427,1632.6950034235297,56.48696701848596
329.3157718250002,308.4608081402652,497.6322759949225,167.96010449375578,197.2098560021733,171.88268623570116,150.704437667889,162.45330520969154,187.0050744633463,286.4423914700471,270.4870732596462,184.23960053773754,291.5009262390956,335.99128033482623,270.57894738444236,187.50221756267695,219.50717643426918,166.63686103057051,277.79397226400187,237.27990101177932,338.08095461171075,289.9389701096732,391.05961544700176,217.81827326475852,190.90387441324327,182.26515185929534,220.03809314801842,238.61682117126685,256.5082169786011,200.88156737980168,267.7276288371722,310.89206986008423,228.03996351621024,140.39453224112316,159.6448906640374,150.34645387874184,928.0053837755702,324.415258833668,380.6206704992859,197.60121509890513,365.01816051415193,419.1405424250383,160.4475643349935,204.39025129231334,162.32348090432404,1095.4425089052156,420.5371792105991,567.2853787732579,230.2125795812368,454.162931777885,363.1986877611135,339.19964500528414,268.75528677681365,200.54921304854727,1037.097850740847,765.0787256494551,1004.5094662473122,404.41135325834875,409.2413664717655,378.3705323361223,153.2860535706131,185.86588914699755,156.01655617894681,1159.066347336553,543.9161283561716,760.1407035284079,224.58674353261875,408.4187473300473,385.9327190850332,266.11823979152706,217.01101911965654,261.5538205775532,1237.1262983538081,959.5746156589635,1169.0667026842038,322.4897667608819,428.8864022041002,405.5434512043787,108.65749262033103,24.243832863469162,153.4971226314398,1174.048096727577,1145.4677283936314,1144.6263133123448,860.3327193530791,1019.0331132365435,1085.6963736919001,2935.5709468100786,2183.426782561241,2156.7701908946597,2183.426782561241,2935.5709468100786,2156.7701908946597,116.45124462512703,96.1271315441812,11.392529920900808,129.29555359547294,192.76450861860573,216.86758113138364,88.60659558264415,118.8242577249508,86.33670652423655,70.10665856080526,716.4047112587352,259.25771406092423,256.48606004509594,259.25771406092423,716.4047112587352,256.48606004509594,54.231719824673554
275.45761958241764,244.55696633486252,386.278893307321,147.98155504130492,178.92729289213923,154.574891955881,139.33601920470855,153.69058044776037,180.09672428927496,188.66218602946248,157.6558566098165,117.83402597215918,234.97920435123683,225.26272126696338,191.2384001965756,127.28145635722217,148.95356914853375,139.24274023630596,278.02174508184663,214.0776079710094,312.1679296279252,237.42966617995316,337.30670745886704,189.89560042046898,137.89114622734238,142.90156451624426,154.6195947670536,163.28775276530473,179.59805773314665,137.69767447436436,183.24994275103572,185.68234495895803,156.72136426928517,140.10535648880386,145.0544498098566,135.35337753023208,874.2107220212275,274.7048369536395,371.5188283000575,195.30358521207745,380.5510325160159,419.1499269499938,148.95446338984274,159.2747897865077,133.41812034530457,1019.3292369441803,319.4065592470244,443.6022137447098,193.11490198085886,443.1026762131469,387.0239774202119,197.15947712785157,180.7643376147541,148.56810059802362,974.3823053781038,549.2419562412266,874.7286897896821,301.5032932718123,426.6217292093446,407.6184501719346,164.18850060468762,171.12918306795302,169.53919182634422,1097.115279284253,534.994260482537,749.0142913447613,221.20015639921456,414.0532416304164,397.609674581266,191.654350063327,187.69643420338576,169.59520155814147,1222.476729728473,957.6151826121902,1247.1380465662469,263.23655992455554,434.8579976571979,416.7619106706846,109.19421920922373,7.1349350876980475,140.94563694306933,105.84156632297534,115.14528067585685,52.0834102738258,79.79410907051671,66.16864545916071,51.08904014488812,273.04257026355054,153.14552443591575,118.56964839810377,153.14552443591575,273.04257026355054,118.56964839810377,118.0087049083534,95.81245510730615,22.72830262981225,100.87686266553003,911.0582091641025,861.712893760358,867.0077008820571,522.9297816986864,831.0764265174575,795.9751094577166,3370.524046909183,1914.9636458379748,1610.2363336664375,1914.9635361422247,3370.523640016213,1610.2363336664375,61.49858205264495
273.000139231485,185.18363144944337,350.4511780887683,158.4382627400337,163.71690414838343,161.0559055445679,159.5656435741791,177.43494868179474,210.4619844499469,292.46776937225155,270.3423335205027,189.92737775198242,341.9691369322452,444.0563929965627,346.46330609273514,162.16733328384072,177.44113674719657,156.67544680146102,246.49162649903695,193.18995921035207,296.41265883122077,295.48710118110165,396.8356647719056,225.5286846846546,186.53514654244088,152.99273336493337,225.66769446177418,254.67051634767833,332.9069169945261,223.52101148616254,294.87003546256386,403.8228478335472,247.198038539283,145.75196176213936,165.1990800462189,159.42416981746908,888.9808562129531,336.44820407846265,356.10939640317696,177.1914880736109,345.7608033443285,397.9622171723652,149.96142398318753,221.15008751403585,177.60622208189315,1043.010863431117,421.1584265687186,589.7813038368349,238.79900240261424,421.41045141891925,338.48495954693476,381.52994798535155,282.61805646020224,219.43021716463446,995.8954794682066,759.130179929198,1019.0500260067639,419.83446337684353,396.8338663379552,352.16141573750207,176.4648258134482,229.487733517178,174.0769600117288,1084.89765012206,528.8683825673443,709.0243283810911,238.75934768185266,393.94012714729996,379.57081235454984,384.7191225735306,250.82889022688227,295.3135052479929,1221.5338636638392,945.4519742665115,1065.8141423003985,396.9531246725884,407.132736612105,394.61422325737914,114.33468945510394,16.277881671701714,163.9312134276169,555.3461305088158,524.2548478260833,461.77159924856846,414.17416556347683,498.2981312224156,371.3194389963588,1987.8420560100155,1361.364509463719,1869.8213022222187,1361.3643768069032,1987.8420560100155,1869.8213022222187,110.39251055365882,102.12577567769486,7.9863301711657995,8.542352153385487,118.29355711863592,123.88150607838725,27.151649886401145,42.359414913622054,26.519808853080104,21.682769804215727,85.65140716440203,97.58363284996413,72.06582278746939,97.58363284996413,85.65140716440203,72.06582278746939,51.7930961920618
268.30296467934295,228.58802148337668,365.5582631831893,178.16493594244002,156.61355726410943,226.84427254852113,177.96299233432333,194.55281938063717,310.621734827606,305.55633312118607,415.43022892294175,319.0618193086221,352.88903870271366,449.36292599096015,398.457404224674,215.79042801638627,356.3882653930324,177.96226808674416,268.08317965223677,207.6003487126986,304.2105328213671,427.44356210469545,513.9022022316732,275.06731723295314,253.34078219763683,232.64291498105914,345.57837167315586,301.1457113848665,349.86460859214804,263.45816805273756,351.2148429571339,403.978648966229,265.18006983347516,229.2867859906315,209.80914611161504,222.8888957122316,799.8167795658158,500.0523885339966,353.1051597174109,236.74074821274672,340.59507631180026,374.0288160122615,225.74848236281605,288.8913210724055,209.38882838557745,1019.242696805345,584.8333984172633,757.6277420499449,282.63807631443996,436.93776347763867,341.04478826219423,430.17809119804076,327.8087334402828,303.93955389502787,1150.3077225325344,920.7670525195298,1145.051015826999,494.71612604402566,384.2055815981441,367.54795791226445,198.95052777161848,265.45757916113433,237.8123486952743,912.9049555604562,558.8919106642398,671.6693052929753,268.9557731178435,365.2267848811014,386.76776333755294,379.41609676626086,284.5520458907987,350.25523073822285,1087.554956409269,1102.8018754743116,1140.6866840046212,446.0239532263738,361.6807144452172,395.23268818953454,114.79138122796851,7.438363630709581,139.60457553282143,89.52200532275475,93.60231446426052,34.161191109694755,64.07734640892068,51.350659082970225,40.300164091530036,110.96903285810541,99.81779366957358,72.88428529399015,99.81779366957358,110.96903285810541,72.88428529399015,116.17211170911928,95.66890198569828,15.083996120822139,77.34003077405791,422.7760453807569,421.85298779896436,350.2830659090303,354.2706127207334,371.0699970095796,313.5387728854785,1957.320490828867,1256.378295333124,1527.9221152252815,1256.3784590242435,1957.320490828867,1527.9221152252815,64.72261288877364
Sit
5
0.0
4.2997081451186565
0.9668169686840484
1.370126803209579
1.9917944811454242
4.2997081451186565
0.0
10.519502043940166
26.294244448115723
49.27339804248504
0.9668169686840484
10.519502043940166
0.0
3.3175609743899632
3.9751800516215807
1.370126803209579
26.294244448115723
3.3175609743899632
0.0
37.63679705625223
1.9917944811454242
49.27339804248504
3.9751800516215807
37.63679705625223
0.0
2266.9197149935244
203740.23867470262
1
1730.6582038531462
-3.115335593684575E-13
19364
0.9668169686840484
26552.241060789198
5189.929315748047
-7.663417685046597E-14
2037
7821.923607151067
1854.772101733907
-3.115335593684575E-13
8283
202600.5478705306
1387.1866154977645
2.404807440833134E-10
2237
3936.8603691002686
1333.8245179295352
-1.1313645716742149E-13
3009
6494.28936380419
2312.5692328048312
-1.4249636429717465E-13
3798
110
133.14967885086836,1540.754392792443,125.83615330486394,94.71996696089302,81.28477709319864,158.39259825307016,166.29629109887048,172.6379892319124,235.34670222835257,228.06967434999342,279.63066214216923,235.36497409691887,275.9038284937148,406.86281105241613,398.0763556903401,131.2809852789784,138.06585379516406,114.09987525393288,122.95072501118445,1467.253882514203,428.69533589077525,286.81363698606003,335.67716070135026,228.6394477315214,251.92698613686034,167.42926380398436,204.70155822216583,217.69660108432447,287.23315295259505,214.60330695394947,265.32010671504656,313.0807669371091,262.3152634642764,81.301041140337,108.22603261507922,145.3365752270077,215.6863496452253,242.20860188793552,178.55448864935178,75.96762881415357,122.7087119579804,112.2221200461937,197.98557803349112,209.2717636753853,198.14715611417816,516.5450543753468,389.4671801423721,421.2783537862402,221.72292096569777,123.95778218328816,195.08525401865117,303.6360187230969,284.9322701385227,204.50655296825798,615.0301131307679,500.8770554389483,572.5869544854505,178.8589565466753,266.6221794219416,179.22424860611642,149.25937328439284,226.71916767895294,205.37666058608605,449.37364324982246,400.8309383503837,389.0192965862017,304.6085881009321,150.13827719128776,248.6321833010117,284.92265731033353,215.49097622116915,263.2430826780463,649.6215312478175,515.8485515564499,543.13975883801,298.187714695922,253.8549311029455,155.78618293231182,25.800221462539152,9.729875422246337,171.05743368382286,99.1211173846983,91.81836683808653,79.11614130559884,140.77801882330573,149.03924377129866,115.19732277775395,327.70219655363974,276.64455993611136,326.573493588555,276.64455993611136,327.70219655363974,326.573493588555,54.69380105634647,42.10941813737046,18.294850027113124,47.23274102928693,103.25976688438594,106.04096912410915,117.50106265889927,174.77484601426593,214.4093028211814,266.6570465960802,258.37269912619035,304.1903831861053,316.8432145273427,304.1903831861053,258.37269912619035,316.8432145273427,12.388773400167814
352.9996643514694,258.8069662549788,918.8469154021064,27.477472848108306,932.8590918660972,388.2522017842207,464.6287585438341,530.7521005616996,659.4746274709183,783.2438698411227,-15.61820202416089,465.885919520334,776.6089420811087,-56.111358203351294,-353.87098882262075,98.15110514356537,715.0418818425945,-682.215967775253,-270.3412629357239,912.5661493857813,-211.24478338040012,-384.43636041998036,-456.375401177555,669.4074870530676,97.02742202024375,745.4043586035943,710.0122908489982,-93.4347197501645,-75.4578324197888,930.780381466871,-477.84591487009675,-316.6841939518265,681.7073939647115,-923.3024684982441,-104.64676719686015,322.680334641603,-12.602045032018179,-16.8178062383805,-3.6208944432968395,564.5809233629416,161.6582317702954,512.8390311919024,-624.0990497831027,630.706413964057,329.8743544722165,-0.9104523858706879,2.580923362941541,0.3376884941127866,-164.29590993596364,-796.0232390002066,97.584899814088,377.69303862838257,377.77416856021483,730.716948977484,-0.579167527370378,23.71725883082008,37.64366866349928,-548.6030262342491,363.21245610411074,-103.01936583350547,-637.7083247262963,-685.5353749225367,171.02220615575294,-22.291520347035735,3.4179921503821524,18.50728155339806,-525.6583866969635,632.7027990084694,239.44933897954968,114.26291055567032,-913.6154720099153,-2.0213798801900436,-64.31439785168354,32.507074984507334,51.167992150382155,-360.00640363561246,-64.40916133030366,-583.3611340632101,-102.85819045651725,-35.892067754596155,-22.05226192935344,-2.117899194381326,0.4176306548233836,21.30066102045032,-3.479239826482132,573.4498037595538,773.5161640156992,-10.803294773807064,0.08758520966742409,0.13091303449700475,0.08758520966742409,10.803294773807064,0.13091303449700475,156.6643255525718,87.91040074364801,-47.832369345176616,-136.01910762239206,-7.876368518901054,-3.677494319355505,98.75738483784342,320.50340838669695,618.8413034497005,463.5115678578806,-3.421400537079116,4.808613922743235,-5.139485643462095,4.808613922743235,3.421400537079116,-5.139485643462095,2.529384424705639
135.2013201320132,261.91859185918594,819.6133113311331,-0.4514285714285714,883.388051948052,356.5750649350649,495.88771744860304,646.3405376910912,275.3906167633105,519.1242022582229,388.55571919489444,406.56602847324496,633.4176857949201,320.4675446848542,-295.6669802445908,12.261168384879726,579.4987727049582,-675.2488954344625,-397.1244266055046,784.5814220183486,-51.414564220183486,-366.2233676975945,41.12420225822288,675.4000981836033,-106.45164457535591,798.707412862052,486.75306823760434,-108.6340262582057,322.08588621444204,648.4781181619256,-425.7232673267327,135.309900990099,510.41039603960394,-855.9911634756995,-47.904761904761905,317.70839469808544,-26.14138438880707,-103.56848306332843,8.499263622974963,541.901325478645,214.68237604320078,557.613647520864,-600.5375552282769,401.0108001963672,469.95238095238096,-84.19882179675994,79.62837506136475,45.94550810014727,63.118311242022585,-753.1629847815415,46.877761413843885,-66.50564555719195,326.972999509082,702.7506136475208,-58.507118311242024,107.60137457044674,206.0176730486009,-497.4648993618066,-67.37947962690231,-273.74570446735396,-711.2660775650467,-331.1688757977418,316.166912125675,90.7766323024055,22.67992145311733,30.788414334806088,-125.15562101129112,699.6053019145803,135.7255768286696,-269.35984290623463,-669.0073637702503,-98.04565537555229,-98.10751104565537,152.08689248895433,155.42218949435446,-300.9548355424644,239.67943053510064,-507.9248895434462,-95.59597447226314,-30.972508591065292,75.71968581246932,-17.059401080019637,0.9204712812960235,30.40942562592047,-144.88168875797743,519.7368679430535,708.6980854197349,-88.12911143838978,0.38929798723613157,16.726067746686304,0.38929798723613157,88.12911143838978,16.726067746686304,82.25429553264605,61.13107511045656,-31.42955326460481,-77.8217967599411,-74.1512027491409,-36.71134020618557,81.2346588119784,198.63426607756506,426.54982817869416,642.6951399116348,-29.38095238095238,70.84585174275895,-44.54050073637703,70.84585174275895,29.38095238095238,-44.54050073637703,-14.431516936671576
343.98015982364285,213.13571231744282,953.1986773215762,61.909615384615385,972.7515384615384,300.6298717948718,448.0417723047205,479.061209706628,732.6054569600386,831.0691032312719,-79.61890354592762,454.3124773084836,801.4190489668837,-164.23761675629777,-267.8185677894141,113.30701436677532,734.3857298080405,-680.646263431124,-197.58820558151282,958.5656017173885,-133.86374542240182,-396.5436436073886,-615.9549680067609,598.6311722805747,177.2874562356634,738.4056501267656,737.615356754799,-116.14094504157372,-112.28168728452647,957.701886027175,-494.8763732947,-364.26379331160206,689.3994929373415,-914.4468187854642,-115.45454545454545,365.28431727634916,-11.278522274538211,-6.631896655801039,-5.057587830496197,593.0438247011953,169.08451044307617,471.6596643728118,-641.8720270433417,666.7919835808282,285.0443076180128,8.658577809972233,-4.777375347096463,-4.9478449837015575,-197.66280333212603,-805.0525172039116,91.24544247253411,413.47675962815407,370.6821200048292,755.0371845949535,3.9203187250996017,15.044307618012798,16.636363636363637,-575.2654835204636,405.0095376071472,-87.50428588675601,-627.3893516841724,-720.654231558614,173.2101895448509,-37.55293975612701,0.6834480260775081,17.466618374984908,-525.0323554267777,634.3519256308101,259.0095376071472,176.14427139925147,-935.2911988409996,13.077870336834481,-60.45044066159604,11.22322829892551,35.1393215018713,-393.0871664855729,-113.47072316793432,-587.0364602197271,-83.47627671133647,-32.358324278643,26.409634190510683,-1.0067608354460944,0.44875045273451647,22.382590848726306,16.29361342508753,525.9658336351564,823.7819630568634,-1.0219727151998068,2.8500543281419777,-0.07255825184112037,2.8500543281419777,1.0219727151998068,-0.07255825184112037,175.82228661113123,64.01859229747676,-33.544850899432575,-145.19533985271036,-0.38138355668236146,0.26753591693830736,73.69733188458288,416.6118556078715,487.93697935530605,653.9646263431124,0.2179162139321502,-2.7882409754919717,0.4493540987564892,-2.7882409754919717,-0.2179162139321502,0.4493540987564892,-4.047808764940239
400.0800178810907,308.0447027268663,933.6048278945016,4.658471166741172,926.1019222172553,440.41528833258826,614.8305766651765,488.3880196691998,631.9088064371927,757.9159588734913,-110.45149754135002,550.2476531068395,889.5,695.0,-834.5,108.49530621367903,664.0371032632991,-753.4756370138579,-234.41215914170763,1005.3661153330353,-262.7921323200715,-480.94814483683507,-436.54850245865,688.6258381761287,130.25882878855612,748.2825212337953,731.7966025927582,51.80939597315436,-40.53914988814318,1000.627293064877,-413.74564148413054,-322.23781850692893,819.6356727760393,-927.3044255699598,-113.25301743406348,352.9061242735807,-10.218149307107733,-4.990165400089405,-4.560572194903889,563.8238712561466,205.72194903889138,517.6222619579794,-585.1680822530175,699.5248100134108,301.8310236924452,7.239606616003576,-14.21636119803308,0.9834599910594546,-261.16271792579346,-795.1989271345552,169.78945015645954,532.4537326776933,327.2624050067054,692.764863656683,-9.906571300849352,16.293696915511845,16.36119803308002,-510.818059901654,490.2928028609745,0.8703620920876174,-576.6589181940099,-752.3571747876621,307.5100581135449,-30.94322753687975,-1.294590970049173,20.253911488600803,-806.8909253464461,545.7805096110862,235.48323647742512,56.99955297273134,-982.2664282521234,131.66249441215913,-56.24854716137684,16.90075994635673,46.588734912829686,-136.80643719266874,-153.43451050514082,-639.3732677693339,-94.18909253464462,-33.39383102369244,175.73714796602593,0.2288779615556549,-0.3276709879302637,22.747429593205187,-70.272239606616,518.8444345105052,825.0393383996424,-2.4944121591417074,0.0116227089852481,-1.89047831917747,0.0116227089852481,2.4944121591417074,-1.89047831917747,172.83862315601252,137.33392936969156,-58.971837282074205,-145.6629414394278,-0.28073312472060796,0.17210549843540457,119.49709432275368,301.682610639249,738.3334823424229,372.7013857845329,-0.10594546267322306,-0.21099687080911936,0.9924005364327224,-0.21099687080911936,0.10594546267322306,0.9924005364327224,7.677246312025034
435.6299829642249,314.26746166950596,889.8282793867121,-22.27750083084081,879.0721169823862,530.567298105683,411.01561980724495,566.3619142572284,724.8936523762047,758.4765415549598,-50.01943699731903,518.9078418230563,797.900299102692,-341.43718843469594,-432.91824526420737,77.44765702891326,728.5124626121635,-695.1758059155866,-348.5254957507082,853.3328611898017,-359.5304532577904,-312.0754339118825,-467.3204272363151,740.8210947930575,-38.205716184779,708.7467597208375,750.7487537387836,-115.62863834058213,-136.40615590498496,991.3201739712279,-483.59155865736125,-376.3193752077102,756.5460285809239,-947.3678963110668,-82.51146560319043,296.2881355932203,-8.859421734795614,-3.78963110667996,-3.7547357926221334,566.272183449651,83.54469923562645,533.1163177135261,-578.0741110003323,622.563642406115,389.8471252907943,2.926886008640744,-16.924227318045862,0.4835493519441675,-186.41342638750416,-805.7670322366234,94.84978398138917,415.84579594549683,379.835825855766,740.637421070123,-13.594882020604851,23.68660684612828,25.206048521103355,-500.16849451645066,434.9764041209704,-136.43104021269525,-646.8118976404121,-747.7025589896975,57.290794283815224,-32.205051512130275,6.1525423728813555,14.834164174144234,-628.9857095380526,686.5300764373546,235.12695247590563,130.8903290129611,-986.5772681954138,25.729145895646393,-58.83349950149552,19.40545031571951,50.48886673313393,-377.49717514124296,-66.53539381854436,-585.3589232303091,-137.6287803256896,-44.88634097706879,-175.37221668328348,0.5603190428713859,0.28281821203057494,15.48687271518777,21.83881688268528,700.0601528747092,685.4250581588568,-1.3931538717181788,-4.344632768361582,-4.509803921568627,-4.344632768361582,1.3931538717181788,-4.509803921568627,145.29877035559986,94.63908275174477,-69.67098703888335,-137.0335659687604,0.5732801595214357,0.022266533732136922,129.81621801262878,232.34330342306413,816.1093386507146,139.52409438351611,-0.9016284479893653,-3.510468594217348,-2.2864739115985375,-3.510468594217348,0.9016284479893653,-2.2864739115985375,16.402791625124625
396.28834355828224,283.8020078081428,911.4500836586726,20.223275408109533,918.9844655081622,452.8617693522907,438.04528699315426,578.2298578199052,670.3896787783044,855.1392838335967,-9.701685097419695,431.2459189046867,715.9389799635701,-238.62112932604737,-227.04462659380692,121.47340705634545,764.9210110584518,-637.1369141653502,-320.22891915386845,873.1587945523037,-317.8846711098232,-368.2837552742616,-378.18380801687766,752.6508438818565,118.68904686677199,759.4265402843602,724.4502369668246,-103.72775144813059,-180.6458662453923,934.3736176935229,-501.86229594523434,-404.8212216956293,616.2738283307003,-957.2938388625593,-123.9768299104792,235.53923117430227,-12.596103212216956,-9.792785676671933,-6.328593996840443,513.7764612954186,152.9565560821485,559.7501316482359,-657.36887835703,641.1192733017377,321.51816745655606,15.050552922590837,2.651922064244339,-13.092153765139548,-138.9199578725645,-792.0847814639284,98.24539231174302,416.51211163770404,448.60531858873094,707.1706161137441,36.48235913638757,2.0387045813586098,15.542390731964192,-578.5102685624013,371.29410215903107,-80.00921537651395,-649.5065824117956,-710.3941548183254,98.11848341232228,-36.70063191153238,-0.3399157451290153,16.07135334386519,-494.32095839915746,601.7756714060032,258.18193786203267,205.61163770405477,-899.2954186413903,-84.17456556082149,-63.70984728804634,34.36176935229068,33.44470774091627,-437.138757240653,-66.38493944181148,-581.2311743022643,-126.58162190626646,-40.58293838862559,-175.20826750921537,-0.0315955766192733,0.6258557135334386,17.809636650868878,48.519747235387044,637.6690363349131,738.100579252238,-3.0118483412322274,-2.542654028436019,-3.458662453923117,-2.542654028436019,3.0118483412322274,-3.458662453923117,154.26961558715112,119.93733543970511,-63.926276987888365,-140.73617693522908,0.15534491837809372,0.23749341758820433,125.98630858346498,257.19562927856765,780.7935755660874,262.22169562927854,-1.3844128488678251,-4.4942074776198,-2.0679304897314377,-4.4942074776198,1.3844128488678251,-2.0679304897314377,11.94681411269089
303.7829587553868,1112.4436873818893,329.97219338649063,228.16575009385068,194.7121804745487,320.1122646133415,273.55702269263753,228.6773887115615,485.18859134723255,375.84017575246105,425.92686919320164,420.478461664282,471.87647860608894,553.669041371428,449.3907993050216,280.993323878089,346.89516998964865,283.8989319128633,260.3909633895387,670.6596680756115,405.84321552553524,393.61653559793274,556.7424476666081,257.09360411531856,323.6485779473823,277.6598652933618,432.42552579626766,314.69995454751734,523.8379029938103,482.21215872620445,393.4186396272542,635.9476484671335,394.5061807973509,207.15373010955386,237.4383174204918,324.61855111215465,432.2099498020675,711.0368572898752,459.99883576393165,155.21189832718582,221.1664175060617,272.2541887484202,257.9822494855399,435.1976324092478,253.8616414437961,867.2997281825283,698.2381510343608,709.6021807236225,360.39565444675037,171.8385440194752,308.3850915923155,525.4644494306535,332.3700608141853,326.5600154180084,836.1086704578103,898.2777655954416,924.6527493911783,310.45469753913864,461.2162700634507,288.72507357597283,213.59935526753617,476.71643343917293,350.5933037880785,922.6617149101569,931.2037769039758,790.2381047405761,443.49583186563353,168.71211670055348,375.92709211256357,532.903691503493,498.5456593971158,319.0156911123018,985.7744657754096,849.5356201778113,1322.925932561506,429.2937144241017,407.3234666905013,224.24637980280994,31.647295614949716,21.777659066597867,143.56076070447182,304.7876630611187,282.74015568488494,243.25760531528488,390.4734019698009,382.56726167551574,283.9708880961506,1004.7543662335921,850.7667696895572,1005.5083504389494,850.7667696895572,1004.7543662335921,1005.5083504389494,142.5156322637809,82.49534130724936,21.299772876814103,130.09843317446908,310.2626235853799,324.9400188476994,353.110444713214,454.8518760427411,423.1381999345261,397.2378252685771,792.5855727727208,932.8383571595548,973.6180599568852,932.8383571595548,792.5855727727208,973.6180599568852,21.44130857629686
31.169901935853428,22.315448394848634,16.828437070636085,53.05198199690558,32.344334576073244,96.67259709764056,147.87956681675286,182.87752679102346,146.46824141011177,155.15025457224954,211.86872226482723,188.16816594817482,255.7953418808793,374.74174623094615,394.2849533047571,95.93229562778869,60.3539253439816,60.59145172546312,59.229480529368985,25.82919312948194,52.933570322160605,253.81217801053612,196.86053698459384,223.0938637424201,216.64623130709677,115.9575648591024,123.90792133145315,234.5455409068119,185.01786204891812,111.14497939501383,266.1036763269677,211.53199671182685,225.80043704016256,45.02822818471878,84.1686073297891,104.10306727185618,173.88768815224864,76.07633738863164,109.94199450323582,59.26265022032511,89.77204814524644,74.01559192227876,154.35088873881932,128.73420525813017,187.00025399409125,440.7187147898901,329.6144043817939,372.84581222591396,155.1377546516056,83.82307507697706,161.25501963978053,213.79959286949114,265.3057714813335,180.8381157782442,601.7380338346917,421.15000197738607,474.3957425418258,137.99750513169303,161.26657141842804,115.25929871526455,158.5460263472932,129.80218622505052,165.9030446367817,387.76592538243773,283.35496037101376,322.6719739791386,244.74733318915906,158.5585429280707,249.80996018860736,208.62183978485638,127.31545096958908,262.60626390063396,629.1483743431664,469.98366799593344,385.4468604167663,318.44487892873684,217.40113171462636,188.19273512249995,4.681836745549272,0.719924928753838,169.6303861210596,5.358299790729647,3.937371863919149,4.336355713526238,17.48289926588688,5.214701263094244,4.810992018490113,18.36878382983822,21.367563745651516,17.56608040894232,21.367563745651516,18.36878382983822,17.56608040894232,1.1725347360604914,10.102703323333227,7.428416235805669,8.959176107611968,4.743991857836152,3.786201584063955,9.476239118362336,49.048422810725334,78.03311941462022,102.11452429929403,27.17002566733803,25.41627013493453,23.250116534450814,25.41627013493453,27.17002566733803,23.250116534450814,0.7772318300783834
37.70580186252889,4231.342943902458,144.41497654586203,29.416941925684917,36.4402417285296,76.20768627728174,63.364376276646865,31.93562676890906,77.59904916528643,203.94852752220152,188.75158778311098,165.32773165799603,318.90515831513295,1115.814500712372,23.33452377915607,54.35400099616636,57.5723078077471,51.94057910439655,16.253415621097034,4135.366258801355,1122.4685321639793,173.3498716169839,201.27897405567887,237.99286476518242,176.87366394007478,166.33640967515987,133.85971158489113,65.40723885523927,115.36643058296572,52.39632101767736,145.22866472615357,81.54424559412179,127.45741874334266,25.855468017046157,31.444280106258745,61.3108895113526,109.09113376677197,59.64904733339181,53.0028986384062,27.109634674084152,54.20539621355281,30.432554032987678,220.9135962205882,128.23929072487525,128.73783550043166,331.9099601288896,232.96611122832823,236.72950188101123,111.68167845945868,113.74859388429921,97.9243616482361,185.8706323692367,299.6299260117956,128.76472824782022,397.67012171354804,354.0516686828419,582.2611306091469,177.48850771632652,163.39837838847987,96.57669194070851,32.13193087065832,50.004139441103845,75.79276609039599,121.01006365307285,127.52136666270319,84.63514713060194,51.60731123832105,71.4613723741759,79.437283633211,101.1777492374983,62.636595665950104,136.38963800696652,369.7497944131882,206.5571754074459,217.06297738700357,42.21435200135901,95.86967445096069,29.456551502034703,0.6169250663555995,0.7963565479095158,2.118519055679846,8.263461789891029,8.796110733026257,4.88381548801777,14.534752722637418,13.125441694750394,9.769859326601141,38.28700800766346,22.247285796639044,20.421806095851238,22.247285796639044,38.28700800766346,20.421806095851238,0.8984042102081573,2.0904796079925534,0.9427308154117299,0.5188132552242657,4.091731026064406,3.1279182712443503,3.452153868188746,8.528827616738628,10.070085842661781,12.005785086303183,24.48918101932003,21.34402181426806,21.787238296718474,21.34402181426806,24.48918101932003,21.787238296718474,0.581071367719792
26.343479714779654,13.594766257432113,17.39337419399524,34.32310534863292,52.12937615761503,87.2295261561249,86.60808388811235,101.025372832318,84.96613446292571,233.17947573509306,226.1375541274446,236.47699176755984,135.32705752606782,139.15375085468972,284.8896278315458,59.39248624364432,55.712096475548684,54.43844732751273,22.196049186076998,14.104100474269003,24.658456051470584,284.2345353796452,221.7973645353097,198.56554374027525,237.08483426302732,212.87952109654967,150.15604921204115,102.69044049535087,76.04685489090906,25.88570668171023,162.17436585976816,54.056689610359776,132.37629697574687,27.64990416608279,49.61161609550672,84.84828682658913,87.87255704549271,47.93647390816497,45.73428326645045,42.522944689325364,54.874016245340435,45.05737805016398,262.7190477100392,161.56009279707914,194.1718808368606,329.0181769188332,248.31708072756496,250.80465415625855,211.55291741676487,145.79078168549398,165.0569434525596,216.35450405750817,291.9333179574311,173.86754923310343,309.0412019161463,293.31632284859324,444.00066124291743,169.59608967996317,182.37652421297773,162.06494128311581,83.04953087852931,81.96540361878849,85.85470732356447,80.39585093034445,58.38906495739892,46.41394264424084,162.17120827401902,84.06801626700809,67.0048662098205,67.30853906483173,33.18485802654775,136.01336597080365,238.58983681999806,77.55910441547782,75.48057441074613,82.34680777456484,74.94915049391875,40.83788478134777,13.506183911982452,7.917987379400456,2.102518540625087,3.9811433063678305,4.192124776309376,4.33349351539326,9.593687429418633,69.99843299996108,63.53297265122412,21.18318578566122,20.949880158685893,17.935203637429428,20.949880158685893,21.18318578566122,17.935203637429428,14.568145141910462,18.273338726158656,4.157323276416235,5.193132031020047,4.413624778468925,3.4794948420421394,4.171974974337404,18.3538140237048,31.73364583194279,128.3702783309375,24.61822108078449,21.27854715972133,22.626117136874292,21.27854715972133,24.61822108078449,22.626117136874292,3.1392661888152085
70.38961476580819,66.24799236566217,38.63100685161513,74.7914326955263,36.667365278213055,73.20895307870217,171.07892931473074,162.24614322485868,132.353714473369,144.48696058831936,197.24152284112935,200.45833071318285,283.99886198954397,407.49745444373247,482.739516751102,124.65166510061228,74.09000623421862,77.70969456984133,90.41880520364455,71.50572487587833,60.3331237864126,322.27633083397103,256.8882416251429,189.24366651792005,224.2368239536989,131.12538656382117,145.97975017931145,231.2447671795095,247.95859537917303,127.55594685349278,289.0585524007784,237.29008638374484,312.2569051712225,32.39374590447765,93.4244788737922,83.65212220418499,240.5663476296821,83.67068636152997,139.11576162175794,48.56764589161398,145.53275737437812,55.310114953354876,155.42517675051158,145.49797968888114,177.38847961803248,615.4613922796799,436.51294684460686,497.62973071638123,221.41230763650927,146.58037863464682,233.6512933022824,198.86816486242967,269.9016448860297,218.77406497119009,769.5028460342407,559.8242738770077,591.3655567146659,148.43531483940686,180.8650754848099,199.73256591537017,150.69515972820602,142.656903393841,205.12559067320038,473.17684565416954,408.2843289619963,451.4057904935825,269.3508900347761,161.6615977318227,298.48609556290387,243.63287474707235,157.0588667742645,315.35453177635884,800.8095358003934,670.3529636291869,450.43500815683586,295.29491285992697,259.17979113823236,113.03804183323126,15.86949838481967,6.875953725742506,2.25560843165353,6.338535852043781,5.710082405437303,5.722246513529062,32.01008046287535,75.51074618022584,66.29511513638808,27.71469674754605,22.198547347923867,19.454443655148083,22.198547347923867,27.71469674754605,19.454443655148083,12.614353555684087,27.797639108643622,5.403482074507678,5.086392151315224,6.969445836611729,5.039265911976985,6.112441450969452,27.990713156872165,39.788783149067015,131.11124626475697,27.091203452675597,24.645548235287535,29.07891813837658,24.645548235287535,27.091203452675597,29.07891813837658,4.6153964904966385
Lie
5
0.0
0.27001844646918366
0.25536699192293133
0.5567136069566913
1.0060370885557322
0.27001844646918366
0.0
0.06018866667297357
0.807249630737561
0.20036577001660985
0.25536699192293133
0.06018866667297357
0.0
0.1106226481545759
0.21538537984689332
0.5567136069566913
0.807249630737561
0.1106226481545759
0.0
0.4321336895485798
1.0060370885557322
0.20036577001660985
0.21538537984689332
0.4321336895485798
0.0
2415.327961228364
17101.494872328352
2
1887.779117955493
-8.542184478019609E-11
5310
0.06018866667297357
16319.102433362625
4600.834562024813
1.443322054765124E-9
1327
1123.6124596885838
790.1839562304176
-4.430216300077686E-11
753
877.4010512832251
300.55097069563385
-5.048340041437309E-11
718
2566.581352008092
959.7179724164166
-7.193526337042169E-11
1209
7882.487183444424
1471.1357588902042
-8.542184478019609E-11
1303
110
295.0689075332336,205.37974729546158,157.06656517021082,170.5098947870411,153.77143455336918,102.98366550263435,187.47306637544082,247.70131507908002,183.66160344919155,227.97020494725112,215.2924897305097,122.07704622622708,354.60983861228635,222.79983957631137,273.5629185099331,130.62858177863617,81.44312460351297,363.74448186978145,286.4606156215029,217.28823216274625,245.18352842961121,337.98320322289015,431.28867224784153,289.77818509835384,242.0349513381195,141.28786053145853,207.97499796492176,331.5365496604295,234.47521864803258,271.88856887254445,368.3897371220963,226.79838127869542,246.61546011300447,143.38970433458667,116.27508122531222,182.14053423662523,189.21565212921846,317.52943205519097,185.1841659164059,256.8767469403643,163.09161427489357,123.965912873411,166.10907414376683,207.72138760384937,154.3108293807014,258.2808430549476,206.92725704610473,293.30210742554436,203.9655830189822,176.72051590253744,210.73337022062555,226.46279351776803,301.2493647138124,93.15585561642965,330.6930252395941,309.0294176445129,441.1309120894503,186.90721638072577,255.84237662129993,170.3183863941078,257.5924392831365,179.60219295181398,192.347267728293,425.31266317259417,440.069842648378,358.76179967202194,206.7425167931108,203.25449567952285,198.61978654188064,208.4471917118633,281.0515852540654,307.95603039096767,515.118021704962,505.3021319056214,586.5406776875504,298.5214466200023,247.46169890390163,164.53597066514757,29.430493578361382,23.043152907816964,112.63940222406596,182.4299764924037,162.08200034550845,145.5513999057097,535.9961694793377,407.0953486188631,251.5310061571311,536.780503857111,413.3274822612745,471.79015689166886,413.3274822612745,536.780503857111,471.79015689166886,46.771436142579084,122.39509865366321,23.96017689701966,43.04781237690339,163.33050177840045,181.944137580482,176.6268493853014,273.5989387099154,275.9497334725856,259.6889892074103,465.349089363573,561.3259526091958,474.4785301351541,561.3259526091958,465.349089363573,474.4785301351541,34.51782847967201
-179.64983578177356,-58.018909806736765,948.5065922888564,87.68558056195923,141.53644207817993,991.199181050247,-107.46170338977821,-108.82086961918597,946.2071342320894,162.4421845574388,260.37551789077213,901.8440677966101,679.5624223027474,-135.29970157125308,-619.1236483376845,-460.88993264772586,792.0400642131146,147.57684462828715,-453.3459239697428,567.4908633982752,534.1334253247086,-552.6577830659566,142.98951159891863,590.3047599004958,-577.7715630885123,251.4674199623352,744.3653483992467,320.97874061129363,-686.7519986092439,437.2186096407193,68.37913653856174,-658.9885125387999,576.8761553635098,-402.0122410546139,478.8502824858757,-744.7954802259887,6.680225988700565,5.041996233521657,7.395668549905838,-624.2770244821093,321.30018832391715,957.5376647834275,105.00338983050847,589.9169491525424,741.4120527306968,44.1361581920904,-33.297363465160075,-10.987005649717513,-733.4470809792844,-574.1322033898305,95.13333333333333,-125.82580037664783,-20.106967984934087,918.6529190207157,18.161393596986816,-20.397551789077212,-13.994161958568737,-684.5122410546139,456.0393596986817,-276.12448210922787,81.30621468926553,-822.7263653483992,-446.1883239171375,-26.218079096045198,18.597363465160075,20.343502824858756,-1056.6632768361583,251.00885122410546,-76.54595103578154,573.1024482109228,-571.6077212806026,406.5960451977401,-70.09943502824859,32.0271186440678,39.398305084745765,85.67212806026366,-232.94256120527308,-797.1868173258003,-101.44482109227872,-18.47231638418079,94.05160075329567,2.119020715630885,2.787758945386064,22.351224105461394,-238.44199623352165,310.1642184557439,606.0335216572505,29.261393596986817,-6.26120527306968,-28.93126177024482,-6.26120527306968,-29.261393596986817,-28.93126177024482,146.4099811676083,55.54237288135593,-13.930320150659133,113.18512241054614,-32.050282485875705,-3.006403013182674,88.53709981167609,-738.3387947269304,58.2789077212806,394.654802259887,0.08644067796610169,-26.753483992467043,20.564595103578153,-26.753483992467043,-0.08644067796610169,20.564595103578153,-72.09114877589454
-166.42507068803016,-5.558906691800188,951.1470311027333,57.39756097560976,252.5731707317073,937.1634146341463,-116.28883291351805,73.64735516372797,845.1931150293871,216.02562170308968,271.3790504898267,847.2471740768651,682.8659942363113,-155.06051873198848,-534.6340057636887,-446.48406676783003,786.7207890743551,45.922610015174506,-429.4559925093633,523.9260299625469,517.1432584269663,-525.4566691785983,163.9238884702336,580.5275056518462,-542.640542577242,315.32856066315,727.5749811605124,102.70557491289199,-594.712543554007,489.76480836236937,-86.93201581027668,-584.8387351778656,476.73201581027666,-504.58327053504144,483.2991710625471,-602.9155990957046,54.38733986435569,22.11605124340618,35.665410700828936,-411.45666917859836,236.36322532027128,977.1846269781462,23.181612660135645,543.9216277317257,748.6254709871891,133.29163526752072,-100.97437829691033,-18.318010550113037,-635.7174076865109,-643.1868877166542,64.62923888470233,-125.23662396382818,-27.455162019593068,889.6428033157498,58.41446872645064,-104.30972117558403,-98.67520723436323,-666.2810851544838,353.93443858327055,-256.92840994724946,-87.38884702336097,-728.2396382818388,-472.70836473247925,-25.128862094951018,57.09871891484551,32.82667671439337,-948.1039939713639,323.060286360211,62.54559155990957,527.4589299171063,-574.8244159758855,201.3715146948003,-67.02336096458177,34.54031650339111,-10.711379050489827,-120.18311981914091,-204.6669178598342,-707.2471740768651,-106.77166541070083,-16.845516201959306,85.26601356443105,7.276563677467973,9.78372268274303,37.9819140919367,-221.81989449886964,302.5870384325546,654.0851544837981,117.30595327807083,-23.75357950263753,-112.05953278070837,-23.75357950263753,-117.30595327807083,-112.05953278070837,127.83044461190656,71.17935192162773,-12.914845516201959,109.60587792012058,-111.91484551620196,-13.961567445365485,110.47249434815373,-605.1899020346647,84.80482290881687,506.30821401657875,0.5591559909570459,-98.74001507159005,89.34589299171063,-98.74001507159005,-0.5591559909570459,89.34589299171063,-52.58779201205727
-279.2749003984064,38.918990703851264,981.2934926958832,-33.18193891102258,82.62549800796813,1008.2084993359894,-116.81718464351006,-309.6471663619744,955.0274223034735,121.93227091633466,501.8645418326693,858.7622841965472,358.9003984063745,-342.33067729083666,-882.6361221779548,-489.2629482071713,810.5378486055777,304.5471447543161,-724.4329349269589,585.6826029216468,262.5325365205843,-720.6533864541833,304.6865869853918,574.4913678618858,-825.1009296148738,334.03452855245683,499.8207171314741,622.6566164154104,-723.321608040201,168.00502512562815,403.67197875166005,-662.9681274900398,594.9654714475431,-379.14077025232405,497.90172642762286,-776.0358565737051,-10.44621513944223,1.3798140770252325,-1.3559096945551128,-740.5537848605578,230.48738379814077,967.597609561753,97.45551128818062,375.601593625498,914.3227091633466,13.755644090305445,-10.893758300132802,-6.424966799468791,-890.9867197875166,-405.60956175298804,-155.56440903054448,-353.84196547144757,-62.24169986719787,920.0690571049137,-0.11819389110225764,9.439575033200532,14.880478087649402,-490.4249667994688,678.0385126162018,-363.6281540504648,321.1460823373174,-815.0252324037184,-464.5604249667995,-33.75166002656042,9.168658698539177,13.386454183266933,-1121.7025232403719,57.02523240371846,-155.46613545816734,582.6653386454183,-428.56175298804783,674.2443559096946,-60.950863213811424,32.37848605577689,40.08233731739708,276.97476759628154,-405.1394422310757,-826.2523240371846,-66.88047808764941,-25.762284196547146,122.44488711819389,3.1235059760956174,-0.2749003984063745,8.747675962815405,-816.6042496679947,392.261620185923,383.3027888446215,0.4050464807436919,-2.1088977423638777,-3.1195219123505975,-2.1088977423638777,-0.4050464807436919,-3.1195219123505975,150.30278884462152,-116.95484727755644,-42.46879150066401,93.26427622841966,-12.54050464807437,6.069057104913679,114.48472775564409,-745.6932270916335,268.531208499336,331.2895086321381,-0.5059760956175299,-3.9787516600265604,-3.745019920318725,-3.9787516600265604,0.5059760956175299,-3.745019920318725,-106.18990703851262
317.5793871866295,158.6824512534819,971.3189415041783,43.71866295264624,190.81615598885793,1016.0097493036212,-66.08077994428969,-54.16295264623955,1013.2869080779944,8.36350974930362,118.87465181058496,996.1058495821727,765.3704735376044,-247.21866295264624,-628.4693593314763,-495.4122562674095,788.2186629526462,-392.98467966573816,-569.4038997214485,291.46100278551535,758.9178272980502,-610.4914040114613,-126.63467048710602,792.8137535816619,-285.1406685236769,202.98050139275767,983.1894150417827,121.66295264623956,-773.3579387186629,614.2771587743732,-168.26183844011143,-777.7367688022284,583.3300835654596,-416.7701949860724,490.24373259052925,-768.058495821727,-9.685236768802229,0.692200557103064,-0.628133704735376,-549.4944289693593,337.74930362116993,1059.6810584958216,4.2534818941504176,817.4317548746518,571.683844011142,13.729805013927576,-10.662952646239555,-9.029247910863509,-641.2674094707521,-678.7172701949861,247.27437325905294,-15.146239554317548,249.84679665738162,964.9610027855153,5.422005571030641,7.146239554317549,12.142061281337048,-866.7938718662953,233.29526462395543,-408.6281337047354,-9.050139275766016,-967.7284122562675,-239.36211699164346,-33.33286908077994,4.087743732590529,12.786908077994429,-983.08356545961,450.6239554317549,-0.6211699164345403,673.9122562674095,-696.650417827298,252.3217270194986,-62.420612813370475,26.671309192200557,38.66852367688022,73.55571030640668,67.10445682451254,-949.0222841225627,-96.41922005571031,25.176880222841227,-128.62116991643455,1.2089136490250696,0.4735376044568245,23.93732590529248,743.458217270195,-436.57103064066854,457.6225626740947,1.998607242339833,-5.967966573816156,-0.20473537604456823,-5.967966573816156,-1.998607242339833,-0.20473537604456823,146.03481894150417,56.221448467966574,13.266016713091922,126.54735376044569,0.6253481894150418,-0.22701949860724233,39.55710306406685,-756.0640668523677,-225.5125348189415,546.9401114206128,0.40807799442896936,1.6866295264623956,-1.4651810584958218,1.6866295264623956,-0.40807799442896936,-1.4651810584958218,-48.25487465181058
-420.4117647058824,-48.18964003511852,915.7304653204566,34.98717948717949,79.81959706959707,1025.1373626373627,-69.41606591143152,-285.25437693099894,969.9536560247168,52.790736145574854,395.1389578163772,917.2390405293631,831.436170212766,159.41489361702128,-630.4148936170212,-448.4830438378825,811.6699751861042,350.20512820512823,-570.0897435897435,576.9522144522144,518.2400932400932,-411.55748552522743,461.0339123242349,541.6253101736972,-777.5657568238213,255.17617866004963,600.8775847808106,591.3904052936311,-739.9280397022333,232.02233250620347,354.72291149710503,-690.328370554177,601.1703887510339,-361.6534325889165,458.5260545905707,-807.9586435070306,-9.420181968569066,-0.5831265508684863,-2.392059553349876,-716.5277088502895,370.49627791563273,948.1224152191894,190.5616211745244,465.26633581472294,853.2737799834574,14.324234904880067,-12.704714640198512,-6.5525227460711335,-920.2001654259719,-404.1298593879239,-36.26385442514475,-296.28205128205127,-130.4441687344913,935.166253101737,2.4656741108354012,8.084367245657567,12.846980976013235,-526.191894127378,673.7990074441688,-294.90653432588914,271.4987593052109,-831.8850289495451,-475.38047973531843,-36.416873449131515,4.650124069478908,10.066997518610421,-1120.181141439206,111.32506203473946,-154.15384615384616,602.3639371381307,-446.4234904880066,655.8966087675765,-54.424317617866,27.74028122415219,41.52770885028949,302.0678246484698,-343.7890818858561,-818.187758478081,-110.28370554177006,-26.587262200165426,138.03225806451613,-1.3068651778329197,0.0016542597187758478,16.520264681555005,-582.5698924731183,445.41604631927214,603.8734491315137,0.09181141439205956,5.171215880893301,-0.8064516129032258,5.171215880893301,-0.09181141439205956,-0.8064516129032258,146.54590570719603,170.6509511993383,-29.812241521918942,125.90736145574856,-5.136476426799008,0.4160463192721257,110.72043010752688,-697.08105872622,256.84532671629444,423.7411083540116,0.04714640198511166,-2.822994210090984,-2.7559966914805623,-2.822994210090984,-0.04714640198511166,-2.7559966914805623,-97.88916459884202
-186.14331210191082,-295.99575371549895,944.7112526539278,261.5045045045045,92.6086086086086,991.2392392392393,-151.16884113584038,-45.00613967766692,984.9877206446662,317.9263238679969,62.54412893323101,916.1174213353798,673.3069518716577,-207.3144385026738,-537.2598930481283,-451.6532507739938,770.6594427244582,270.249226006192,-148.7415611814346,744.668776371308,599.2763713080169,-582.3284727551803,-118.30237912509594,542.9785111281658,-446.48810437452033,161.991557943208,904.3223330775135,227.8598484848485,-662.290404040404,632.1098484848485,-102.50268610897928,-637.6907137375288,642.3131235610131,-340.0844205679202,475.8894858019954,-799.8096699923254,-8.051419800460476,-2.6139677666922485,-2.834228702993093,-729.4336147352265,405.5709900230238,884.1665387567152,168.8250191864927,750.9009976976208,623.8756715272448,15.311588641596316,-8.90023023791251,-11.350729086722946,-619.4489639293937,-701.302379125096,309.15963161933996,102.51496546431312,-34.650805832693784,906.5395241749808,9.313891020721412,6.212586339217191,16.253261703760554,-861.6968534151957,352.42210283960094,-154.66462010744436,-12.176515732924022,-835.0046047582501,-495.44512663085186,-9.590176515732924,5.772064466615503,25.349961627014583,-1111.2455871066768,309.344589409056,-142.4198004604758,531.3599386032233,-698.247889485802,314.62240982348425,-97.29470452801228,36.19339984650806,88.46201074443591,-9.342287029930928,-224.71373752877975,-768.8334612432848,-110.56254796623178,-32.43898695318496,168.48349961627014,-0.03376822716807368,1.2931696085955486,18.830391404451266,-143.01227935533385,556.4205679201842,769.5963161933998,-1.6408288564850346,-1.6155026861089792,-1.113584036838066,-1.6155026861089792,1.6408288564850346,-1.113584036838066,163.16270145817344,32.12432847275518,1.2778204144282426,109.17498081350729,-4.966999232540291,-1.8012279355333844,57.60936300844206,-898.2041442824252,-118.10207214121259,206.66078280890252,-0.19339984650805833,-4.478127398311589,-1.6577129700690714,-4.478127398311589,0.19339984650805833,-1.6577129700690714,-61.445894090560245
341.15478047184416,248.3957044875377,307.7854635440205,192.93181169717505,252.07030628805026,189.8636060344009,300.666294597722,383.3820131071506,328.4787774165349,302.10629257384977,272.2048269708806,198.05303258373235,419.2152679602705,316.26518513404073,336.51314711041925,218.8438960696104,125.55528674914521,408.1412559625591,358.0488269044531,268.47947212156095,333.98983799683975,337.60712087903835,460.4701244705963,324.5596863514596,276.7975442391779,221.86716017215994,228.31020727539666,401.44750133062706,424.36166035455864,337.98596837702297,476.9297096073372,414.21463652594775,332.12425013297684,218.5157330772017,192.9035392021569,315.4798645037655,372.57161934851416,633.3216213857793,367.9083549592642,406.0271830152118,214.78300271307825,146.6637574262156,254.9625341881227,256.0357927839168,175.00594012560362,502.5943523953407,404.467572794879,584.2117375560864,281.46062286426337,192.33627864064553,228.40070168910356,285.93999636888054,359.61475436244064,164.12208210557614,650.9209371320245,607.3372599211533,874.585097501083,195.20714556507977,329.9607400387745,241.29246349685445,376.9110314212635,269.59179493019644,304.49443317068915,811.8302808781309,871.1856062480615,709.0443763997467,367.5578936236189,254.32311780131863,292.82475235117226,366.13284551768663,355.13319797275324,424.4020012974973,905.9488914244334,979.6366587168227,1107.616371987546,373.9284302734014,317.4248106094069,246.7640175086934,38.35676195269628,25.540895707876704,125.7775068111016,364.47388217150234,323.92877516344754,289.90059611946464,529.6995790144954,503.0803977987687,380.9723047236808,1068.56152154498,825.5973295398682,938.2187016090395,825.5973295398682,1068.56152154498,938.2187016090395,88.23377033642535,105.72805590576638,20.73541169830341,75.06581764690677,305.73729022092067,362.7857806675378,346.69479967574495,471.286578765831,356.92697163959326,411.787353179603,930.0644251457857,1119.1434653371916,945.0202669006783,1119.1434653371916,930.0644251457857,945.0202669006783,30.889472624627285
34.05990685264052,105.11844926356035,19.753337252188267,215.04795381337794,12.892991995811233,15.30271954711242,103.67020934135209,31.335327554451972,23.327207018829206,115.10547629295765,82.99144552868131,63.34826956182445,200.9805667337723,141.92477527517067,29.767679743018885,79.54792426995324,67.00576717115551,45.701921842027815,99.8680703079802,65.57174021247562,159.8180208997996,199.60633642175168,66.34712906582568,204.0996646988288,38.99042315157577,72.33079210851166,35.71397151982782,15.438262323385954,44.96628586534551,166.5637259637299,164.48109887351143,13.64594257461359,110.65213546420789,46.80623080841943,89.3839340703228,35.27095031326317,18.522990017624455,18.697101734313236,15.469368162024576,51.75343127324719,67.26209187093298,47.385178630586985,101.57888376609135,21.860366779970825,19.603672232289625,22.898569084272545,19.089149079650475,21.677827511474653,30.82504394221884,8.007577126074588,81.59088984725264,66.57281042303347,137.19179195595243,18.08080301149907,28.770609651384802,25.63293210559029,22.555995423797246,52.08513911141589,32.69979266506034,93.32360396683795,61.23593988582731,76.45616982972906,91.98622049807933,20.524458697379444,18.350009433344635,24.354827764034457,46.73782930104672,85.51678416028902,75.79452720564574,69.41690717527035,179.70890091238033,55.35906773962854,24.897534215764168,20.691475126672117,20.153958453321103,6.592077024765318,128.7790989558475,50.88308013142306,7.002397293515583,4.859248813430635,6.565338830300889,15.674952659682114,9.27620609362449,6.934539902604767,63.54954996744859,20.300385858119213,104.81997589169445,19.21018474412523,22.236431147848048,19.838350828658,22.236431147848048,19.21018474412523,19.838350828658,1.3629618792695768,24.569118330575183,27.01662994067574,43.01602263689734,79.52205145971784,25.66494445173865,26.628803653216995,126.9642170620254,143.31588713787937,132.5630865828014,25.050539954355216,21.636985057436842,21.379145853528957,21.636985057436842,25.050539954355216,21.379145853528957,42.3315473139911
12.974547281861595,15.589378732614355,12.888858799961309,14.501246515767745,22.279501701825197,14.336994687639372,80.13878577644397,63.13791256878138,15.480085597950039,40.61198722315853,19.913225935866777,12.91339867409731,53.7672479418452,22.65146353861784,70.76366490254513,30.247882739852262,21.537896603906642,28.661610387569098,10.48668339867374,10.217468570347673,14.012753297120106,51.80551380203448,29.1564286705024,50.45474395831367,32.47801085277125,35.860720169472636,16.101068493451088,91.50192957809027,23.89671551076927,35.41142613594859,75.15626467876645,16.065731841860153,53.30463972985275,29.225260900766337,8.79095093862921,17.632049839872014,19.977213780854285,40.29938477547637,18.709245311086455,38.07204280201395,11.52384433931536,17.3748548811675,42.15571629129847,26.544248891565847,33.99021995262038,31.050541023786963,20.139209885500954,31.183185438723516,30.55791440901559,37.34858983911044,40.06763717478025,22.269230163157605,57.9802682209554,14.511617434146624,49.84980415142885,25.601703134997635,27.86712619028065,29.979339539318836,67.89370850067411,20.820200994584383,58.30167535033286,23.786475781662077,64.38904861082523,28.274541784011408,18.998622578891972,19.912864471460733,69.87453376388463,5.3627762911513415,46.160277413624236,8.98669962091136,18.250207957189932,91.98097766670188,25.259130526163087,20.68797307816279,23.87026501303087,82.06643625973668,25.889023046054973,9.186859472378845,1.7319762268151153,0.978525497985655,0.8207203500496354,6.825444943644743,7.66660577392148,7.726512495926252,9.75189045922788,7.561728994073339,9.224211250855365,24.45132923880154,18.40533331956205,24.123950722579444,18.40533331956205,24.45132923880154,24.123950722579444,0.18344877738067084,28.822299539733987,1.0708452896235054,2.8588090809687174,7.071681071010441,8.241473834500221,7.990681355661566,16.196537541925988,23.51382830589709,16.7440501221319,28.46842272160704,24.9587802904949,32.754839933794685,24.9587802904949,28.46842272160704,32.754839933794685,1.174079620373906
130.39030863353076,116.14951214712192,85.20134456090119,99.26144232602287,66.45680775232461,16.856796848868036,51.41069636158686,57.035403807843416,23.072876800177816,104.25007367445755,79.71295074076964,54.20122794122762,14.249360303045014,12.207356828619808,14.172068223462936,67.30117825640863,50.78078552848602,112.76689873584769,137.67884980023112,147.2088311014333,157.24470721537557,391.0934199456672,440.5813378250725,271.3564578309257,51.51781520394544,78.10080869934211,83.10483626153129,93.08765242336506,30.894162678855817,118.39297985798925,168.5105774564166,53.11536735334767,84.70203374063159,77.05391694200198,52.470706344004384,51.05546532821238,20.802058043401193,21.782410878052413,16.175214149777197,48.81316015277623,173.7804340710885,36.25822449001822,80.96726741959438,84.18972110040092,59.62114370903468,29.365995166466934,21.00740139056306,22.871381572562875,40.94744612724313,118.60308832263033,105.83363033537849,74.47250937589251,112.21049018300641,36.05938790704278,39.70942497298468,33.430928527874904,27.560179359448462,70.31974914397023,110.08254789024193,93.85567526854688,84.26859183379926,38.54569640196678,29.700338082587795,27.083448058909223,27.93228867097183,26.293610465763823,27.114018056828574,99.27317506223609,81.23248351486534,26.353428651783528,125.01012930107953,95.0414952774983,35.87041298018792,24.063286596834132,25.34858503035208,30.355897208725523,153.87996099964545,44.481043462406454,33.9552160380606,11.460811570414714,12.74922871110444,9.48217013728593,8.006516214741652,14.564419401839098,53.873889596015665,166.61609651073536,186.10726371472373,23.30503897941292,30.1919844620308,28.51763584816814,30.1919844620308,23.30503897941292,28.51763584816814,19.18957580900403,9.226845972187421,6.641754013715431,12.825678676485492,26.38530222180037,10.923262159710957,15.239248337141827,155.94452670997697,126.49787997888454,142.3623419182638,24.838456761987548,29.027563413349494,24.529834163579345,29.027563413349494,24.838456761987548,24.529834163579345,16.949993359320146
84.06999293366424,99.03552955240164,49.03363113926219,39.21887262108722,62.11912376265497,19.15519942866983,176.01116004396746,87.75396740228153,96.82915181766427,219.07250188171795,50.224574102408376,79.04813440813638,428.24245282218016,220.37233325079288,317.57707565026675,105.09144944750054,68.93357277339535,342.92905837451923,183.31445589106502,145.99092996584434,74.41559423948836,378.62923534766105,373.8793956690528,336.7807012067474,136.90604592705466,66.74796640577702,70.32211721111156,267.5482386014494,143.84553806277688,140.42224316576036,237.32505682389694,152.86301598872984,328.53415565639835,107.08762477873334,96.56687504698819,49.910448208437934,26.550441152680932,26.295830093908144,17.87682280781121,143.4374251608346,95.63090361452845,162.47291363783566,99.78467641369109,65.63553318995602,55.41983221237766,48.14399719814173,30.23130276077458,42.46868112145861,110.3220058463594,73.98489104809465,29.896015339799373,43.457727559303216,401.43232239045676,63.24501713495001,94.10492974484941,48.97042991260045,57.48432247128706,42.98738121831189,142.66272365805554,126.36919686487138,78.39721911008479,177.44663197266377,143.95844421550223,254.1244012919587,116.50562278562172,106.15834048536564,88.8406183142724,136.55571236733388,162.7402333169408,163.87760078958084,330.51269921257244,157.47889972924403,493.0878931580074,250.3450541383227,383.74676016438286,315.326845451436,189.94461199325306,149.45045997077446,6.650170778488837,4.927032822010531,14.784509351870266,10.949700463676766,6.848032738550651,11.569715104702508,190.42404334892572,53.36858134945373,40.83709029067096,20.7175042664368,25.554561471813557,20.871069164799252,25.554561471813557,20.7175042664368,20.871069164799252,2.6381211153207778,136.03010831331522,9.707687303781512,9.175792317297146,23.155050425116926,15.098181446002803,22.76332792310116,39.730173809364665,123.68506977690676,95.97505942826628,25.512342473063658,27.732028080126167,24.794816055256742,27.732028080126167,25.512342473063658,24.794816055256742,21.89585627270699
Walk
Sit
Lie
