3
Walk
5
0.0
0.9362449943594555
0.6799098138140116
0.7785488978778946
0.9981443603139749
0.9362449943594555
0.0
2.21315066506806
11.588118331661468
5.107153475933369
0.6799098138140116
2.21315066506806
0.0
2.665303911337595
7.483835372307701
0.7785488978778946
11.588118331661468
2.665303911337595
0.0
4.64332955477737
0.9981443603139749
5.107153475933369
7.483835372307701
4.64332955477737
0.0
7220.20528810807
29845.76022109663
0
4935.096713851303
-7.0531684640887E-11
29456
0.6799098138140116
24910.663507245325
8716.551319365317
2.304982652931692E-10
5259
22060.044241201726
7407.852452075395
-6.056580163673156E-11
5187
18471.218420747115
6860.694185839742
-6.177512943558963E-11
5950
15303.79747995602
5708.914178016442
-7.0531684640887E-11
7153
15844.899775678974
5533.789260608541
-6.733698663022963E-11
5907
110
288.15253792562896,243.32695817025123,403.720812068042,165.48735041375988,177.25591691984332,185.58690979256178,163.34267223349934,184.5172572743092,230.80506053473187,300.32123931575484,316.28813606185366,217.472700575861,314.8177163934248,412.5283280880312,318.1225870503966,203.1812622903755,256.0699107750002,169.98298488305574,272.02966612781876,211.77258439819659,311.7436028311376,317.35068560120635,435.75673620564464,232.38838487539934,205.94651351150327,189.65889606285154,246.16642066712652,256.7626693735709,314.11417036196235,217.96764054373068,292.4463045938681,371.17271216457124,233.47116446900245,167.9583391082583,169.2136143903931,173.44544842280422,874.3967701473857,370.8082268766364,374.92146905500573,200.33086859180457,359.77668075673296,404.56381332828016,173.74397274221326,222.541947848925,169.98023064892453,1038.9012218957173,439.56753969273547,593.3959637689707,236.15718127451078,444.6274873474131,358.7045884790016,377.8509401184649,282.69535057511075,221.92549728083114,1012.6096168298375,763.789074952648,1015.9488345557024,425.0993397041479,405.41699679194846,376.97097765386974,178.2338620475344,217.64356206682817,187.6826426599361,1056.9569138689135,550.683213467133,727.3029330413624,239.47535794743047,399.8160845558509,387.2254116802949,345.2132869666523,240.18599840716067,287.4101762865768,1172.7053069773417,1013.2052883163799,1178.0374719268934,366.8877024739904,412.58012339900705,404.44471253204415,111.7799212380507,16.523681064024117,153.73698897193208,646.7202497828603,630.566139131952,633.9772054205816,498.8504477434941,624.133460670399,563.6202570560517,2356.238888324089,1298.3974051949426,1488.6517238258377,1298.3973687981963,2356.238888324089,1488.6517238258377,116.10793379038077,98.11780950937528,17.859420081788784,98.47538054793974,664.3646566079308,648.7578889125776,635.0025053808189,520.315334227287,627.860261441896,605.6846955923776,2558.1673216693503,1426.9596400822847,1242.2153709965428,1426.9596383984244,2558.1672170254947,1242.2153709965428,58.278025858659284
206.91641084472184,1014.9116206905928,159.89615763985407,-61.73570144309505,982.723320813835,232.23894952354507,428.88732007902416,870.6756359567034,190.56835266562962,414.0466451495228,838.3668956357968,90.54132224322655,381.88371412850285,899.759834108063,154.79012409821658,178.73163362303097,730.69520640956,-617.6509030418251,-136.69549813999714,958.5493748901602,-83.43207810616445,-191.18023629878925,499.4434680949007,701.5586738494017,105.92938620315046,1045.5904739272135,233.59488728951658,-59.03555574420917,856.2833994811444,418.5765510439896,-430.85978073262146,771.8490553073848,337.5063021041358,-924.4412343834872,-161.39594649646932,283.63080526887563,-189.68179657794676,-74.33765616512765,33.03642721347094,470.93390141227593,37.61539244975557,-96.9736556219446,-944.5902023356871,161.50115426398696,186.5189774579033,-170.64241580662684,6.467341118957089,105.10901004888647,460.6250678978816,-143.40246469310156,-165.19405214557307,-660.4917504073873,416.9599402498642,464.0282794676806,-107.82658881042912,61.246842748506246,140.71421781640413,295.6709668658338,-175.2954576317219,-350.6015073329712,-918.95291281912,-170.23051330798478,295.5687805540467,-186.82146252036935,-43.869839760999454,80.74304046713742,445.81912004345463,116.82635116784357,-111.92850353068984,-842.8012629005975,-389.8335483432917,-129.21472705051602,-208.21740901683867,-68.2856803367735,2.733466865833786,393.6298546985334,185.63009234111897,76.16485605649103,6.218665127648017,-39.359994568169476,-63.65799837045084,1.4122080391091798,-7.537683324280282,29.46700162954915,92.04070478001087,804.8789720260728,740.6365086909288,-26.933222433460013,65.46788430200978,154.66271727322106,65.46791825095058,26.933222433460013,154.66271727322106,14.452369636067354,12.812669744703966,-37.00088267246062,-122.22932509505704,-41.75675583921782,-32.00346279196089,108.64031097229767,305.8305608365019,634.5259709397067,731.852050516024,24.254786800651882,147.2744771863118,126.87805540467137,147.27451113525257,-24.254786800651758,126.87805540467137,-30.25709532862575
221.50248433786996,1016.9241736876215,176.86757399006265,-40.049139579349905,997.5462715105162,240.84646271510516,437.5385852090032,884.3776125401929,260.71804662379424,437.47283126787414,914.4859866539562,76.7998093422307,443.6775464265616,891.5512099043332,163.53151378728194,201.92298916143753,807.4388667046967,-661.7834189009318,-118.81666290358997,962.5540754120569,-63.00022578460149,-173.20701486847122,502.27697293175754,723.2304613038506,132.0969766115231,1124.5464917284655,228.979083475946,-69.48654754569726,834.6853563360033,452.5988909426987,-477.0139021138831,747.1135021900591,363.96610169491527,-949.5774862141092,-164.81403308613804,234.34664384864044,-130.0076060087469,-27.823540597071688,-4.4040692146795966,461.811180832858,61.097356911960446,-106.32154401977563,-953.1578246814984,176.87697280851873,174.73093744057806,-117.82810420231984,-1.1810230081764594,115.57444381061038,474.9440958357102,-106.80984978132724,-145.98783038600493,-649.5272865563795,434.81384293591935,451.42403498764025,-56.75489636813082,54.121886290169236,144.66058185966915,317.0752994865944,-190.38771629587373,-321.8708880015212,-915.7153451226469,-211.1199847879825,266.99980984978134,-197.39151930024718,-73.06217912150599,122.75280471572542,422.74462825632247,125.52709640616087,-133.79026430880396,-775.2648792546112,-407.7046967104012,-152.95968815364137,-182.65982125879444,-76.7180072257083,81.88648031945236,356.7092603156494,192.54325917474804,61.551245483932306,4.39323065221525,-43.3761171325347,-65.1688533941814,-27.52595550484883,10.783989351587755,-176.07910249096787,148.00228180262408,891.258033846739,937.8490207263739,2448.6094314508464,269.1836851112379,-698.0482981555429,269.1836851112379,-2448.6094314508464,-698.0482981555429,10.181973759269823,6.843506370032325,-34.813842935919375,-98.0886100019015,-49.93211637193383,-40.68682258984598,43.9051150408823,385.00361285415477,953.8642327438677,674.3143183114661,2215.739874500856,-368.4651074348736,-132.23749762312227,-368.46529758509223,-2215.740064651074,-132.23749762312227,-27.70773911389998
226.91588987643615,999.5716453500976,197.65922393236505,-64.59980601357906,979.8337536372454,266.3447138700291,369.23720552396423,919.4983753046304,201.59951259138913,380.38354577056776,862.4971031286211,148.55504055619932,333.5515620680122,977.2974841028476,193.98202930605476,97.7158280316175,800.2128397917871,-595.051667630615,-148.7914110429448,964.1788229947739,-103.22699386503068,-222.33901258470473,523.5500484027106,693.8296224588577,46.14150761519183,1041.9188355504145,256.98033545401967,-77.96284700480066,912.7025673137132,400.62763514923813,-438.97605715389074,829.8084572311257,305.6964664993242,-944.8810487757856,-137.69230769230768,249.80335454019664,-247.6406400616927,-57.26951995373048,101.30807788702525,460.992673992674,50.62521688837478,-143.85926354347407,-938.3639868903027,142.35376903797956,194.4229805282437,-213.02159244264507,-9.51166377482167,86.87140929246192,478.35106998264894,-72.62386736070947,-161.9415847310584,-693.3437439753229,379.3196452670137,452.258338153075,-148.11933680354733,115.9350298823983,94.81048775785618,363.051667630615,-152.71968382494697,-309.18102949681895,-943.0817428185849,-162.5889724310777,273.41565452091766,-184.80759591285906,55.42529400424137,-1.9695392326971275,452.8249469828417,70.40331598226335,-162.44341623288992,-901.1336032388664,-375.3674571042992,-122.31019857335647,-199.27549643339117,63.289762868710234,-213.50915750915752,442.6568343936765,116.39136302294197,40.038365143628305,8.162907268170427,-36.526315789473685,-42.989974937343355,26.092346250240986,-58.66184692500482,257.638326585695,16.963562753036438,1164.368999421631,496.7902448428764,-598.1951031424716,211.15905147484094,509.2332754964334,211.15905147484094,598.1951031424716,509.2332754964334,2.9016772700983227,4.056872951609794,-31.235396182764603,-102.95430884904569,-30.7424330055909,-50.23944476576055,107.31848852901484,280.649315596684,393.85270869481394,795.155002891845,465.2240215924426,47.47734721418932,-93.2834008097166,47.47734721418932,-465.2240215924426,-93.2834008097166,-37.523231154810105
193.72637648809524,1042.9347098214287,140.08854166666666,-35.60410359905819,989.832492431887,247.4988227379751,458.81633742658835,853.7398113543335,192.41857981847303,269.98252100840335,961.5099159663865,14.440336134453782,318.18266475644697,1031.1704871060172,85.37965616045845,252.52504201680674,767.7751260504201,-557.7357983193277,-136.4610452690888,953.246357101224,-80.6044297649116,-197.60895170789163,655.8007740198553,634.3405687363285,136.61495798319328,1078.2694117647059,136.48605042016806,38.75391105642468,937.7431886095975,358.16470381437864,-310.5835155592935,879.9160639192598,393.10513036164843,-943.3334453781513,-173.53042016806722,258.58201680672266,-115.2709243697479,-26.569747899159665,-50.63159663865546,473.513781512605,62.83529411764706,-122.34789915966387,-987.7374789915966,118.58689075630252,149.45394957983194,-159.01310924369747,47.54302521008403,95.56134453781513,510.42789915966387,-72.05949579831933,-136.34420168067226,-858.1731092436975,317.20436974789914,441.8312605042017,-104.93579831932773,34.68857142857143,171.2872268907563,448.2304201680672,-122.06621848739496,-338.31176470588235,-935.8902521008404,-158.63142857142856,297.72991596638656,-187.49915966386556,-133.12319327731092,156.2621848739496,459.18689075630255,103.79915966386555,-146.97344537815127,-964.732268907563,-335.08100840336135,-26.399327731092438,-225.95025210084034,-159.89159663865547,256.390756302521,467.37008403361347,166.2658823529412,23.93798319327731,8.880336134453781,-36.28,-98.89478991596638,0.2557983193277311,-12.211932773109243,25.462184873949578,81.97394957983194,613.4581512605042,761.721512605042,151.81193277310925,-50.205882352941174,-12.9890756302521,-50.205882352941174,-151.81193277310925,-12.9890756302521,19.93495798319328,15.91109243697479,-47.72016806722689,-100.41579831932773,-66.45764705882353,-42.602521008403365,168.4090756302521,278.8563025210084,908.5379831932773,726.3151260504202,-1774.2110924369747,470.1668907563025,344.42957983193276,470.16705882352943,1774.2112605042016,344.42957983193276,-18.21781512605042
204.12667517549457,995.7294192724952,127.69160816847479,-71.74522563304569,965.3006082897157,272.55821191116144,376.16349531615924,902.5775761124122,204.88817330210773,394.6178281556115,793.9538203190596,157.97956898964455,403.4089437474707,838.6580331849453,191.42250101173613,52.259052145952744,761.3490843002936,-590.1388228715224,-137.66388206388206,953.8648648648649,-87.24209664209664,-222.44998599047352,477.37251330905013,690.1463995516951,33.52090032154341,998.3039284216412,260.1512652034111,-118.41687979539643,828.3752068602377,438.76681209568227,-491.027287993283,731.9265323257766,294.0011195074167,-933.0946456032434,-139.04389766531526,286.5538934712708,-172.3025304068223,-1.6595833915839509,134.27638752970782,487.3788620159374,-4.878232909268839,-47.9510694813365,-937.1495875856284,140.1658045575283,201.89850412414373,-171.48762756885222,-63.74360408220327,89.11799245071998,444.3626450440375,-187.34698727806514,-201.28100097861036,-650.7324199636516,405.7940724171676,456.7661121207885,-149.14735076191806,74.44722494058438,72.02432545784986,264.2673004333846,-169.65329232489864,-405.7921151964211,-922.9889556829303,-183.33063050468334,282.13015517964493,-187.06668530686426,77.9998601985181,-11.884384174472249,451.0532643646023,138.77338179784707,-56.87068362924647,-815.4603662798826,-417.4321263805396,-151.23207045994687,-217.53068642527612,5.335942960995387,-159.05424297497552,361.8341954424717,202.60156577659723,106.12847756186216,0.8009226897805116,-43.55654969942682,-18.21529428211939,6.751432965189431,12.46288270655669,21.652173913043477,115.85390745141899,796.2433943799804,742.0219488326576,-1615.6517545085978,-34.88983643226618,799.5158674681952,-34.889696630784286,1615.6517545085978,799.5158674681952,24.27988256675521,13.948273451698588,-29.775059415629805,-164.49671466517546,-37.92352858940305,-8.389067524115756,86.24493219628128,264.36040822032714,394.6572067663917,798.630085278904,37.0064308681672,42.35020271214875,-11.802180903117574,42.35020271214875,-37.0064308681672,-11.802180903117574,-29.972179505102755
193.0329209896249,1021.5913806863527,170.5758180367119,-92.72916666666667,986.0006830601093,130.4320355191257,507.26280783749775,794.0328959194679,99.22344058960992,591.3901444350042,679.1510620220901,46.82446898895497,407.4087496764173,780.6044524980585,138.14910691172665,308.0448620281023,526.8564415100728,-691.871000507872,-141.0549764970366,961.0549764970366,-82.47496423462088,-135.47974919505168,344.98356210811727,770.5782070835452,191.9058743863213,1002.8642288809887,282.8269849331302,-59.705115736238085,777.712118264929,440.4501069830772,-430.9345984412064,682.4662826160624,338.56014910199934,-854.6055527340444,-194.01134247502964,378.9041814796005,-287.91315388522094,-266.86101235821906,-31.898425596749618,465.27289656339934,31.338919925512105,-81.28474691044524,-907.9785000846454,233.68799729134923,208.78449297443711,-191.13983409514137,70.95429151853733,140.78754020653463,401.83883528017606,-256.7805992889792,-170.51024208566108,-454.1032673099712,548.1198577958354,516.7377687489419,-70.78923311325546,30.334687658710006,229.89283900457085,101.80480785508719,-242.1318774335534,-358.0990350431691,-878.6995090570509,-136.356864736753,354.55307262569835,-178.1997629930591,-162.74538682918572,152.06957846622652,440.4071440663619,136.39021499915356,-79.47875402065347,-761.9961063145421,-408.35669544608095,-191.03978330793973,-209.68359573387505,-173.1945149822245,62.55933638056543,347.6746233282546,239.22837311664128,137.22143219908583,10.016082613847978,-36.29338073472152,-99.99661418655832,0.20331809717284577,1.532080582359912,25.602166920602674,89.44794311833418,615.5750804130693,756.266124936516,14.51362789910276,-5.790587438632131,-9.524970374132385,-5.790587438632131,-14.51362789910276,-9.524970374132385,10.974098527171153,21.31945149822245,-41.96343321482986,-131.43660064330456,-23.911122397155918,-26.178770949720672,134.35026240054174,334.84306754697815,576.016082613848,652.2041645505333,-517.9270357203318,495.8838665989504,499.6923988488234,495.8840358896225,517.9270357203318,499.6923988488234,-38.618249534450655
297.53170165173424,249.63728068312122,421.04132439729494,169.04207538184974,191.4446194650204,168.6459011964235,140.13235566366254,204.57962952672935,210.48924460493086,319.3731899130716,335.48560220493465,184.70935061025523,317.13968918533874,500.2089997133775,328.19432341765645,190.94764766312542,221.44752664025538,172.75411562234794,295.3113942718492,211.08039408837735,311.6075763150374,295.3933730455838,466.33238994721955,222.61956604558972,200.0209852731082,201.13065881113772,215.2582832524297,282.08055166411077,384.8409114281577,233.83380263408492,300.16371024751066,451.7187081639138,237.48694278537332,146.30315055649143,149.28102455246503,143.7070084343761,866.6578200441609,303.93180873372074,378.47537793960515,192.09344371629177,364.6798958360854,407.11220507581584,164.25522924941157,195.20844473645562,144.71737272400875,1017.5015385091214,391.7908167118479,558.8384035470814,207.5946284863224,443.59580228237616,362.7721227062107,378.2684802370005,278.67315176372506,194.81867314370328,875.0064820779755,779.8170556822896,1008.6437230127947,398.328266375994,400.7917218069922,373.5727599117342,186.31951010632946,209.6613234198219,174.9154254143722,1016.9016235199026,544.2323254037243,731.9212872694084,237.715134904043,415.4460793229286,374.8494242288749,400.0893880778283,234.51392329555492,297.96163076305254,1069.6923263066553,1084.8259117510636,1222.682817807204,348.7994424554753,420.6872799888484,400.42470106234884,110.48180971311099,20.00805296371893,148.7300827533584,735.4057748685277,728.7083698481737,755.7685159203196,639.7517375159986,771.7199170936069,571.2274799065527,2684.278110847228,1444.3880436262943,1252.9338572385748,1444.3880436262943,2684.278110847228,1252.9338572385748,119.68433571325102,98.78182540903768,21.57986375382735,124.46270734915217,1129.5010576231623,1117.6614560389482,1118.99209760488,1019.2467656887302,968.3401342736685,1096.2901843932916,3162.5151225520717,2204.568185825561,1632.6950034235297,2204.5680803213017,3162.5148990659427,1632.6950034235297,56.48696701848596
329.3157718250002,308.4608081402652,497.6322759949225,167.96010449375578,197.2098560021733,171.88268623570116,150.704437667889,162.45330520969154,187.0050744633463,286.4423914700471,270.4870732596462,184.23960053773754,291.5009262390956,335.99128033482623,270.57894738444236,187.50221756267695,219.50717643426918,166.63686103057051,277.79397226400187,237.27990101177932,338.08095461171075,289.9389701096732,391.05961544700176,217.81827326475852,190.90387441324327,182.26515185929534,220.03809314801842,238.61682117126685,256.5082169786011,200.88156737980168,267.7276288371722,310.89206986008423,228.03996351621024,140.39453224112316,159.6448906640374,150.34645387874184,928.0053837755702,324.415258833668,380.6206704992859,197.60121509890513,365.01816051415193,419.1405424250383,160.4475643349935,204.39025129231334,162.32348090432404,1095.4425089052156,420.5371792105991,567.2853787732579,230.2125795812368,454.162931777885,363.1986877611135,339.19964500528414,268.75528677681365,200.54921304854727,1037.097850740847,765.0787256494551,1004.5094662473122,404.41135325834875,409.2413664717655,378.3705323361223,153.2860535706131,185.86588914699755,156.01655617894681,1159.066347336553,543.9161283561716,760.1407035284079,224.58674353261875,408.4187473300473,385.9327190850332,266.11823979152706,217.01101911965654,261.5538205775532,1237.1262983538081,959.5746156589635,1169.0667026842038,322.4897667608819,428.8864022041002,405.5434512043787,108.65749262033103,24.243832863469162,153.4971226314398,1174.048096727577,1145.4677283936314,1144.6263133123448,860.3327193530791,1019.0331132365435,1085.6963736919001,2935.5709468100786,2183.426782561241,2156.7701908946597,2183.426782561241,2935.5709468100786,2156.7701908946597,116.45124462512703,96.1271315441812,11.392529920900808,129.29555359547294,192.76450861860573,216.86758113138364,88.60659558264415,118.8242577249508,86.33670652423655,70.10665856080526,716.4047112587352,259.25771406092423,256.48606004509594,259.25771406092423,716.4047112587352,256.48606004509594,54.231719824673554
275.45761958241764,244.55696633486252,386.278893307321,147.98155504130492,178.92729289213923,154.574891955881,139.33601920470855,153.69058044776037,180.09672428927496,188.66218602946248,157.6558566098165,117.83402597215918,234.97920435123683,225.26272126696338,191.2384001965756,127.28145635722217,148.95356914853375,139.24274023630596,278.02174508184663,214.0776079710094,312.1679296279252,237.42966617995316,337.30670745886704,189.89560042046898,137.89114622734238,142.90156451624426,154.6195947670536,163.28775276530473,179.59805773314665,137.69767447436436,183.24994275103572,185.68234495895803,156.72136426928517,140.10535648880386,145.0544498098566,135.35337753023208,874.2107220212275,274.7048369536395,371.5188283000575,195.30358521207745,380.5510325160159,419.1499269499938,148.95446338984274,159.2747897865077,133.41812034530457,1019.3292369441803,319.4065592470244,443.6022137447098,193.11490198085886,443.1026762131469,387.0239774202119,197.15947712785157,180.7643376147541,148.56810059802362,974.3823053781038,549.2419562412266,874.7286897896821,301.5032932718123,426.6217292093446,407.6184501719346,164.18850060468762,171.12918306795302,169.53919182634422,1097.115279284253,534.994260482537,749.0142913447613,221.20015639921456,414.0532416304164,397.609674581266,191.654350063327,187.69643420338576,169.59520155814147,1222.476729728473,957.6151826121902,1247.1380465662469,263.23655992455554,434.8579976571979,416.7619106706846,109.19421920922373,7.1349350876980475,140.94563694306933,105.84156632297534,115.14528067585685,52.0834102738258,79.79410907051671,66.16864545916071,51.08904014488812,273.04257026355054,153.14552443591575,118.56964839810377,153.14552443591575,273.04257026355054,118.56964839810377,118.0087049083534,95.81245510730615,22.72830262981225,100.87686266553003,911.0582091641025,861.712893760358,867.0077008820571,522.9297816986864,831.0764265174575,795.9751094577166,3370.524046909183,1914.9636458379748,1610.2363336664375,1914.9635361422247,3370.523640016213,1610.2363336664375,61.49858205264495
273.000139231485,185.18363144944337,350.4511780887683,158.4382627400337,163.71690414838343,161.0559055445679,159.5656435741791,177.43494868179474,210.4619844499469,292.46776937225155,270.3423335205027,189.92737775198242,341.9691369322452,444.0563929965627,346.46330609273514,162.16733328384072,177.44113674719657,156.67544680146102,246.49162649903695,193.18995921035207,296.41265883122077,295.48710118110165,396.8356647719056,225.5286846846546,186.53514654244088,152.99273336493337,225.66769446177418,254.67051634767833,332.9069169945261,223.52101148616254,294.87003546256386,403.8228478335472,247.198038539283,145.75196176213936,165.1990800462189,159.42416981746908,888.9808562129531,336.44820407846265,356.10939640317696,177.1914880736109,345.7608033443285,397.9622171723652,149.96142398318753,221.15008751403585,177.60622208189315,1043.010863431117,421.1584265687186,589.7813038368349,238.79900240261424,421.41045141891925,338.48495954693476,381.52994798535155,282.61805646020224,219.43021716463446,995.8954794682066,759.130179929198,1019.0500260067639,419.83446337684353,396.8338663379552,352.16141573750207,176.4648258134482,229.487733517178,174.0769600117288,1084.89765012206,528.8683825673443,709.0243283810911,238.75934768185266,393.94012714729996,379.57081235454984,384.7191225735306,250.82889022688227,295.3135052479929,1221.5338636638392,945.4519742665115,1065.8141423003985,396.9531246725884,407.132736612105,394.61422325737914,114.33468945510394,16.277881671701714,163.9312134276169,555.3461305088158,524.2548478260833,461.77159924856846,414.17416556347683,498.2981312224156,371.3194389963588,1987.8420560100155,1361.364509463719,1869.8213022222187,1361.3643768069032,1987.8420560100155,1869.8213022222187,110.39251055365882,102.12577567769486,7.9863301711657995,8.542352153385487,118.29355711863592,123.88150607838725,27.151649886401145,42.359414913622054,26.519808853080104,21.682769804215727,85.65140716440203,97.58363284996413,72.06582278746939,97.58363284996413,85.65140716440203,72.06582278746939,51.7930961920618
268.30296467934295,228.58802148337668,365.5582631831893,178.16493594244002,156.61355726410943,226.84427254852113,177.96299233432333,194.55281938063717,310.621734827606,305.55633312118607,415.43022892294175,319.0618193086221,352.88903870271366,449.36292599096015,398.457404224674,215.79042801638627,356.3882653930324,177.96226808674416,268.08317965223677,207.6003487126986,304.2105328213671,427.44356210469545,513.9022022316732,275.06731723295314,253.34078219763683,232.64291498105914,345.57837167315586,301.1457113848665,349.86460859214804,263.45816805273756,351.2148429571339,403.978648966229,265.18006983347516,229.2867859906315,209.80914611161504,222.8888957122316,799.8167795658158,500.0523885339966,353.1051597174109,236.74074821274672,340.59507631180026,374.0288160122615,225.74848236281605,288.8913210724055,209.38882838557745,1019.242696805345,584.8333984172633,757.6277420499449,282.63807631443996,436.93776347763867,341.04478826219423,430.17809119804076,327.8087334402828,303.93955389502787,1150.3077225325344,920.7670525195298,1145.051015826999,494.71612604402566,384.2055815981441,367.54795791226445,198.95052777161848,265.45757916113433,237.8123486952743,912.9049555604562,558.8919106642398,671.6693052929753,268.9557731178435,365.2267848811014,386.76776333755294,379.41609676626086,284.5520458907987,350.25523073822285,1087.554956409269,1102.8018754743116,1140.6866840046212,446.0239532263738,361.6807144452172,395.23268818953454,114.79138122796851,7.438363630709581,139.60457553282143,89.52200532275475,93.60231446426052,34.161191109694755,64.07734640892068,51.350659082970225,40.300164091530036,110.96903285810541,99.81779366957358,72.88428529399015,99.81779366957358,110.96903285810541,72.88428529399015,116.17211170911928,95.66890198569828,15.083996120822139,77.34003077405791,422.7760453807569,421.85298779896436,350.2830659090303,354.2706127207334,371.0699970095796,313.5387728854785,1957.320490828867,1256.378295333124,1527.9221152252815,1256.3784590242435,1957.320490828867,1527.9221152252815,64.72261288877364
Stand
5
0.0
18.007506974507418
11.119557758173789
78.73147855169653
152.99647794945483
18.007506974507418
0.0
67.13092064328802
74.17618724359345
35.15953454587384
11.119557758173789
67.13092064328802
0.0
30.15914906299174
19.105455479374424
78.73147855169653
74.17618724359345
30.15914906299174
0.0
136.12943046100185
152.99647794945483
35.15953454587384
19.105455479374424
136.12943046100185
0.0
4179.021728721389
182990.1129253248
1
1694.194977402057
-6.168438670262574E-13
50952
11.119557758173789
6178.76201636577
2249.116507958526
-4.906598782435567E-13
9344
23231.951599016276
5413.633027493022
-4.09335401598561E-13
7904
11257.285059104841
2868.9299467960846
-5.176068201484525E-13
9981
182477.26604850957
5496.963227090909
8.944220803592152E-10
11895
13074.694159627137
3808.3646434351976
-6.168438670262574E-13
11828
110
196.4762327674718,967.7084978410038,288.9058394571747,210.87214143166418,114.9371346092397,295.33816705104095,173.42597708908292,203.2802390327536,312.3866569827085,299.4193986126548,391.21939275817886,304.18074124132755,331.36588889986587,376.46987197675014,407.57500958322953,222.3477842203425,448.0011274956927,178.014977132504,213.4368953161544,164.56538532210268,266.10522923511496,357.71263175284037,480.25043632976286,249.0537295819822,229.421227443801,222.49507136836138,345.97415009254405,247.2651985641052,283.86682687558994,247.41693028562102,297.25333065305875,334.39820734928696,269.44720276536725,341.6002844334846,194.5637923236593,292.67811051571715,603.1613133202876,427.32856139777397,308.6134710398764,324.2403392009139,345.8613590124108,429.44271590885165,226.72476400905327,347.07282828788067,216.86844502823106,879.8638516527152,527.4517910039768,714.4661002208662,381.4039033484949,477.1569115196967,363.1909847045326,474.0121342398903,344.4215438285758,305.2430686012037,1066.0583655536711,735.3444406755794,1027.6701261293872,533.4921299541497,472.0752848446403,392.24583604924266,202.57560081468299,269.8604301865036,219.87960560973167,673.1305745064271,446.0433071345114,477.67389482689896,281.35409830881775,397.74141211435233,441.88797158087704,287.186354751836,279.72570423221,294.5890265869425,883.1779358315094,619.1650183486081,625.105802165202,470.44457971132476,386.5290164406371,412.4981996996664,112.19420387161212,8.240305111113067,139.7482776295067,235.73941260759426,230.38024397451912,188.94609671158543,237.19813348249465,210.11472676483447,209.1219996559213,593.6944114098276,756.991338771911,982.6910801990781,756.9913347887722,593.6944467279105,982.6910801990781,109.10667425635329,84.58344222264567,10.246799478125919,46.81649454063421,231.08932420573657,225.55067388519353,202.5044749940146,230.9007445949665,229.8391184863555,237.5914192667882,667.9937044892938,771.0125518240229,807.4902673548346,771.0125308899466,667.9937044892938,807.4902673548346,62.75416780648448
200.31762094676594,983.6986701969506,201.08757150093464,-151.9855873477606,939.047180834752,85.03544338733492,469.2496579859684,806.9958764672151,101.3387283624474,529.9321651283924,695.815413906504,102.39336587090423,458.53902323371705,749.5110177970814,68.85617192400397,201.36652143193595,460.33969225938137,-713.999470089496,-128.0523925565626,952.7202411293769,-42.862243862728214,-158.44451976785012,364.76388750492134,740.1601844440179,157.47390542859003,987.0227417936414,249.0164383201754,-83.21495528808774,805.7024091690987,463.36376334971334,-455.55157641473426,680.445223734708,370.08074692179514,-697.0688294865756,-196.37384204741718,499.5598013816926,-28.25910661014288,-2.686096718480138,6.011363636363637,352.2073323912702,56.64378238341969,-157.48553540587218,-891.3194771549694,163.1733396137541,166.5559153713299,3.4041843303501333,-0.9694025749725231,-32.50029439472445,425.6057662113362,-135.02710394096405,-100.37091772648768,-475.66107316690216,478.1366384047731,500.61310645313233,22.394940336002513,50.94687156539488,5.796239598053069,217.63867954152929,-166.00631967341812,-273.75657481551264,-841.7504710315591,-76.21816611712985,392.96808761187,-52.22006986968127,-6.286838593185744,24.392447794002198,409.7406971267075,76.05220599780185,-133.39246742031716,-786.627629926205,-416.445203328623,-133.58146883341183,-71.40408619877532,8.959785680640604,25.41676479824148,417.27300204113675,226.13962160464752,95.86026063746272,-8.026554404145077,-37.67738263463652,-99.31207803422829,1.5701837023080547,-1.743307426597582,19.992129847699797,82.04449285602135,630.3250706547338,746.2114342910975,-19.84817082744544,12.12753179463024,8.735339142722564,12.127551420945203,19.848151201130477,8.735339142722564,27.63322342596954,22.26903752551421,-32.23467184801382,-151.40322264091694,-8.269135657089025,-7.214221227822264,83.29751530852567,298.9023394567436,468.85560920081645,717.0384872036426,7.590006280420789,18.871310252786937,41.61334196891192,18.8713298791019,-7.590006280420789,41.61334196891192,-47.134793531166586
184.7590869619154,1007.2234214117356,119.3648430715792,-20.90490501234303,972.4968337447676,282.1740903724375,420.89136490250695,873.9246839511463,256.7106278122991,594.8596679164435,477.7051955008034,258.2187466523835,518.8660462024264,741.8726940335715,45.38540801063653,161.24625428082192,760.6634203767123,-606.5590753424658,-83.69987834549879,975.6942822384428,2.359975669099757,-260.39479880136986,171.29323630136986,702.6001712328767,123.58326198630137,871.6651327054794,469.7248501712329,-111.24779346866725,807.7367608120036,521.6596425419241,-467.1811555364991,655.0958302068817,452.8662236038161,-922.1925299657535,-160.92915239726028,277.74711044520546,-25.12392979452055,9.196596746575343,7.088720034246576,489.6617080479452,-90.02932363013699,228.58336900684932,-776.5569349315068,368.0725599315069,224.4439212328767,17.546018835616437,-23.581335616438356,40.8873073630137,122.38869863013699,-418.5055650684931,-197.88441780821918,-203.62221746575344,403.3001926369863,617.5244006849315,-33.31528253424658,5.381100171232877,61.07502140410959,-58.82341609589041,58.73095034246575,-464.88142123287673,-922.4089255136986,-197.20066352739727,300.3119648972603,-43.85434503424658,9.201198630136986,13.932255993150685,396.66138698630135,332.71339897260276,174.9055008561644,-776.3547731164383,-502.236301369863,-90.1285316780822,-64.22592037671232,12.588184931506849,31.91053082191781,125.83047945205479,437.603595890411,187.1967037671233,-50.61815068493151,-37.33336900684932,-131.84032534246575,0.3962970890410959,-0.3806720890410959,20.212756849315067,94.98640839041096,609.189319349315,758.2681934931506,3.272046232876712,-3.8038313356164384,-3.5101669520547945,-3.8038313356164384,-3.272046232876712,-3.5101669520547945,70.29826626712328,60.03167808219178,-27.83347602739726,-161.57919520547946,-0.7435787671232876,0.864619006849315,73.6962756849315,271.8941566780822,402.27857448630135,786.582084760274,4.527932363013699,-0.3176369863013699,-1.27611301369863,-0.3176369863013699,-4.527932363013699,-1.27611301369863,-24.340967465753426
196.3026463963964,962.2912443693693,242.21846846846847,-182.95759356239623,934.974326223017,8.17741729467365,519.3095607235142,766.9001291989664,25.36188630490956,451.48670212765956,840.6714792299898,-27.465932117527863,433.98455824863174,787.2691555903049,58.59831899921814,274.89777327935224,377.89359817813767,-729.6358805668016,-148.93114803173177,940.0857656039515,-67.86813351294717,-79.66242362525458,499.623599796334,732.4266802443992,212.87803643724698,1055.5711032388665,100.6373987854251,-37.11298682067229,826.9031541537095,437.5427217532948,-432.5624446412755,715.5648487915981,353.03808680248005,-629.0664220647774,-211.09121963562754,563.3066801619433,23.964827935222672,33.2171052631579,-38.79086538461539,257.14030870445345,167.56427125506073,-350.54984817813767,-947.6682692307693,39.86108299595141,123.98836032388664,50.875885627530366,8.483552631578947,-55.23481781376518,598.5616143724696,90.8130060728745,-9.53200910931174,-650.1497975708502,494.8491902834008,391.5032894736842,104.55794534412955,52.57515182186235,-57.78631072874494,484.4023279352227,-273.8718370445344,-128.8475455465587,-805.0013917004048,-22.12651821862348,439.55579453441294,-11.040106275303645,-25.398532388663966,-4.136513157894737,385.4581224696356,-52.654225708502025,-347.94838056680163,-809.44116902834,-374.780237854251,-157.84956983805668,-17.043648785425102,-8.40662955465587,30.529225708502025,614.3154099190283,95.69066295546558,-9.957742914979757,4.199266194331984,-36.64612854251012,-110.1987601214575,0.12044534412955465,-5.297064777327935,13.763157894736842,87.88259109311741,602.0350455465586,774.5740131578947,37.622975708502025,1.4502783400809716,-28.602985829959515,1.4504048582995952,-37.622975708502025,-28.602985829959515,-6.248228744939271,-7.529352226720648,-34.30984311740891,-128.1093117408907,-41.1438512145749,-15.866143724696355,94.01012145748987,314.53732287449395,575.797697368421,664.9251012145749,-111.14271255060729,-35.207742914979754,20.878162955465587,-35.20761639676113,111.14271255060729,20.878162955465587,-63.216599190283404
224.3253345128829,967.3398208559106,263.95985845405283,-343.53552353119017,856.0058450065504,-174.63428398669757,513.8021978021978,733.1688782915198,-145.38368235538047,442.8553963322978,857.4870227477703,-48.53843070447941,452.0112079701121,713.7680572851806,39.04343088418431,266.1824466486324,-51.41949704438433,-827.7301873559763,-119.26402714932127,962.0712669683257,-15.863574660633484,-33.89138122663434,542.1006365565323,741.0732545215722,203.43252179140367,1054.9761546939185,10.921450756437231,-71.77452765763715,869.6695879808786,414.3045754609606,-455.70493938483116,721.2727181645125,351.6264903316301,-328.21019937881977,-247.4556657649534,774.229335737902,-31.091674180943794,-83.8966035467388,-15.694619777577397,-60.41629095281034,218.8668470093177,-616.6888087365995,-969.3053802224226,-51.178138463079854,59.688708546237855,-14.865243963530709,25.88598336839996,-25.50626189760545,722.0033062819357,395.49684400360684,121.88848812744214,-683.1670173329326,547.6685702835388,346.44985472397553,8.67798817753732,38.643422502755236,24.582406572487727,734.7544334235047,-342.7144574691915,65.77006311992787,-753.736098587316,106.6757839895802,504.295962328424,-20.74681895601643,-46.99489029155395,40.476705740907725,364.3276224827172,-351.78859833684,-483.79360785492435,-827.5157799819657,-371.6646628594329,-171.59543131950707,-42.78649433924456,-12.63029756537421,59.65534515579601,786.5724877266807,-90.24045686804929,4.408075343151989,18.691513876365093,-37.5708846808937,-114.98837791804428,0.6643622883478609,-0.05911231339545136,19.862538823765153,77.79901813445547,602.692816351067,765.7322913535718,-2.0718364893297263,-1.9467989179440939,-2.4705941288448052,-1.9467989179440939,2.0718364893297263,-2.4705941288448052,-18.653842300370705,-26.8934976455265,-32.98817753732091,-157.43502655044585,-9.376415188858832,-7.775473399458972,82.38392946598537,297.2620979861737,471.5081655144775,703.0141268409978,18.873259192465685,-3.493337340947801,3.3639915840096184,-3.493337340947801,-18.873259192465685,3.3639915840096184,-81.34866245867147
209.02929034794573,971.4272655789267,228.20925889522312,-119.69540720505378,952.2560184394741,170.6702236639918,416.5862642169729,835.5194225721784,180.22878390201225,511.08578431372547,690.752704530088,169.25008451656524,462.8386978785662,687.0696171665447,126.09790295049987,72.13047498949139,612.2742328709542,-700.4638083228247,-156.61482708635327,925.8961482708635,-79.10343756471319,-203.62502120441053,344.44156064461407,736.0924512298558,83.50963075111447,983.5481537555723,290.7828244595845,-132.4731889030487,740.497500245074,477.29624546613076,-503.5837054511753,611.3381919285533,316.04954082062517,-787.1012189995796,-152.10382513661202,451.0374106767549,29.016645649432533,82.68617065994115,56.54518705338378,442.47061790668346,67.11685582177385,-147.578982765868,-888.3585540142917,169.20865910046237,205.92080706179067,42.636569987389656,-92.79596469104666,-72.16258932324506,462.73123160992014,-185.7191256830601,-140.63413198823034,-480.08717948717947,463.7933585540143,512.6912147961328,-4.990416141235813,23.834636401849515,-78.97704918032787,177.02866750735603,-220.17486338797815,-332.62749054224463,-855.1887347625053,-125.87053383774695,353.1455233291299,-43.40521227406473,72.37150063051702,-14.3224043715847,431.315931063472,132.10634720470787,-150.97057587221522,-733.8237915090374,-420.1390500210172,-151.81630937368644,-52.35014712063892,95.37452711223203,-31.687095418242958,412.9306431273644,260.91988230348886,74.50634720470786,-4.265405632618747,-39.8634720470786,-26.483144178226144,4.677679697351828,-4.428247162673392,24.474905422446405,55.749222362337115,713.5514081546869,685.4156368221942,-106.23673812526272,54.404455653635985,67.6423707440101,54.404455653635985,106.23665405632619,67.6423707440101,18.571080285834384,23.757040773434216,-30.344682639764606,-149.6162253047499,-14.575451870533838,-3.803446826397646,77.57225725094578,265.0734762505254,419.10954182429595,764.435981504834,50.030937368642284,19.938545607398066,-25.36595208070618,19.938545607398066,-50.030937368642284,-25.36595208070618,-46.74493484657419
186.27188234092534,1005.5650086814421,157.83239709937698,-105.6757241732889,972.1343245321713,113.65906177903102,489.3662109375,814.5300071022727,158.22620738636363,623.4933151664821,639.9865451758494,126.19833092054841,428.47411647585864,823.2701592832254,61.84395221503235,259.19775109908693,557.2314846127832,-706.068566114305,-127.83010019185674,962.0991259859305,-48.213493924536344,-190.21769290057378,298.2771259741372,778.3203733835745,182.82493841841503,978.4991081287692,332.72487896033294,-51.99339104533185,801.523876012287,461.95234105929444,-413.2930728241563,712.0488877611435,385.97953142180495,-785.3828204261075,-215.955613797768,449.20975650997633,-120.84418329387893,-53.39220493743659,2.595536016232668,564.5636624957727,-49.03153533987149,44.07194792018938,-881.4956036523504,258.5177544808928,199.86202231991885,-63.52849171457558,80.2618363205952,-41.2984443692932,262.1179404802164,-458.69935745688196,-231.10010145417652,-394.41376394994927,481.8389414947582,599.1098241460941,50.61591139668583,123.50329726073723,74.01614812309774,-137.7480554616165,-67.87622590463307,-446.908099425093,-863.3446060196145,-121.19022658099425,381.1381467703754,-121.77054447074738,-50.50355089617856,77.08175515725398,452.92407845789654,263.9595874196821,79.79311802502536,-798.0977341900575,-410.58657423063914,-101.2757862698681,-156.71153195806562,-50.9871491376395,45.40564761582685,208.57245519107204,378.2555799797092,193.0640852215083,-8.877832262428136,-36.5296753466351,-126.35322962461954,1.1055968887385863,0.8339533310787961,19.581501521812648,97.94597565099764,605.5463307406155,762.4011667230301,-4.640260399053094,1.2083192424754818,-6.424332093337842,1.2083192424754818,4.640260399053094,-6.424332093337842,64.74196821102468,52.33868785931688,-35.58970240108218,-155.63755495434563,15.030520798106188,-10.771305377071355,90.25236726411904,345.19513019952655,497.7768008116334,661.092661481231,37.14888400405817,87.9674501183632,188.98698004734527,87.9674501183632,-37.14888400405817,188.98698004734527,-25.915962123774097
120.99475725721348,71.01173724152373,206.4717844314773,102.09954171074477,35.03889631080877,132.0220576414695,92.8385008109832,64.38422152715948,117.57203891983765,232.58596199158896,487.035589663295,292.1121477974944,298.97768298944635,337.8427122474132,310.8653441186498,109.10878614900606,173.4483957157142,140.10639425624262,147.07204682411927,66.02511139056227,146.56695060653325,286.89334005447813,529.196379568698,282.06720206306886,149.06009899967768,293.40166313548474,317.34115103866407,200.89738360535168,200.23337259054657,188.11109501244638,233.33136001943416,287.92479474323994,194.39679294007868,95.83587700026605,90.38449810378245,183.30044148516072,183.40724447888027,100.19532558965925,89.91040020713042,95.13917635195368,282.0459740818987,306.27431987139886,295.12240120552053,325.7784667826951,146.80998261665812,308.44918431658357,210.57598369475915,373.987361472582,399.93074674052997,246.56198391844225,251.8767835105676,530.0704878444583,317.41887846071705,209.26133562220755,599.4494028309551,292.29389245363166,544.0552442430799,344.6846742052462,438.9266675190727,205.04885131639267,49.13036357513938,103.23777602389993,99.6522700970451,217.14695740266765,140.7958190864436,146.82436299643155,149.4179583564137,245.24330829080773,366.96317339188613,235.70339731230357,233.69777979136882,212.5255015223586,321.44283821973335,215.88644867515123,246.135813793145,386.0488907695172,256.30367782565446,353.98254677093763,128.61936221369018,4.36870438814569,111.57624983614431,7.150613681539076,6.931500360460203,5.397136723337609,47.7115576116501,42.29915439327175,32.10558997999984,33.620834803083916,25.540169733665106,22.575208859042394,25.540169733665106,33.620834803083916,22.575208859042394,90.58865593652155,72.54061861436749,5.604703693247008,5.474131272766079,16.797430062930577,12.155155494661383,7.1592490144727945,26.26011284832314,43.87119045432562,39.3587134034349,38.70246558431061,29.659686773890186,26.52933048625383,29.659686773890186,38.70246558431061,26.52933048625383,41.21462306524419
219.58995399766872,226.7683103825335,315.4572364788494,209.16378022919707,142.45729256285787,307.83002043790736,198.15362555840773,237.0482129285093,317.8493304090978,294.7795145602865,286.1637484386719,240.51713307541507,328.3364473149546,342.6296349406178,433.1349026566919,240.96785196679096,463.6633583995144,171.66960049852958,228.07743600712243,174.63881540697886,280.6095713989854,334.67706862086646,407.44244144616323,224.8176894235906,216.89802718798975,149.62611382712566,270.718908497465,275.2717724274645,261.8144072925295,247.61408158903444,319.7624084226273,296.84228430400856,284.54390755156186,360.2091952198659,228.51707109466298,276.81113412234134,845.2732880986448,601.0326957284464,437.06375995619686,337.4997686105555,337.8413332647866,366.95444163697226,152.74926886005034,287.60860080873533,206.5874191532279,1075.8401877058488,540.0656611634752,696.4671855706918,275.46426961719254,449.3041667886944,380.539801853695,369.16583155899747,305.36380855995094,274.4030300340599,1113.406418677429,804.5439752702893,1032.6550841638275,497.7600422625174,437.5087953304629,420.4274433687592,246.19986885682127,276.14880023945636,255.7839745847768,928.4091441522445,615.2573307340709,623.0266547587136,316.6034030287434,384.0910987803881,376.37805590137503,259.87322721454495,278.4714521250496,336.08467276557104,1124.6320272663766,800.2486619344179,746.4180280590242,416.0193444866508,390.8488769004326,422.96918598141434,90.07386086963878,5.083974339239422,132.9318375479207,85.67147475231866,81.4396982929186,60.76223061293683,100.94412158826246,75.58468815296875,65.4667690451387,380.5832242682389,273.222617691312,239.91913263096765,273.222551488472,380.5832242682389,239.91913263096765,115.75535150217542,83.85413695057387,12.08810393061756,85.5273061691479,513.6792951360263,494.5541419953996,480.51857626651537,495.4320051157339,478.97829671134116,463.9404159597609,1445.5208029907642,1768.6770129596446,1790.3251761409986,1768.6769579946758,1445.5208029907642,1790.3251761409986,72.1267909285818
189.65602598207684,120.18401190966581,249.15835109956063,202.85144751496122,142.02677310802676,313.5244605498762,200.09697612448687,274.6921262423066,325.0221971112012,273.1363202183482,207.91942376280252,222.6296991951043,328.4966367466926,331.17961700723356,492.2584376476211,276.0037993778479,432.14888403481103,123.61049205851756,217.947558166449,146.1518679049829,282.06681663261736,302.7012572743943,321.54774777508703,213.69517996535998,222.93902888804766,111.47252342815537,236.58772611027683,239.14182091599457,170.2061744223354,238.19998412397288,277.76493825985636,222.46495832260555,302.97496268110814,373.8948960426497,244.5972964652027,221.43674145448756,356.684430663813,408.61846069693263,242.6470120669906,263.15526389746225,334.6218243549527,131.34064364597978,107.00866333229546,249.96800662415293,196.90589845771555,549.2357302197419,379.07038150345335,542.7180677737191,219.5349112181852,251.95600801530537,408.55757399817116,268.72870127321073,271.3177317947027,259.3892773605884,1019.5706276835707,496.08436761669486,704.0497691939566,254.02410200694132,452.77460275746813,342.5852899516682,268.75969123295107,240.34222194820663,248.20707983796834,378.20379657618383,417.4535499989837,410.59720055745595,349.74043634254576,248.30595822902268,309.57543925252673,175.08619370732566,256.5857891564791,310.7035262071577,776.2908515332975,411.11468174085854,363.4726269470828,217.5946100185647,368.5020673451194,431.1538160762897,64.42140756478229,4.1704069942659645,130.03113726527525,19.525887481250564,16.823447004455808,9.969811161492087,53.964332492865815,43.945995477748696,32.190559680048004,51.05979587535953,50.842582659080506,37.82821181546907,50.842582659080506,51.05979587535953,37.82821181546907,106.15669640157691,65.60394908136139,10.38996454379817,11.865542282555579,51.11208831536294,53.74589683354165,23.34008992751063,77.10034345636204,117.2976142941077,153.846089125105,183.46063686208964,133.90113333242826,112.3154601425449,133.90113333242826,183.46063686208964,112.3154601425449,68.09589832141715
221.07238328315475,1996.6170261145385,326.9371091509791,198.82869278547506,104.70873491164737,253.87707616199748,187.01294659654553,216.72415723207737,305.31257572781004,328.603789290862,373.9236752594998,298.1045038930275,346.6745142444744,466.518219130256,437.94517927390615,192.0143877341596,332.1226583447864,191.150059456765,233.33500934842996,208.55771050734475,301.1550436664823,375.59753543956583,493.50369755709676,249.609886007787,247.04335723153412,207.45622758279586,329.70426474572184,265.8182024553338,395.61148006031794,284.09301824285205,330.5686200762098,446.1550235779436,307.3599747868019,256.8990009683391,186.84510624019177,267.9500972415534,810.5160018347656,505.4092913973398,393.28401602099905,246.67759322492148,362.34946087314245,399.57207578681823,218.44917991239905,339.00321571932585,236.9119729971608,1133.0516749873757,615.6590550953725,832.2437466905471,348.6658571157097,440.4203846718271,351.36019652665044,477.04803869777834,358.1747800093563,314.374258290065,1191.7004531950286,891.7803582209639,1234.672902207015,520.4571659732874,489.9644551752094,384.7012087901598,198.07694841159923,308.12598323109876,214.05218108740732,917.6154556818494,495.7974516984774,565.6474391700657,289.5380279153949,365.13468638597567,428.48895050477984,385.74632410022474,309.1609296325104,321.2793970255236,1093.7812870977218,730.6241489914174,767.948836917658,463.9457761238551,369.4902383110404,440.00203208088794,110.40493176787771,14.430813696457234,164.81129799173715,481.6774784287599,471.0860285389425,387.50465276629416,475.69679803759175,414.1192091423541,420.49612024853275,1181.4600343607822,1547.9894336839086,2022.3438499937713,1547.9894336839086,1181.4601165350764,2022.3438499937713,111.27124757717841,88.54437262171169,10.197077697784625,61.254918553188936,167.93912595910672,167.57534952525643,122.9947603964975,182.5635840783284,150.98972463471407,189.97225576907434,476.6921225895684,409.87182989242825,340.2055319004199,409.87182989242825,476.6921225895684,340.2055319004199,61.58401358416318
205.21026617878894,162.33450891815065,296.4563125429131,176.61365523157372,79.64736888636594,225.71939110044875,139.55190411174286,128.84613273914155,276.6652899161251,301.7864573688461,404.26454836118234,326.67192514433634,336.5552316814437,338.67068781243427,335.9145782746833,186.66695429879994,315.0805335772284,176.73064464598852,219.0976399750334,177.69278940865306,274.5968725662413,405.0880616225565,505.7627708778007,258.2431483691561,252.22855673979325,242.77184587711278,347.58166413354,241.46187396547828,291.12937236353144,250.3649943288295,299.61248099325155,327.1720518204091,217.42820177544903,224.74213488150707,174.48548328054167,259.8928863713132,530.6096093395287,350.9268742266352,258.30744249391427,179.08473772930577,301.63457700770186,306.49676423999136,248.2670279901513,346.83242053428876,227.4713779109384,965.8799721962364,670.8187428451438,901.6995365170242,303.0114974252863,326.850256425737,287.9863121083571,493.308961897093,411.2135387652207,334.15259574804116,1212.309319242997,902.3542801371478,1278.5559948514383,422.2129776892654,423.01132563784256,299.95543496732824,144.01867644551925,252.7455131357707,195.51403334323675,603.6083436218141,429.2124162788035,487.2390606803879,253.5357821195137,305.38408517146297,345.56710989658256,293.26520738942503,285.89114959441997,270.1022335542554,843.4979589641082,704.015816148728,744.2825293159126,460.34317846993594,286.79255262403916,363.1758439355244,133.51681050861197,5.397770365031795,117.1270655699145,28.33555100109614,27.101829535013735,12.973493254656862,51.279555737132696,41.85667243551672,32.76819728050746,64.75887354420209,62.177911903020785,46.76501045142243,62.177911903020785,64.75887354420209,46.76501045142243,91.72523794911916,76.0467848595903,10.034926011950093,11.921699951961257,146.9580603873397,157.50093346291027,80.17838280183166,150.17309075216266,154.07598244632396,175.15016023063427,505.6867665302847,527.6429416316962,714.4162182146608,527.6429416316962,505.6867665302847,714.4162182146608,48.97593073494995
Lie
5
0.0
0.27001844646918366
0.25536699192293133
0.5567136069566913
1.0060370885557322
0.27001844646918366
0.0
0.06018866667297357
0.807249630737561
0.20036577001660985
0.25536699192293133
0.06018866667297357
0.0
0.1106226481545759
0.21538537984689332
0.5567136069566913
0.807249630737561
0.1106226481545759
0.0
0.4321336895485798
1.0060370885557322
0.20036577001660985
0.21538537984689332
0.4321336895485798
0.0
2415.327961228364
17101.494872328352
2
1887.779117955493
-8.542184478019609E-11
5310
0.06018866667297357
16319.102433362625
4600.834562024813
1.443322054765124E-9
1327
1123.6124596885838
790.1839562304176
-4.430216300077686E-11
753
877.4010512832251
300.55097069563385
-5.048340041437309E-11
718
2566.581352008092
959.7179724164166
-7.193526337042169E-11
1209
7882.487183444424
1471.1357588902042
-8.542184478019609E-11
1303
110
295.0689075332336,205.37974729546158,157.06656517021082,170.5098947870411,153.77143455336918,102.98366550263435,187.47306637544082,247.70131507908002,183.66160344919155,227.97020494725112,215.2924897305097,122.07704622622708,354.60983861228635,222.79983957631137,273.5629185099331,130.62858177863617,81.44312460351297,363.74448186978145,286.4606156215029,217.28823216274625,245.18352842961121,337.98320322289015,431.28867224784153,289.77818509835384,242.0349513381195,141.28786053145853,207.97499796492176,331.5365496604295,234.47521864803258,271.88856887254445,368.3897371220963,226.79838127869542,246.61546011300447,143.38970433458667,116.27508122531222,182.14053423662523,189.21565212921846,317.52943205519097,185.1841659164059,256.8767469403643,163.09161427489357,123.965912873411,166.10907414376683,207.72138760384937,154.3108293807014,258.2808430549476,206.92725704610473,293.30210742554436,203.9655830189822,176.72051590253744,210.73337022062555,226.46279351776803,301.2493647138124,93.15585561642965,330.6930252395941,309.0294176445129,441.1309120894503,186.90721638072577,255.84237662129993,170.3183863941078,257.5924392831365,179.60219295181398,192.347267728293,425.31266317259417,440.069842648378,358.76179967202194,206.7425167931108,203.25449567952285,198.61978654188064,208.4471917118633,281.0515852540654,307.95603039096767,515.118021704962,505.3021319056214,586.5406776875504,298.5214466200023,247.46169890390163,164.53597066514757,29.430493578361382,23.043152907816964,112.63940222406596,182.4299764924037,162.08200034550845,145.5513999057097,535.9961694793377,407.0953486188631,251.5310061571311,536.780503857111,413.3274822612745,471.79015689166886,413.3274822612745,536.780503857111,471.79015689166886,46.771436142579084,122.39509865366321,23.96017689701966,43.04781237690339,163.33050177840045,181.944137580482,176.6268493853014,273.5989387099154,275.9497334725856,259.6889892074103,465.349089363573,561.3259526091958,474.4785301351541,561.3259526091958,465.349089363573,474.4785301351541,34.51782847967201
-179.64983578177356,-58.018909806736765,948.5065922888564,87.68558056195923,141.53644207817993,991.199181050247,-107.46170338977821,-108.82086961918597,946.2071342320894,162.4421845574388,260.37551789077213,901.8440677966101,679.5624223027474,-135.29970157125308,-619.1236483376845,-460.88993264772586,792.0400642131146,147.57684462828715,-453.3459239697428,567.4908633982752,534.1334253247086,-552.6577830659566,142.98951159891863,590.3047599004958,-577.7715630885123,251.4674199623352,744.3653483992467,320.97874061129363,-686.7519986092439,437.2186096407193,68.37913653856174,-658.9885125387999,576.8761553635098,-402.0122410546139,478.8502824858757,-744.7954802259887,6.680225988700565,5.041996233521657,7.395668549905838,-624.2770244821093,321.30018832391715,957.5376647834275,105.00338983050847,589.9169491525424,741.4120527306968,44.1361581920904,-33.297363465160075,-10.987005649717513,-733.4470809792844,-574.1322033898305,95.13333333333333,-125.82580037664783,-20.106967984934087,918.6529190207157,18.161393596986816,-20.397551789077212,-13.994161958568737,-684.5122410546139,456.0393596986817,-276.12448210922787,81.30621468926553,-822.7263653483992,-446.1883239171375,-26.218079096045198,18.597363465160075,20.343502824858756,-1056.6632768361583,251.00885122410546,-76.54595103578154,573.1024482109228,-571.6077212806026,406.5960451977401,-70.09943502824859,32.0271186440678,39.398305084745765,85.67212806026366,-232.94256120527308,-797.1868173258003,-101.44482109227872,-18.47231638418079,94.05160075329567,2.119020715630885,2.787758945386064,22.351224105461394,-238.44199623352165,310.1642184557439,606.0335216572505,29.261393596986817,-6.26120527306968,-28.93126177024482,-6.26120527306968,-29.261393596986817,-28.93126177024482,146.4099811676083,55.54237288135593,-13.930320150659133,113.18512241054614,-32.050282485875705,-3.006403013182674,88.53709981167609,-738.3387947269304,58.2789077212806,394.654802259887,0.08644067796610169,-26.753483992467043,20.564595103578153,-26.753483992467043,-0.08644067796610169,20.564595103578153,-72.09114877589454
-166.42507068803016,-5.558906691800188,951.1470311027333,57.39756097560976,252.5731707317073,937.1634146341463,-116.28883291351805,73.64735516372797,845.1931150293871,216.02562170308968,271.3790504898267,847.2471740768651,682.8659942363113,-155.06051873198848,-534.6340057636887,-446.48406676783003,786.7207890743551,45.922610015174506,-429.4559925093633,523.9260299625469,517.1432584269663,-525.4566691785983,163.9238884702336,580.5275056518462,-542.640542577242,315.32856066315,727.5749811605124,102.70557491289199,-594.712543554007,489.76480836236937,-86.93201581027668,-584.8387351778656,476.73201581027666,-504.58327053504144,483.2991710625471,-602.9155990957046,54.38733986435569,22.11605124340618,35.665410700828936,-411.45666917859836,236.36322532027128,977.1846269781462,23.181612660135645,543.9216277317257,748.6254709871891,133.29163526752072,-100.97437829691033,-18.318010550113037,-635.7174076865109,-643.1868877166542,64.62923888470233,-125.23662396382818,-27.455162019593068,889.6428033157498,58.41446872645064,-104.30972117558403,-98.67520723436323,-666.2810851544838,353.93443858327055,-256.92840994724946,-87.38884702336097,-728.2396382818388,-472.70836473247925,-25.128862094951018,57.09871891484551,32.82667671439337,-948.1039939713639,323.060286360211,62.54559155990957,527.4589299171063,-574.8244159758855,201.3715146948003,-67.02336096458177,34.54031650339111,-10.711379050489827,-120.18311981914091,-204.6669178598342,-707.2471740768651,-106.77166541070083,-16.845516201959306,85.26601356443105,7.276563677467973,9.78372268274303,37.9819140919367,-221.81989449886964,302.5870384325546,654.0851544837981,117.30595327807083,-23.75357950263753,-112.05953278070837,-23.75357950263753,-117.30595327807083,-112.05953278070837,127.83044461190656,71.17935192162773,-12.914845516201959,109.60587792012058,-111.91484551620196,-13.961567445365485,110.47249434815373,-605.1899020346647,84.80482290881687,506.30821401657875,0.5591559909570459,-98.74001507159005,89.34589299171063,-98.74001507159005,-0.5591559909570459,89.34589299171063,-52.58779201205727
-279.2749003984064,38.918990703851264,981.2934926958832,-33.18193891102258,82.62549800796813,1008.2084993359894,-116.81718464351006,-309.6471663619744,955.0274223034735,121.93227091633466,501.8645418326693,858.7622841965472,358.9003984063745,-342.33067729083666,-882.6361221779548,-489.2629482071713,810.5378486055777,304.5471447543161,-724.4329349269589,585.6826029216468,262.5325365205843,-720.6533864541833,304.6865869853918,574.4913678618858,-825.1009296148738,334.03452855245683,499.8207171314741,622.6566164154104,-723.321608040201,168.00502512562815,403.67197875166005,-662.9681274900398,594.9654714475431,-379.14077025232405,497.90172642762286,-776.0358565737051,-10.44621513944223,1.3798140770252325,-1.3559096945551128,-740.5537848605578,230.48738379814077,967.597609561753,97.45551128818062,375.601593625498,914.3227091633466,13.755644090305445,-10.893758300132802,-6.424966799468791,-890.9867197875166,-405.60956175298804,-155.56440903054448,-353.84196547144757,-62.24169986719787,920.0690571049137,-0.11819389110225764,9.439575033200532,14.880478087649402,-490.4249667994688,678.0385126162018,-363.6281540504648,321.1460823373174,-815.0252324037184,-464.5604249667995,-33.75166002656042,9.168658698539177,13.386454183266933,-1121.7025232403719,57.02523240371846,-155.46613545816734,582.6653386454183,-428.56175298804783,674.2443559096946,-60.950863213811424,32.37848605577689,40.08233731739708,276.97476759628154,-405.1394422310757,-826.2523240371846,-66.88047808764941,-25.762284196547146,122.44488711819389,3.1235059760956174,-0.2749003984063745,8.747675962815405,-816.6042496679947,392.261620185923,383.3027888446215,0.4050464807436919,-2.1088977423638777,-3.1195219123505975,-2.1088977423638777,-0.4050464807436919,-3.1195219123505975,150.30278884462152,-116.95484727755644,-42.46879150066401,93.26427622841966,-12.54050464807437,6.069057104913679,114.48472775564409,-745.6932270916335,268.531208499336,331.2895086321381,-0.5059760956175299,-3.9787516600265604,-3.745019920318725,-3.9787516600265604,0.5059760956175299,-3.745019920318725,-106.18990703851262
317.5793871866295,158.6824512534819,971.3189415041783,43.71866295264624,190.81615598885793,1016.0097493036212,-66.08077994428969,-54.16295264623955,1013.2869080779944,8.36350974930362,118.87465181058496,996.1058495821727,765.3704735376044,-247.21866295264624,-628.4693593314763,-495.4122562674095,788.2186629526462,-392.98467966573816,-569.4038997214485,291.46100278551535,758.9178272980502,-610.4914040114613,-126.63467048710602,792.8137535816619,-285.1406685236769,202.98050139275767,983.1894150417827,121.66295264623956,-773.3579387186629,614.2771587743732,-168.26183844011143,-777.7367688022284,583.3300835654596,-416.7701949860724,490.24373259052925,-768.058495821727,-9.685236768802229,0.692200557103064,-0.628133704735376,-549.4944289693593,337.74930362116993,1059.6810584958216,4.2534818941504176,817.4317548746518,571.683844011142,13.729805013927576,-10.662952646239555,-9.029247910863509,-641.2674094707521,-678.7172701949861,247.27437325905294,-15.146239554317548,249.84679665738162,964.9610027855153,5.422005571030641,7.146239554317549,12.142061281337048,-866.7938718662953,233.29526462395543,-408.6281337047354,-9.050139275766016,-967.7284122562675,-239.36211699164346,-33.33286908077994,4.087743732590529,12.786908077994429,-983.08356545961,450.6239554317549,-0.6211699164345403,673.9122562674095,-696.650417827298,252.3217270194986,-62.420612813370475,26.671309192200557,38.66852367688022,73.55571030640668,67.10445682451254,-949.0222841225627,-96.41922005571031,25.176880222841227,-128.62116991643455,1.2089136490250696,0.4735376044568245,23.93732590529248,743.458217270195,-436.57103064066854,457.6225626740947,1.998607242339833,-5.967966573816156,-0.20473537604456823,-5.967966573816156,-1.998607242339833,-0.20473537604456823,146.03481894150417,56.221448467966574,13.266016713091922,126.54735376044569,0.6253481894150418,-0.22701949860724233,39.55710306406685,-756.0640668523677,-225.5125348189415,546.9401114206128,0.40807799442896936,1.6866295264623956,-1.4651810584958218,1.6866295264623956,-0.40807799442896936,-1.4651810584958218,-48.25487465181058
-420.4117647058824,-48.18964003511852,915.7304653204566,34.98717948717949,79.81959706959707,1025.1373626373627,-69.41606591143152,-285.25437693099894,969.9536560247168,52.790736145574854,395.1389578163772,917.2390405293631,831.436170212766,159.41489361702128,-630.4148936170212,-448.4830438378825,811.6699751861042,350.20512820512823,-570.0897435897435,576.9522144522144,518.2400932400932,-411.55748552522743,461.0339123242349,541.6253101736972,-777.5657568238213,255.17617866004963,600.8775847808106,591.3904052936311,-739.9280397022333,232.02233250620347,354.72291149710503,-690.328370554177,601.1703887510339,-361.6534325889165,458.5260545905707,-807.9586435070306,-9.420181968569066,-0.5831265508684863,-2.392059553349876,-716.5277088502895,370.49627791563273,948.1224152191894,190.5616211745244,465.26633581472294,853.2737799834574,14.324234904880067,-12.704714640198512,-6.5525227460711335,-920.2001654259719,-404.1298593879239,-36.26385442514475,-296.28205128205127,-130.4441687344913,935.166253101737,2.4656741108354012,8.084367245657567,12.846980976013235,-526.191894127378,673.7990074441688,-294.90653432588914,271.4987593052109,-831.8850289495451,-475.38047973531843,-36.416873449131515,4.650124069478908,10.066997518610421,-1120.181141439206,111.32506203473946,-154.15384615384616,602.3639371381307,-446.4234904880066,655.8966087675765,-54.424317617866,27.74028122415219,41.52770885028949,302.0678246484698,-343.7890818858561,-818.187758478081,-110.28370554177006,-26.587262200165426,138.03225806451613,-1.3068651778329197,0.0016542597187758478,16.520264681555005,-582.5698924731183,445.41604631927214,603.8734491315137,0.09181141439205956,5.171215880893301,-0.8064516129032258,5.171215880893301,-0.09181141439205956,-0.8064516129032258,146.54590570719603,170.6509511993383,-29.812241521918942,125.90736145574856,-5.136476426799008,0.4160463192721257,110.72043010752688,-697.08105872622,256.84532671629444,423.7411083540116,0.04714640198511166,-2.822994210090984,-2.7559966914805623,-2.822994210090984,-0.04714640198511166,-2.7559966914805623,-97.88916459884202
-186.14331210191082,-295.99575371549895,944.7112526539278,261.5045045045045,92.6086086086086,991.2392392392393,-151.16884113584038,-45.00613967766692,984.9877206446662,317.9263238679969,62.54412893323101,916.1174213353798,673.3069518716577,-207.3144385026738,-537.2598930481283,-451.6532507739938,770.6594427244582,270.249226006192,-148.7415611814346,744.668776371308,599.2763713080169,-582.3284727551803,-118.30237912509594,542.9785111281658,-446.48810437452033,161.991557943208,904.3223330775135,227.8598484848485,-662.290404040404,632.1098484848485,-102.50268610897928,-637.6907137375288,642.3131235610131,-340.0844205679202,475.8894858019954,-799.8096699923254,-8.051419800460476,-2.6139677666922485,-2.834228702993093,-729.4336147352265,405.5709900230238,884.1665387567152,168.8250191864927,750.9009976976208,623.8756715272448,15.311588641596316,-8.90023023791251,-11.350729086722946,-619.4489639293937,-701.302379125096,309.15963161933996,102.51496546431312,-34.650805832693784,906.5395241749808,9.313891020721412,6.212586339217191,16.253261703760554,-861.6968534151957,352.42210283960094,-154.66462010744436,-12.176515732924022,-835.0046047582501,-495.44512663085186,-9.590176515732924,5.772064466615503,25.349961627014583,-1111.2455871066768,309.344589409056,-142.4198004604758,531.3599386032233,-698.247889485802,314.62240982348425,-97.29470452801228,36.19339984650806,88.46201074443591,-9.342287029930928,-224.71373752877975,-768.8334612432848,-110.56254796623178,-32.43898695318496,168.48349961627014,-0.03376822716807368,1.2931696085955486,18.830391404451266,-143.01227935533385,556.4205679201842,769.5963161933998,-1.6408288564850346,-1.6155026861089792,-1.113584036838066,-1.6155026861089792,1.6408288564850346,-1.113584036838066,163.16270145817344,32.12432847275518,1.2778204144282426,109.17498081350729,-4.966999232540291,-1.8012279355333844,57.60936300844206,-898.2041442824252,-118.10207214121259,206.66078280890252,-0.19339984650805833,-4.478127398311589,-1.6577129700690714,-4.478127398311589,0.19339984650805833,-1.6577129700690714,-61.445894090560245
341.15478047184416,248.3957044875377,307.7854635440205,192.93181169717505,252.07030628805026,189.8636060344009,300.666294597722,383.3820131071506,328.4787774165349,302.10629257384977,272.2048269708806,198.05303258373235,419.2152679602705,316.26518513404073,336.51314711041925,218.8438960696104,125.55528674914521,408.1412559625591,358.0488269044531,268.47947212156095,333.98983799683975,337.60712087903835,460.4701244705963,324.5596863514596,276.7975442391779,221.86716017215994,228.31020727539666,401.44750133062706,424.36166035455864,337.98596837702297,476.9297096073372,414.21463652594775,332.12425013297684,218.5157330772017,192.9035392021569,315.4798645037655,372.57161934851416,633.3216213857793,367.9083549592642,406.0271830152118,214.78300271307825,146.6637574262156,254.9625341881227,256.0357927839168,175.00594012560362,502.5943523953407,404.467572794879,584.2117375560864,281.46062286426337,192.33627864064553,228.40070168910356,285.93999636888054,359.61475436244064,164.12208210557614,650.9209371320245,607.3372599211533,874.585097501083,195.20714556507977,329.9607400387745,241.29246349685445,376.9110314212635,269.59179493019644,304.49443317068915,811.8302808781309,871.1856062480615,709.0443763997467,367.5578936236189,254.32311780131863,292.82475235117226,366.13284551768663,355.13319797275324,424.4020012974973,905.9488914244334,979.6366587168227,1107.616371987546,373.9284302734014,317.4248106094069,246.7640175086934,38.35676195269628,25.540895707876704,125.7775068111016,364.47388217150234,323.92877516344754,289.90059611946464,529.6995790144954,503.0803977987687,380.9723047236808,1068.56152154498,825.5973295398682,938.2187016090395,825.5973295398682,1068.56152154498,938.2187016090395,88.23377033642535,105.72805590576638,20.73541169830341,75.06581764690677,305.73729022092067,362.7857806675378,346.69479967574495,471.286578765831,356.92697163959326,411.787353179603,930.0644251457857,1119.1434653371916,945.0202669006783,1119.1434653371916,930.0644251457857,945.0202669006783,30.889472624627285
34.05990685264052,105.11844926356035,19.753337252188267,215.04795381337794,12.892991995811233,15.30271954711242,103.67020934135209,31.335327554451972,23.327207018829206,115.10547629295765,82.99144552868131,63.34826956182445,200.9805667337723,141.92477527517067,29.767679743018885,79.54792426995324,67.00576717115551,45.701921842027815,99.8680703079802,65.57174021247562,159.8180208997996,199.60633642175168,66.34712906582568,204.0996646988288,38.99042315157577,72.33079210851166,35.71397151982782,15.438262323385954,44.96628586534551,166.5637259637299,164.48109887351143,13.64594257461359,110.65213546420789,46.80623080841943,89.3839340703228,35.27095031326317,18.522990017624455,18.697101734313236,15.469368162024576,51.75343127324719,67.26209187093298,47.385178630586985,101.57888376609135,21.860366779970825,19.603672232289625,22.898569084272545,19.089149079650475,21.677827511474653,30.82504394221884,8.007577126074588,81.59088984725264,66.57281042303347,137.19179195595243,18.08080301149907,28.770609651384802,25.63293210559029,22.555995423797246,52.08513911141589,32.69979266506034,93.32360396683795,61.23593988582731,76.45616982972906,91.98622049807933,20.524458697379444,18.350009433344635,24.354827764034457,46.73782930104672,85.51678416028902,75.79452720564574,69.41690717527035,179.70890091238033,55.35906773962854,24.897534215764168,20.691475126672117,20.153958453321103,6.592077024765318,128.7790989558475,50.88308013142306,7.002397293515583,4.859248813430635,6.565338830300889,15.674952659682114,9.27620609362449,6.934539902604767,63.54954996744859,20.300385858119213,104.81997589169445,19.21018474412523,22.236431147848048,19.838350828658,22.236431147848048,19.21018474412523,19.838350828658,1.3629618792695768,24.569118330575183,27.01662994067574,43.01602263689734,79.52205145971784,25.66494445173865,26.628803653216995,126.9642170620254,143.31588713787937,132.5630865828014,25.050539954355216,21.636985057436842,21.379145853528957,21.636985057436842,25.050539954355216,21.379145853528957,42.3315473139911
12.974547281861595,15.589378732614355,12.888858799961309,14.501246515767745,22.279501701825197,14.336994687639372,80.13878577644397,63.13791256878138,15.480085597950039,40.61198722315853,19.913225935866777,12.91339867409731,53.7672479418452,22.65146353861784,70.76366490254513,30.247882739852262,21.537896603906642,28.661610387569098,10.48668339867374,10.217468570347673,14.012753297120106,51.80551380203448,29.1564286705024,50.45474395831367,32.47801085277125,35.860720169472636,16.101068493451088,91.50192957809027,23.89671551076927,35.41142613594859,75.15626467876645,16.065731841860153,53.30463972985275,29.225260900766337,8.79095093862921,17.632049839872014,19.977213780854285,40.29938477547637,18.709245311086455,38.07204280201395,11.52384433931536,17.3748548811675,42.15571629129847,26.544248891565847,33.99021995262038,31.050541023786963,20.139209885500954,31.183185438723516,30.55791440901559,37.34858983911044,40.06763717478025,22.269230163157605,57.9802682209554,14.511617434146624,49.84980415142885,25.601703134997635,27.86712619028065,29.979339539318836,67.89370850067411,20.820200994584383,58.30167535033286,23.786475781662077,64.38904861082523,28.274541784011408,18.998622578891972,19.912864471460733,69.87453376388463,5.3627762911513415,46.160277413624236,8.98669962091136,18.250207957189932,91.98097766670188,25.259130526163087,20.68797307816279,23.87026501303087,82.06643625973668,25.889023046054973,9.186859472378845,1.7319762268151153,0.978525497985655,0.8207203500496354,6.825444943644743,7.66660577392148,7.726512495926252,9.75189045922788,7.561728994073339,9.224211250855365,24.45132923880154,18.40533331956205,24.123950722579444,18.40533331956205,24.45132923880154,24.123950722579444,0.18344877738067084,28.822299539733987,1.0708452896235054,2.8588090809687174,7.071681071010441,8.241473834500221,7.990681355661566,16.196537541925988,23.51382830589709,16.7440501221319,28.46842272160704,24.9587802904949,32.754839933794685,24.9587802904949,28.46842272160704,32.754839933794685,1.174079620373906
130.39030863353076,116.14951214712192,85.20134456090119,99.26144232602287,66.45680775232461,16.856796848868036,51.41069636158686,57.035403807843416,23.072876800177816,104.25007367445755,79.71295074076964,54.20122794122762,14.249360303045014,12.207356828619808,14.172068223462936,67.30117825640863,50.78078552848602,112.76689873584769,137.67884980023112,147.2088311014333,157.24470721537557,391.0934199456672,440.5813378250725,271.3564578309257,51.51781520394544,78.10080869934211,83.10483626153129,93.08765242336506,30.894162678855817,118.39297985798925,168.5105774564166,53.11536735334767,84.70203374063159,77.05391694200198,52.470706344004384,51.05546532821238,20.802058043401193,21.782410878052413,16.175214149777197,48.81316015277623,173.7804340710885,36.25822449001822,80.96726741959438,84.18972110040092,59.62114370903468,29.365995166466934,21.00740139056306,22.871381572562875,40.94744612724313,118.60308832263033,105.83363033537849,74.47250937589251,112.21049018300641,36.05938790704278,39.70942497298468,33.430928527874904,27.560179359448462,70.31974914397023,110.08254789024193,93.85567526854688,84.26859183379926,38.54569640196678,29.700338082587795,27.083448058909223,27.93228867097183,26.293610465763823,27.114018056828574,99.27317506223609,81.23248351486534,26.353428651783528,125.01012930107953,95.0414952774983,35.87041298018792,24.063286596834132,25.34858503035208,30.355897208725523,153.87996099964545,44.481043462406454,33.9552160380606,11.460811570414714,12.74922871110444,9.48217013728593,8.006516214741652,14.564419401839098,53.873889596015665,166.61609651073536,186.10726371472373,23.30503897941292,30.1919844620308,28.51763584816814,30.1919844620308,23.30503897941292,28.51763584816814,19.18957580900403,9.226845972187421,6.641754013715431,12.825678676485492,26.38530222180037,10.923262159710957,15.239248337141827,155.94452670997697,126.49787997888454,142.3623419182638,24.838456761987548,29.027563413349494,24.529834163579345,29.027563413349494,24.838456761987548,24.529834163579345,16.949993359320146
84.06999293366424,99.03552955240164,49.03363113926219,39.21887262108722,62.11912376265497,19.15519942866983,176.01116004396746,87.75396740228153,96.82915181766427,219.07250188171795,50.224574102408376,79.04813440813638,428.24245282218016,220.37233325079288,317.57707565026675,105.09144944750054,68.93357277339535,342.92905837451923,183.31445589106502,145.99092996584434,74.41559423948836,378.62923534766105,373.8793956690528,336.7807012067474,136.90604592705466,66.74796640577702,70.32211721111156,267.5482386014494,143.84553806277688,140.42224316576036,237.32505682389694,152.86301598872984,328.53415565639835,107.08762477873334,96.56687504698819,49.910448208437934,26.550441152680932,26.295830093908144,17.87682280781121,143.4374251608346,95.63090361452845,162.47291363783566,99.78467641369109,65.63553318995602,55.41983221237766,48.14399719814173,30.23130276077458,42.46868112145861,110.3220058463594,73.98489104809465,29.896015339799373,43.457727559303216,401.43232239045676,63.24501713495001,94.10492974484941,48.97042991260045,57.48432247128706,42.98738121831189,142.66272365805554,126.36919686487138,78.39721911008479,177.44663197266377,143.95844421550223,254.1244012919587,116.50562278562172,106.15834048536564,88.8406183142724,136.55571236733388,162.7402333169408,163.87760078958084,330.51269921257244,157.47889972924403,493.0878931580074,250.3450541383227,383.74676016438286,315.326845451436,189.94461199325306,149.45045997077446,6.650170778488837,4.927032822010531,14.784509351870266,10.949700463676766,6.848032738550651,11.569715104702508,190.42404334892572,53.36858134945373,40.83709029067096,20.7175042664368,25.554561471813557,20.871069164799252,25.554561471813557,20.7175042664368,20.871069164799252,2.6381211153207778,136.03010831331522,9.707687303781512,9.175792317297146,23.155050425116926,15.098181446002803,22.76332792310116,39.730173809364665,123.68506977690676,95.97505942826628,25.512342473063658,27.732028080126167,24.794816055256742,27.732028080126167,25.512342473063658,24.794816055256742,21.89585627270699
Walk
Stand
Lie
