3
Stand
5
0.0
18.007506974507418
11.119557758173789
78.73147855169653
152.99647794945483
18.007506974507418
0.0
67.13092064328802
74.17618724359345
35.15953454587384
11.119557758173789
67.13092064328802
0.0
30.15914906299174
19.105455479374424
78.73147855169653
74.17618724359345
30.15914906299174
0.0
136.12943046100185
152.99647794945483
35.15953454587384
19.105455479374424
136.12943046100185
0.0
4179.021728721389
182990.1129253248
0
1694.194977402057
-6.168438670262574E-13
50952
11.119557758173789
6178.76201636577
2249.116507958526
-4.906598782435567E-13
9344
23231.951599016276
5413.633027493022
-4.09335401598561E-13
7904
11257.285059104841
2868.9299467960846
-5.176068201484525E-13
9981
182477.26604850957
5496.963227090909
8.944220803592152E-10
11895
13074.694159627137
3808.3646434351976
-6.168438670262574E-13
11828
110
196.4762327674718,967.7084978410038,288.9058394571747,210.87214143166418,114.9371346092397,295.33816705104095,173.42597708908292,203.2802390327536,312.3866569827085,299.4193986126548,391.21939275817886,304.18074124132755,331.36588889986587,376.46987197675014,407.57500958322953,222.3477842203425,448.0011274956927,178.014977132504,213.4368953161544,164.56538532210268,266.10522923511496,357.71263175284037,480.25043632976286,249.0537295819822,229.421227443801,222.49507136836138,345.97415009254405,247.2651985641052,283.86682687558994,247.41693028562102,297.25333065305875,334.39820734928696,269.44720276536725,341.6002844334846,194.5637923236593,292.67811051571715,603.1613133202876,427.32856139777397,308.6134710398764,324.2403392009139,345.8613590124108,429.44271590885165,226.72476400905327,347.07282828788067,216.86844502823106,879.8638516527152,527.4517910039768,714.4661002208662,381.4039033484949,477.1569115196967,363.1909847045326,474.0121342398903,344.4215438285758,305.2430686012037,1066.0583655536711,735.3444406755794,1027.6701261293872,533.4921299541497,472.0752848446403,392.24583604924266,202.57560081468299,269.8604301865036,219.87960560973167,673.1305745064271,446.0433071345114,477.67389482689896,281.35409830881775,397.74141211435233,441.88797158087704,287.186354751836,279.72570423221,294.5890265869425,883.1779358315094,619.1650183486081,625.105802165202,470.44457971132476,386.5290164406371,412.4981996996664,112.19420387161212,8.240305111113067,139.7482776295067,235.73941260759426,230.38024397451912,188.94609671158543,237.19813348249465,210.11472676483447,209.1219996559213,593.6944114098276,756.991338771911,982.6910801990781,756.9913347887722,593.6944467279105,982.6910801990781,109.10667425635329,84.58344222264567,10.246799478125919,46.81649454063421,231.08932420573657,225.55067388519353,202.5044749940146,230.9007445949665,229.8391184863555,237.5914192667882,667.9937044892938,771.0125518240229,807.4902673548346,771.0125308899466,667.9937044892938,807.4902673548346,62.75416780648448
200.31762094676594,983.6986701969506,201.08757150093464,-151.9855873477606,939.047180834752,85.03544338733492,469.2496579859684,806.9958764672151,101.3387283624474,529.9321651283924,695.815413906504,102.39336587090423,458.53902323371705,749.5110177970814,68.85617192400397,201.36652143193595,460.33969225938137,-713.999470089496,-128.0523925565626,952.7202411293769,-42.862243862728214,-158.44451976785012,364.76388750492134,740.1601844440179,157.47390542859003,987.0227417936414,249.0164383201754,-83.21495528808774,805.7024091690987,463.36376334971334,-455.55157641473426,680.445223734708,370.08074692179514,-697.0688294865756,-196.37384204741718,499.5598013816926,-28.25910661014288,-2.686096718480138,6.011363636363637,352.2073323912702,56.64378238341969,-157.48553540587218,-891.3194771549694,163.1733396137541,166.5559153713299,3.4041843303501333,-0.9694025749725231,-32.50029439472445,425.6057662113362,-135.02710394096405,-100.37091772648768,-475.66107316690216,478.1366384047731,500.61310645313233,22.394940336002513,50.94687156539488,5.796239598053069,217.63867954152929,-166.00631967341812,-273.75657481551264,-841.7504710315591,-76.21816611712985,392.96808761187,-52.22006986968127,-6.286838593185744,24.392447794002198,409.7406971267075,76.05220599780185,-133.39246742031716,-786.627629926205,-416.445203328623,-133.58146883341183,-71.40408619877532,8.959785680640604,25.41676479824148,417.27300204113675,226.13962160464752,95.86026063746272,-8.026554404145077,-37.67738263463652,-99.31207803422829,1.5701837023080547,-1.743307426597582,19.992129847699797,82.04449285602135,630.3250706547338,746.2114342910975,-19.84817082744544,12.12753179463024,8.735339142722564,12.127551420945203,19.848151201130477,8.735339142722564,27.63322342596954,22.26903752551421,-32.23467184801382,-151.40322264091694,-8.269135657089025,-7.214221227822264,83.29751530852567,298.9023394567436,468.85560920081645,717.0384872036426,7.590006280420789,18.871310252786937,41.61334196891192,18.8713298791019,-7.590006280420789,41.61334196891192,-47.134793531166586
184.7590869619154,1007.2234214117356,119.3648430715792,-20.90490501234303,972.4968337447676,282.1740903724375,420.89136490250695,873.9246839511463,256.7106278122991,594.8596679164435,477.7051955008034,258.2187466523835,518.8660462024264,741.8726940335715,45.38540801063653,161.24625428082192,760.6634203767123,-606.5590753424658,-83.69987834549879,975.6942822384428,2.359975669099757,-260.39479880136986,171.29323630136986,702.6001712328767,123.58326198630137,871.6651327054794,469.7248501712329,-111.24779346866725,807.7367608120036,521.6596425419241,-467.1811555364991,655.0958302068817,452.8662236038161,-922.1925299657535,-160.92915239726028,277.74711044520546,-25.12392979452055,9.196596746575343,7.088720034246576,489.6617080479452,-90.02932363013699,228.58336900684932,-776.5569349315068,368.0725599315069,224.4439212328767,17.546018835616437,-23.581335616438356,40.8873073630137,122.38869863013699,-418.5055650684931,-197.88441780821918,-203.62221746575344,403.3001926369863,617.5244006849315,-33.31528253424658,5.381100171232877,61.07502140410959,-58.82341609589041,58.73095034246575,-464.88142123287673,-922.4089255136986,-197.20066352739727,300.3119648972603,-43.85434503424658,9.201198630136986,13.932255993150685,396.66138698630135,332.71339897260276,174.9055008561644,-776.3547731164383,-502.236301369863,-90.1285316780822,-64.22592037671232,12.588184931506849,31.91053082191781,125.83047945205479,437.603595890411,187.1967037671233,-50.61815068493151,-37.33336900684932,-131.84032534246575,0.3962970890410959,-0.3806720890410959,20.212756849315067,94.98640839041096,609.189319349315,758.2681934931506,3.272046232876712,-3.8038313356164384,-3.5101669520547945,-3.8038313356164384,-3.272046232876712,-3.5101669520547945,70.29826626712328,60.03167808219178,-27.83347602739726,-161.57919520547946,-0.7435787671232876,0.864619006849315,73.6962756849315,271.8941566780822,402.27857448630135,786.582084760274,4.527932363013699,-0.3176369863013699,-1.27611301369863,-0.3176369863013699,-4.527932363013699,-1.27611301369863,-24.340967465753426
196.3026463963964,962.2912443693693,242.21846846846847,-182.95759356239623,934.974326223017,8.17741729467365,519.3095607235142,766.9001291989664,25.36188630490956,451.48670212765956,840.6714792299898,-27.465932117527863,433.98455824863174,787.2691555903049,58.59831899921814,274.89777327935224,377.89359817813767,-729.6358805668016,-148.93114803173177,940.0857656039515,-67.86813351294717,-79.66242362525458,499.623599796334,732.4266802443992,212.87803643724698,1055.5711032388665,100.6373987854251,-37.11298682067229,826.9031541537095,437.5427217532948,-432.5624446412755,715.5648487915981,353.03808680248005,-629.0664220647774,-211.09121963562754,563.3066801619433,23.964827935222672,33.2171052631579,-38.79086538461539,257.14030870445345,167.56427125506073,-350.54984817813767,-947.6682692307693,39.86108299595141,123.98836032388664,50.875885627530366,8.483552631578947,-55.23481781376518,598.5616143724696,90.8130060728745,-9.53200910931174,-650.1497975708502,494.8491902834008,391.5032894736842,104.55794534412955,52.57515182186235,-57.78631072874494,484.4023279352227,-273.8718370445344,-128.8475455465587,-805.0013917004048,-22.12651821862348,439.55579453441294,-11.040106275303645,-25.398532388663966,-4.136513157894737,385.4581224696356,-52.654225708502025,-347.94838056680163,-809.44116902834,-374.780237854251,-157.84956983805668,-17.043648785425102,-8.40662955465587,30.529225708502025,614.3154099190283,95.69066295546558,-9.957742914979757,4.199266194331984,-36.64612854251012,-110.1987601214575,0.12044534412955465,-5.297064777327935,13.763157894736842,87.88259109311741,602.0350455465586,774.5740131578947,37.622975708502025,1.4502783400809716,-28.602985829959515,1.4504048582995952,-37.622975708502025,-28.602985829959515,-6.248228744939271,-7.529352226720648,-34.30984311740891,-128.1093117408907,-41.1438512145749,-15.866143724696355,94.01012145748987,314.53732287449395,575.797697368421,664.9251012145749,-111.14271255060729,-35.207742914979754,20.878162955465587,-35.20761639676113,111.14271255060729,20.878162955465587,-63.216599190283404
224.3253345128829,967.3398208559106,263.95985845405283,-343.53552353119017,856.0058450065504,-174.63428398669757,513.8021978021978,733.1688782915198,-145.38368235538047,442.8553963322978,857.4870227477703,-48.53843070447941,452.0112079701121,713.7680572851806,39.04343088418431,266.1824466486324,-51.41949704438433,-827.7301873559763,-119.26402714932127,962.0712669683257,-15.863574660633484,-33.89138122663434,542.1006365565323,741.0732545215722,203.43252179140367,1054.9761546939185,10.921450756437231,-71.77452765763715,869.6695879808786,414.3045754609606,-455.70493938483116,721.2727181645125,351.6264903316301,-328.21019937881977,-247.4556657649534,774.229335737902,-31.091674180943794,-83.8966035467388,-15.694619777577397,-60.41629095281034,218.8668470093177,-616.6888087365995,-969.3053802224226,-51.178138463079854,59.688708546237855,-14.865243963530709,25.88598336839996,-25.50626189760545,722.0033062819357,395.49684400360684,121.88848812744214,-683.1670173329326,547.6685702835388,346.44985472397553,8.67798817753732,38.643422502755236,24.582406572487727,734.7544334235047,-342.7144574691915,65.77006311992787,-753.736098587316,106.6757839895802,504.295962328424,-20.74681895601643,-46.99489029155395,40.476705740907725,364.3276224827172,-351.78859833684,-483.79360785492435,-827.5157799819657,-371.6646628594329,-171.59543131950707,-42.78649433924456,-12.63029756537421,59.65534515579601,786.5724877266807,-90.24045686804929,4.408075343151989,18.691513876365093,-37.5708846808937,-114.98837791804428,0.6643622883478609,-0.05911231339545136,19.862538823765153,77.79901813445547,602.692816351067,765.7322913535718,-2.0718364893297263,-1.9467989179440939,-2.4705941288448052,-1.9467989179440939,2.0718364893297263,-2.4705941288448052,-18.653842300370705,-26.8934976455265,-32.98817753732091,-157.43502655044585,-9.376415188858832,-7.775473399458972,82.38392946598537,297.2620979861737,471.5081655144775,703.0141268409978,18.873259192465685,-3.493337340947801,3.3639915840096184,-3.493337340947801,-18.873259192465685,3.3639915840096184,-81.34866245867147
209.02929034794573,971.4272655789267,228.20925889522312,-119.69540720505378,952.2560184394741,170.6702236639918,416.5862642169729,835.5194225721784,180.22878390201225,511.08578431372547,690.752704530088,169.25008451656524,462.8386978785662,687.0696171665447,126.09790295049987,72.13047498949139,612.2742328709542,-700.4638083228247,-156.61482708635327,925.8961482708635,-79.10343756471319,-203.62502120441053,344.44156064461407,736.0924512298558,83.50963075111447,983.5481537555723,290.7828244595845,-132.4731889030487,740.497500245074,477.29624546613076,-503.5837054511753,611.3381919285533,316.04954082062517,-787.1012189995796,-152.10382513661202,451.0374106767549,29.016645649432533,82.68617065994115,56.54518705338378,442.47061790668346,67.11685582177385,-147.578982765868,-888.3585540142917,169.20865910046237,205.92080706179067,42.636569987389656,-92.79596469104666,-72.16258932324506,462.73123160992014,-185.7191256830601,-140.63413198823034,-480.08717948717947,463.7933585540143,512.6912147961328,-4.990416141235813,23.834636401849515,-78.97704918032787,177.02866750735603,-220.17486338797815,-332.62749054224463,-855.1887347625053,-125.87053383774695,353.1455233291299,-43.40521227406473,72.37150063051702,-14.3224043715847,431.315931063472,132.10634720470787,-150.97057587221522,-733.8237915090374,-420.1390500210172,-151.81630937368644,-52.35014712063892,95.37452711223203,-31.687095418242958,412.9306431273644,260.91988230348886,74.50634720470786,-4.265405632618747,-39.8634720470786,-26.483144178226144,4.677679697351828,-4.428247162673392,24.474905422446405,55.749222362337115,713.5514081546869,685.4156368221942,-106.23673812526272,54.404455653635985,67.6423707440101,54.404455653635985,106.23665405632619,67.6423707440101,18.571080285834384,23.757040773434216,-30.344682639764606,-149.6162253047499,-14.575451870533838,-3.803446826397646,77.57225725094578,265.0734762505254,419.10954182429595,764.435981504834,50.030937368642284,19.938545607398066,-25.36595208070618,19.938545607398066,-50.030937368642284,-25.36595208070618,-46.74493484657419
186.27188234092534,1005.5650086814421,157.83239709937698,-105.6757241732889,972.1343245321713,113.65906177903102,489.3662109375,814.5300071022727,158.22620738636363,623.4933151664821,639.9865451758494,126.19833092054841,428.47411647585864,823.2701592832254,61.84395221503235,259.19775109908693,557.2314846127832,-706.068566114305,-127.83010019185674,962.0991259859305,-48.213493924536344,-190.21769290057378,298.2771259741372,778.3203733835745,182.82493841841503,978.4991081287692,332.72487896033294,-51.99339104533185,801.523876012287,461.95234105929444,-413.2930728241563,712.0488877611435,385.97953142180495,-785.3828204261075,-215.955613797768,449.20975650997633,-120.84418329387893,-53.39220493743659,2.595536016232668,564.5636624957727,-49.03153533987149,44.07194792018938,-881.4956036523504,258.5177544808928,199.86202231991885,-63.52849171457558,80.2618363205952,-41.2984443692932,262.1179404802164,-458.69935745688196,-231.10010145417652,-394.41376394994927,481.8389414947582,599.1098241460941,50.61591139668583,123.50329726073723,74.01614812309774,-137.7480554616165,-67.87622590463307,-446.908099425093,-863.3446060196145,-121.19022658099425,381.1381467703754,-121.77054447074738,-50.50355089617856,77.08175515725398,452.92407845789654,263.9595874196821,79.79311802502536,-798.0977341900575,-410.58657423063914,-101.2757862698681,-156.71153195806562,-50.9871491376395,45.40564761582685,208.57245519107204,378.2555799797092,193.0640852215083,-8.877832262428136,-36.5296753466351,-126.35322962461954,1.1055968887385863,0.8339533310787961,19.581501521812648,97.94597565099764,605.5463307406155,762.4011667230301,-4.640260399053094,1.2083192424754818,-6.424332093337842,1.2083192424754818,4.640260399053094,-6.424332093337842,64.74196821102468,52.33868785931688,-35.58970240108218,-155.63755495434563,15.030520798106188,-10.771305377071355,90.25236726411904,345.19513019952655,497.7768008116334,661.092661481231,37.14888400405817,87.9674501183632,188.98698004734527,87.9674501183632,-37.14888400405817,188.98698004734527,-25.915962123774097
120.99475725721348,71.01173724152373,206.4717844314773,102.09954171074477,35.03889631080877,132.0220576414695,92.8385008109832,64.38422152715948,117.57203891983765,232.58596199158896,487.035589663295,292.1121477974944,298.97768298944635,337.8427122474132,310.8653441186498,109.10878614900606,173.4483957157142,140.10639425624262,147.07204682411927,66.02511139056227,146.56695060653325,286.89334005447813,529.196379568698,282.06720206306886,149.06009899967768,293.40166313548474,317.34115103866407,200.89738360535168,200.23337259054657,188.11109501244638,233.33136001943416,287.92479474323994,194.39679294007868,95.83587700026605,90.38449810378245,183.30044148516072,183.40724447888027,100.19532558965925,89.91040020713042,95.13917635195368,282.0459740818987,306.27431987139886,295.12240120552053,325.7784667826951,146.80998261665812,308.44918431658357,210.57598369475915,373.987361472582,399.93074674052997,246.56198391844225,251.8767835105676,530.0704878444583,317.41887846071705,209.26133562220755,599.4494028309551,292.29389245363166,544.0552442430799,344.6846742052462,438.9266675190727,205.04885131639267,49.13036357513938,103.23777602389993,99.6522700970451,217.14695740266765,140.7958190864436,146.82436299643155,149.4179583564137,245.24330829080773,366.96317339188613,235.70339731230357,233.69777979136882,212.5255015223586,321.44283821973335,215.88644867515123,246.135813793145,386.0488907695172,256.30367782565446,353.98254677093763,128.61936221369018,4.36870438814569,111.57624983614431,7.150613681539076,6.931500360460203,5.397136723337609,47.7115576116501,42.29915439327175,32.10558997999984,33.620834803083916,25.540169733665106,22.575208859042394,25.540169733665106,33.620834803083916,22.575208859042394,90.58865593652155,72.54061861436749,5.604703693247008,5.474131272766079,16.797430062930577,12.155155494661383,7.1592490144727945,26.26011284832314,43.87119045432562,39.3587134034349,38.70246558431061,29.659686773890186,26.52933048625383,29.659686773890186,38.70246558431061,26.52933048625383,41.21462306524419
219.58995399766872,226.7683103825335,315.4572364788494,209.16378022919707,142.45729256285787,307.83002043790736,198.15362555840773,237.0482129285093,317.8493304090978,294.7795145602865,286.1637484386719,240.51713307541507,328.3364473149546,342.6296349406178,433.1349026566919,240.96785196679096,463.6633583995144,171.66960049852958,228.07743600712243,174.63881540697886,280.6095713989854,334.67706862086646,407.44244144616323,224.8176894235906,216.89802718798975,149.62611382712566,270.718908497465,275.2717724274645,261.8144072925295,247.61408158903444,319.7624084226273,296.84228430400856,284.54390755156186,360.2091952198659,228.51707109466298,276.81113412234134,845.2732880986448,601.0326957284464,437.06375995619686,337.4997686105555,337.8413332647866,366.95444163697226,152.74926886005034,287.60860080873533,206.5874191532279,1075.8401877058488,540.0656611634752,696.4671855706918,275.46426961719254,449.3041667886944,380.539801853695,369.16583155899747,305.36380855995094,274.4030300340599,1113.406418677429,804.5439752702893,1032.6550841638275,497.7600422625174,437.5087953304629,420.4274433687592,246.19986885682127,276.14880023945636,255.7839745847768,928.4091441522445,615.2573307340709,623.0266547587136,316.6034030287434,384.0910987803881,376.37805590137503,259.87322721454495,278.4714521250496,336.08467276557104,1124.6320272663766,800.2486619344179,746.4180280590242,416.0193444866508,390.8488769004326,422.96918598141434,90.07386086963878,5.083974339239422,132.9318375479207,85.67147475231866,81.4396982929186,60.76223061293683,100.94412158826246,75.58468815296875,65.4667690451387,380.5832242682389,273.222617691312,239.91913263096765,273.222551488472,380.5832242682389,239.91913263096765,115.75535150217542,83.85413695057387,12.08810393061756,85.5273061691479,513.6792951360263,494.5541419953996,480.51857626651537,495.4320051157339,478.97829671134116,463.9404159597609,1445.5208029907642,1768.6770129596446,1790.3251761409986,1768.6769579946758,1445.5208029907642,1790.3251761409986,72.1267909285818
189.65602598207684,120.18401190966581,249.15835109956063,202.85144751496122,142.02677310802676,313.5244605498762,200.09697612448687,274.6921262423066,325.0221971112012,273.1363202183482,207.91942376280252,222.6296991951043,328.4966367466926,331.17961700723356,492.2584376476211,276.0037993778479,432.14888403481103,123.61049205851756,217.947558166449,146.1518679049829,282.06681663261736,302.7012572743943,321.54774777508703,213.69517996535998,222.93902888804766,111.47252342815537,236.58772611027683,239.14182091599457,170.2061744223354,238.19998412397288,277.76493825985636,222.46495832260555,302.97496268110814,373.8948960426497,244.5972964652027,221.43674145448756,356.684430663813,408.61846069693263,242.6470120669906,263.15526389746225,334.6218243549527,131.34064364597978,107.00866333229546,249.96800662415293,196.90589845771555,549.2357302197419,379.07038150345335,542.7180677737191,219.5349112181852,251.95600801530537,408.55757399817116,268.72870127321073,271.3177317947027,259.3892773605884,1019.5706276835707,496.08436761669486,704.0497691939566,254.02410200694132,452.77460275746813,342.5852899516682,268.75969123295107,240.34222194820663,248.20707983796834,378.20379657618383,417.4535499989837,410.59720055745595,349.74043634254576,248.30595822902268,309.57543925252673,175.08619370732566,256.5857891564791,310.7035262071577,776.2908515332975,411.11468174085854,363.4726269470828,217.5946100185647,368.5020673451194,431.1538160762897,64.42140756478229,4.1704069942659645,130.03113726527525,19.525887481250564,16.823447004455808,9.969811161492087,53.964332492865815,43.945995477748696,32.190559680048004,51.05979587535953,50.842582659080506,37.82821181546907,50.842582659080506,51.05979587535953,37.82821181546907,106.15669640157691,65.60394908136139,10.38996454379817,11.865542282555579,51.11208831536294,53.74589683354165,23.34008992751063,77.10034345636204,117.2976142941077,153.846089125105,183.46063686208964,133.90113333242826,112.3154601425449,133.90113333242826,183.46063686208964,112.3154601425449,68.09589832141715
221.07238328315475,1996.6170261145385,326.9371091509791,198.82869278547506,104.70873491164737,253.87707616199748,187.01294659654553,216.72415723207737,305.31257572781004,328.603789290862,373.9236752594998,298.1045038930275,346.6745142444744,466.518219130256,437.94517927390615,192.0143877341596,332.1226583447864,191.150059456765,233.33500934842996,208.55771050734475,301.1550436664823,375.59753543956583,493.50369755709676,249.609886007787,247.04335723153412,207.45622758279586,329.70426474572184,265.8182024553338,395.61148006031794,284.09301824285205,330.5686200762098,446.1550235779436,307.3599747868019,256.8990009683391,186.84510624019177,267.9500972415534,810.5160018347656,505.4092913973398,393.28401602099905,246.67759322492148,362.34946087314245,399.57207578681823,218.44917991239905,339.00321571932585,236.9119729971608,1133.0516749873757,615.6590550953725,832.2437466905471,348.6658571157097,440.4203846718271,351.36019652665044,477.04803869777834,358.1747800093563,314.374258290065,1191.7004531950286,891.7803582209639,1234.672902207015,520.4571659732874,489.9644551752094,384.7012087901598,198.07694841159923,308.12598323109876,214.05218108740732,917.6154556818494,495.7974516984774,565.6474391700657,289.5380279153949,365.13468638597567,428.48895050477984,385.74632410022474,309.1609296325104,321.2793970255236,1093.7812870977218,730.6241489914174,767.948836917658,463.9457761238551,369.4902383110404,440.00203208088794,110.40493176787771,14.430813696457234,164.81129799173715,481.6774784287599,471.0860285389425,387.50465276629416,475.69679803759175,414.1192091423541,420.49612024853275,1181.4600343607822,1547.9894336839086,2022.3438499937713,1547.9894336839086,1181.4601165350764,2022.3438499937713,111.27124757717841,88.54437262171169,10.197077697784625,61.254918553188936,167.93912595910672,167.57534952525643,122.9947603964975,182.5635840783284,150.98972463471407,189.97225576907434,476.6921225895684,409.87182989242825,340.2055319004199,409.87182989242825,476.6921225895684,340.2055319004199,61.58401358416318
205.21026617878894,162.33450891815065,296.4563125429131,176.61365523157372,79.64736888636594,225.71939110044875,139.55190411174286,128.84613273914155,276.6652899161251,301.7864573688461,404.26454836118234,326.67192514433634,336.5552316814437,338.67068781243427,335.9145782746833,186.66695429879994,315.0805335772284,176.73064464598852,219.0976399750334,177.69278940865306,274.5968725662413,405.0880616225565,505.7627708778007,258.2431483691561,252.22855673979325,242.77184587711278,347.58166413354,241.46187396547828,291.12937236353144,250.3649943288295,299.61248099325155,327.1720518204091,217.42820177544903,224.74213488150707,174.48548328054167,259.8928863713132,530.6096093395287,350.9268742266352,258.30744249391427,179.08473772930577,301.63457700770186,306.49676423999136,248.2670279901513,346.83242053428876,227.4713779109384,965.8799721962364,670.8187428451438,901.6995365170242,303.0114974252863,326.850256425737,287.9863121083571,493.308961897093,411.2135387652207,334.15259574804116,1212.309319242997,902.3542801371478,1278.5559948514383,422.2129776892654,423.01132563784256,299.95543496732824,144.01867644551925,252.7455131357707,195.51403334323675,603.6083436218141,429.2124162788035,487.2390606803879,253.5357821195137,305.38408517146297,345.56710989658256,293.26520738942503,285.89114959441997,270.1022335542554,843.4979589641082,704.015816148728,744.2825293159126,460.34317846993594,286.79255262403916,363.1758439355244,133.51681050861197,5.397770365031795,117.1270655699145,28.33555100109614,27.101829535013735,12.973493254656862,51.279555737132696,41.85667243551672,32.76819728050746,64.75887354420209,62.177911903020785,46.76501045142243,62.177911903020785,64.75887354420209,46.76501045142243,91.72523794911916,76.0467848595903,10.034926011950093,11.921699951961257,146.9580603873397,157.50093346291027,80.17838280183166,150.17309075216266,154.07598244632396,175.15016023063427,505.6867665302847,527.6429416316962,714.4162182146608,527.6429416316962,505.6867665302847,714.4162182146608,48.97593073494995
Sit
5
0.0
4.2997081451186565
0.9668169686840484
1.370126803209579
1.9917944811454242
4.2997081451186565
0.0
10.519502043940166
26.294244448115723
49.27339804248504
0.9668169686840484
10.519502043940166
0.0
3.3175609743899632
3.9751800516215807
1.370126803209579
26.294244448115723
3.3175609743899632
0.0
37.63679705625223
1.9917944811454242
49.27339804248504
3.9751800516215807
37.63679705625223
0.0
2266.9197149935244
203740.23867470262
1
1730.6582038531462
-3.115335593684575E-13
19364
0.9668169686840484
26552.241060789198
5189.929315748047
-7.663417685046597E-14
2037
7821.923607151067
1854.772101733907
-3.115335593684575E-13
8283
202600.5478705306
1387.1866154977645
2.404807440833134E-10
2237
3936.8603691002686
1333.8245179295352
-1.1313645716742149E-13
3009
6494.28936380419
2312.5692328048312
-1.4249636429717465E-13
3798
110
133.14967885086836,1540.754392792443,125.83615330486394,94.71996696089302,81.28477709319864,158.39259825307016,166.29629109887048,172.6379892319124,235.34670222835257,228.06967434999342,279.63066214216923,235.36497409691887,275.9038284937148,406.86281105241613,398.0763556903401,131.2809852789784,138.06585379516406,114.09987525393288,122.95072501118445,1467.253882514203,428.69533589077525,286.81363698606003,335.67716070135026,228.6394477315214,251.92698613686034,167.42926380398436,204.70155822216583,217.69660108432447,287.23315295259505,214.60330695394947,265.32010671504656,313.0807669371091,262.3152634642764,81.301041140337,108.22603261507922,145.3365752270077,215.6863496452253,242.20860188793552,178.55448864935178,75.96762881415357,122.7087119579804,112.2221200461937,197.98557803349112,209.2717636753853,198.14715611417816,516.5450543753468,389.4671801423721,421.2783537862402,221.72292096569777,123.95778218328816,195.08525401865117,303.6360187230969,284.9322701385227,204.50655296825798,615.0301131307679,500.8770554389483,572.5869544854505,178.8589565466753,266.6221794219416,179.22424860611642,149.25937328439284,226.71916767895294,205.37666058608605,449.37364324982246,400.8309383503837,389.0192965862017,304.6085881009321,150.13827719128776,248.6321833010117,284.92265731033353,215.49097622116915,263.2430826780463,649.6215312478175,515.8485515564499,543.13975883801,298.187714695922,253.8549311029455,155.78618293231182,25.800221462539152,9.729875422246337,171.05743368382286,99.1211173846983,91.81836683808653,79.11614130559884,140.77801882330573,149.03924377129866,115.19732277775395,327.70219655363974,276.64455993611136,326.573493588555,276.64455993611136,327.70219655363974,326.573493588555,54.69380105634647,42.10941813737046,18.294850027113124,47.23274102928693,103.25976688438594,106.04096912410915,117.50106265889927,174.77484601426593,214.4093028211814,266.6570465960802,258.37269912619035,304.1903831861053,316.8432145273427,304.1903831861053,258.37269912619035,316.8432145273427,12.388773400167814
352.9996643514694,258.8069662549788,918.8469154021064,27.477472848108306,932.8590918660972,388.2522017842207,464.6287585438341,530.7521005616996,659.4746274709183,783.2438698411227,-15.61820202416089,465.885919520334,776.6089420811087,-56.111358203351294,-353.87098882262075,98.15110514356537,715.0418818425945,-682.215967775253,-270.3412629357239,912.5661493857813,-211.24478338040012,-384.43636041998036,-456.375401177555,669.4074870530676,97.02742202024375,745.4043586035943,710.0122908489982,-93.4347197501645,-75.4578324197888,930.780381466871,-477.84591487009675,-316.6841939518265,681.7073939647115,-923.3024684982441,-104.64676719686015,322.680334641603,-12.602045032018179,-16.8178062383805,-3.6208944432968395,564.5809233629416,161.6582317702954,512.8390311919024,-624.0990497831027,630.706413964057,329.8743544722165,-0.9104523858706879,2.580923362941541,0.3376884941127866,-164.29590993596364,-796.0232390002066,97.584899814088,377.69303862838257,377.77416856021483,730.716948977484,-0.579167527370378,23.71725883082008,37.64366866349928,-548.6030262342491,363.21245610411074,-103.01936583350547,-637.7083247262963,-685.5353749225367,171.02220615575294,-22.291520347035735,3.4179921503821524,18.50728155339806,-525.6583866969635,632.7027990084694,239.44933897954968,114.26291055567032,-913.6154720099153,-2.0213798801900436,-64.31439785168354,32.507074984507334,51.167992150382155,-360.00640363561246,-64.40916133030366,-583.3611340632101,-102.85819045651725,-35.892067754596155,-22.05226192935344,-2.117899194381326,0.4176306548233836,21.30066102045032,-3.479239826482132,573.4498037595538,773.5161640156992,-10.803294773807064,0.08758520966742409,0.13091303449700475,0.08758520966742409,10.803294773807064,0.13091303449700475,156.6643255525718,87.91040074364801,-47.832369345176616,-136.01910762239206,-7.876368518901054,-3.677494319355505,98.75738483784342,320.50340838669695,618.8413034497005,463.5115678578806,-3.421400537079116,4.808613922743235,-5.139485643462095,4.808613922743235,3.421400537079116,-5.139485643462095,2.529384424705639
135.2013201320132,261.91859185918594,819.6133113311331,-0.4514285714285714,883.388051948052,356.5750649350649,495.88771744860304,646.3405376910912,275.3906167633105,519.1242022582229,388.55571919489444,406.56602847324496,633.4176857949201,320.4675446848542,-295.6669802445908,12.261168384879726,579.4987727049582,-675.2488954344625,-397.1244266055046,784.5814220183486,-51.414564220183486,-366.2233676975945,41.12420225822288,675.4000981836033,-106.45164457535591,798.707412862052,486.75306823760434,-108.6340262582057,322.08588621444204,648.4781181619256,-425.7232673267327,135.309900990099,510.41039603960394,-855.9911634756995,-47.904761904761905,317.70839469808544,-26.14138438880707,-103.56848306332843,8.499263622974963,541.901325478645,214.68237604320078,557.613647520864,-600.5375552282769,401.0108001963672,469.95238095238096,-84.19882179675994,79.62837506136475,45.94550810014727,63.118311242022585,-753.1629847815415,46.877761413843885,-66.50564555719195,326.972999509082,702.7506136475208,-58.507118311242024,107.60137457044674,206.0176730486009,-497.4648993618066,-67.37947962690231,-273.74570446735396,-711.2660775650467,-331.1688757977418,316.166912125675,90.7766323024055,22.67992145311733,30.788414334806088,-125.15562101129112,699.6053019145803,135.7255768286696,-269.35984290623463,-669.0073637702503,-98.04565537555229,-98.10751104565537,152.08689248895433,155.42218949435446,-300.9548355424644,239.67943053510064,-507.9248895434462,-95.59597447226314,-30.972508591065292,75.71968581246932,-17.059401080019637,0.9204712812960235,30.40942562592047,-144.88168875797743,519.7368679430535,708.6980854197349,-88.12911143838978,0.38929798723613157,16.726067746686304,0.38929798723613157,88.12911143838978,16.726067746686304,82.25429553264605,61.13107511045656,-31.42955326460481,-77.8217967599411,-74.1512027491409,-36.71134020618557,81.2346588119784,198.63426607756506,426.54982817869416,642.6951399116348,-29.38095238095238,70.84585174275895,-44.54050073637703,70.84585174275895,29.38095238095238,-44.54050073637703,-14.431516936671576
343.98015982364285,213.13571231744282,953.1986773215762,61.909615384615385,972.7515384615384,300.6298717948718,448.0417723047205,479.061209706628,732.6054569600386,831.0691032312719,-79.61890354592762,454.3124773084836,801.4190489668837,-164.23761675629777,-267.8185677894141,113.30701436677532,734.3857298080405,-680.646263431124,-197.58820558151282,958.5656017173885,-133.86374542240182,-396.5436436073886,-615.9549680067609,598.6311722805747,177.2874562356634,738.4056501267656,737.615356754799,-116.14094504157372,-112.28168728452647,957.701886027175,-494.8763732947,-364.26379331160206,689.3994929373415,-914.4468187854642,-115.45454545454545,365.28431727634916,-11.278522274538211,-6.631896655801039,-5.057587830496197,593.0438247011953,169.08451044307617,471.6596643728118,-641.8720270433417,666.7919835808282,285.0443076180128,8.658577809972233,-4.777375347096463,-4.9478449837015575,-197.66280333212603,-805.0525172039116,91.24544247253411,413.47675962815407,370.6821200048292,755.0371845949535,3.9203187250996017,15.044307618012798,16.636363636363637,-575.2654835204636,405.0095376071472,-87.50428588675601,-627.3893516841724,-720.654231558614,173.2101895448509,-37.55293975612701,0.6834480260775081,17.466618374984908,-525.0323554267777,634.3519256308101,259.0095376071472,176.14427139925147,-935.2911988409996,13.077870336834481,-60.45044066159604,11.22322829892551,35.1393215018713,-393.0871664855729,-113.47072316793432,-587.0364602197271,-83.47627671133647,-32.358324278643,26.409634190510683,-1.0067608354460944,0.44875045273451647,22.382590848726306,16.29361342508753,525.9658336351564,823.7819630568634,-1.0219727151998068,2.8500543281419777,-0.07255825184112037,2.8500543281419777,1.0219727151998068,-0.07255825184112037,175.82228661113123,64.01859229747676,-33.544850899432575,-145.19533985271036,-0.38138355668236146,0.26753591693830736,73.69733188458288,416.6118556078715,487.93697935530605,653.9646263431124,0.2179162139321502,-2.7882409754919717,0.4493540987564892,-2.7882409754919717,-0.2179162139321502,0.4493540987564892,-4.047808764940239
400.0800178810907,308.0447027268663,933.6048278945016,4.658471166741172,926.1019222172553,440.41528833258826,614.8305766651765,488.3880196691998,631.9088064371927,757.9159588734913,-110.45149754135002,550.2476531068395,889.5,695.0,-834.5,108.49530621367903,664.0371032632991,-753.4756370138579,-234.41215914170763,1005.3661153330353,-262.7921323200715,-480.94814483683507,-436.54850245865,688.6258381761287,130.25882878855612,748.2825212337953,731.7966025927582,51.80939597315436,-40.53914988814318,1000.627293064877,-413.74564148413054,-322.23781850692893,819.6356727760393,-927.3044255699598,-113.25301743406348,352.9061242735807,-10.218149307107733,-4.990165400089405,-4.560572194903889,563.8238712561466,205.72194903889138,517.6222619579794,-585.1680822530175,699.5248100134108,301.8310236924452,7.239606616003576,-14.21636119803308,0.9834599910594546,-261.16271792579346,-795.1989271345552,169.78945015645954,532.4537326776933,327.2624050067054,692.764863656683,-9.906571300849352,16.293696915511845,16.36119803308002,-510.818059901654,490.2928028609745,0.8703620920876174,-576.6589181940099,-752.3571747876621,307.5100581135449,-30.94322753687975,-1.294590970049173,20.253911488600803,-806.8909253464461,545.7805096110862,235.48323647742512,56.99955297273134,-982.2664282521234,131.66249441215913,-56.24854716137684,16.90075994635673,46.588734912829686,-136.80643719266874,-153.43451050514082,-639.3732677693339,-94.18909253464462,-33.39383102369244,175.73714796602593,0.2288779615556549,-0.3276709879302637,22.747429593205187,-70.272239606616,518.8444345105052,825.0393383996424,-2.4944121591417074,0.0116227089852481,-1.89047831917747,0.0116227089852481,2.4944121591417074,-1.89047831917747,172.83862315601252,137.33392936969156,-58.971837282074205,-145.6629414394278,-0.28073312472060796,0.17210549843540457,119.49709432275368,301.682610639249,738.3334823424229,372.7013857845329,-0.10594546267322306,-0.21099687080911936,0.9924005364327224,-0.21099687080911936,0.10594546267322306,0.9924005364327224,7.677246312025034
435.6299829642249,314.26746166950596,889.8282793867121,-22.27750083084081,879.0721169823862,530.567298105683,411.01561980724495,566.3619142572284,724.8936523762047,758.4765415549598,-50.01943699731903,518.9078418230563,797.900299102692,-341.43718843469594,-432.91824526420737,77.44765702891326,728.5124626121635,-695.1758059155866,-348.5254957507082,853.3328611898017,-359.5304532577904,-312.0754339118825,-467.3204272363151,740.8210947930575,-38.205716184779,708.7467597208375,750.7487537387836,-115.62863834058213,-136.40615590498496,991.3201739712279,-483.59155865736125,-376.3193752077102,756.5460285809239,-947.3678963110668,-82.51146560319043,296.2881355932203,-8.859421734795614,-3.78963110667996,-3.7547357926221334,566.272183449651,83.54469923562645,533.1163177135261,-578.0741110003323,622.563642406115,389.8471252907943,2.926886008640744,-16.924227318045862,0.4835493519441675,-186.41342638750416,-805.7670322366234,94.84978398138917,415.84579594549683,379.835825855766,740.637421070123,-13.594882020604851,23.68660684612828,25.206048521103355,-500.16849451645066,434.9764041209704,-136.43104021269525,-646.8118976404121,-747.7025589896975,57.290794283815224,-32.205051512130275,6.1525423728813555,14.834164174144234,-628.9857095380526,686.5300764373546,235.12695247590563,130.8903290129611,-986.5772681954138,25.729145895646393,-58.83349950149552,19.40545031571951,50.48886673313393,-377.49717514124296,-66.53539381854436,-585.3589232303091,-137.6287803256896,-44.88634097706879,-175.37221668328348,0.5603190428713859,0.28281821203057494,15.48687271518777,21.83881688268528,700.0601528747092,685.4250581588568,-1.3931538717181788,-4.344632768361582,-4.509803921568627,-4.344632768361582,1.3931538717181788,-4.509803921568627,145.29877035559986,94.63908275174477,-69.67098703888335,-137.0335659687604,0.5732801595214357,0.022266533732136922,129.81621801262878,232.34330342306413,816.1093386507146,139.52409438351611,-0.9016284479893653,-3.510468594217348,-2.2864739115985375,-3.510468594217348,0.9016284479893653,-2.2864739115985375,16.402791625124625
396.28834355828224,283.8020078081428,911.4500836586726,20.223275408109533,918.9844655081622,452.8617693522907,438.04528699315426,578.2298578199052,670.3896787783044,855.1392838335967,-9.701685097419695,431.2459189046867,715.9389799635701,-238.62112932604737,-227.04462659380692,121.47340705634545,764.9210110584518,-637.1369141653502,-320.22891915386845,873.1587945523037,-317.8846711098232,-368.2837552742616,-378.18380801687766,752.6508438818565,118.68904686677199,759.4265402843602,724.4502369668246,-103.72775144813059,-180.6458662453923,934.3736176935229,-501.86229594523434,-404.8212216956293,616.2738283307003,-957.2938388625593,-123.9768299104792,235.53923117430227,-12.596103212216956,-9.792785676671933,-6.328593996840443,513.7764612954186,152.9565560821485,559.7501316482359,-657.36887835703,641.1192733017377,321.51816745655606,15.050552922590837,2.651922064244339,-13.092153765139548,-138.9199578725645,-792.0847814639284,98.24539231174302,416.51211163770404,448.60531858873094,707.1706161137441,36.48235913638757,2.0387045813586098,15.542390731964192,-578.5102685624013,371.29410215903107,-80.00921537651395,-649.5065824117956,-710.3941548183254,98.11848341232228,-36.70063191153238,-0.3399157451290153,16.07135334386519,-494.32095839915746,601.7756714060032,258.18193786203267,205.61163770405477,-899.2954186413903,-84.17456556082149,-63.70984728804634,34.36176935229068,33.44470774091627,-437.138757240653,-66.38493944181148,-581.2311743022643,-126.58162190626646,-40.58293838862559,-175.20826750921537,-0.0315955766192733,0.6258557135334386,17.809636650868878,48.519747235387044,637.6690363349131,738.100579252238,-3.0118483412322274,-2.542654028436019,-3.458662453923117,-2.542654028436019,3.0118483412322274,-3.458662453923117,154.26961558715112,119.93733543970511,-63.926276987888365,-140.73617693522908,0.15534491837809372,0.23749341758820433,125.98630858346498,257.19562927856765,780.7935755660874,262.22169562927854,-1.3844128488678251,-4.4942074776198,-2.0679304897314377,-4.4942074776198,1.3844128488678251,-2.0679304897314377,11.94681411269089
303.7829587553868,1112.4436873818893,329.97219338649063,228.16575009385068,194.7121804745487,320.1122646133415,273.55702269263753,228.6773887115615,485.18859134723255,375.84017575246105,425.92686919320164,420.478461664282,471.87647860608894,553.669041371428,449.3907993050216,280.993323878089,346.89516998964865,283.8989319128633,260.3909633895387,670.6596680756115,405.84321552553524,393.61653559793274,556.7424476666081,257.09360411531856,323.6485779473823,277.6598652933618,432.42552579626766,314.69995454751734,523.8379029938103,482.21215872620445,393.4186396272542,635.9476484671335,394.5061807973509,207.15373010955386,237.4383174204918,324.61855111215465,432.2099498020675,711.0368572898752,459.99883576393165,155.21189832718582,221.1664175060617,272.2541887484202,257.9822494855399,435.1976324092478,253.8616414437961,867.2997281825283,698.2381510343608,709.6021807236225,360.39565444675037,171.8385440194752,308.3850915923155,525.4644494306535,332.3700608141853,326.5600154180084,836.1086704578103,898.2777655954416,924.6527493911783,310.45469753913864,461.2162700634507,288.72507357597283,213.59935526753617,476.71643343917293,350.5933037880785,922.6617149101569,931.2037769039758,790.2381047405761,443.49583186563353,168.71211670055348,375.92709211256357,532.903691503493,498.5456593971158,319.0156911123018,985.7744657754096,849.5356201778113,1322.925932561506,429.2937144241017,407.3234666905013,224.24637980280994,31.647295614949716,21.777659066597867,143.56076070447182,304.7876630611187,282.74015568488494,243.25760531528488,390.4734019698009,382.56726167551574,283.9708880961506,1004.7543662335921,850.7667696895572,1005.5083504389494,850.7667696895572,1004.7543662335921,1005.5083504389494,142.5156322637809,82.49534130724936,21.299772876814103,130.09843317446908,310.2626235853799,324.9400188476994,353.110444713214,454.8518760427411,423.1381999345261,397.2378252685771,792.5855727727208,932.8383571595548,973.6180599568852,932.8383571595548,792.5855727727208,973.6180599568852,21.44130857629686
31.169901935853428,22.315448394848634,16.828437070636085,53.05198199690558,32.344334576073244,96.67259709764056,147.87956681675286,182.87752679102346,146.46824141011177,155.15025457224954,211.86872226482723,188.16816594817482,255.7953418808793,374.74174623094615,394.2849533047571,95.93229562778869,60.3539253439816,60.59145172546312,59.229480529368985,25.82919312948194,52.933570322160605,253.81217801053612,196.86053698459384,223.0938637424201,216.64623130709677,115.9575648591024,123.90792133145315,234.5455409068119,185.01786204891812,111.14497939501383,266.1036763269677,211.53199671182685,225.80043704016256,45.02822818471878,84.1686073297891,104.10306727185618,173.88768815224864,76.07633738863164,109.94199450323582,59.26265022032511,89.77204814524644,74.01559192227876,154.35088873881932,128.73420525813017,187.00025399409125,440.7187147898901,329.6144043817939,372.84581222591396,155.1377546516056,83.82307507697706,161.25501963978053,213.79959286949114,265.3057714813335,180.8381157782442,601.7380338346917,421.15000197738607,474.3957425418258,137.99750513169303,161.26657141842804,115.25929871526455,158.5460263472932,129.80218622505052,165.9030446367817,387.76592538243773,283.35496037101376,322.6719739791386,244.74733318915906,158.5585429280707,249.80996018860736,208.62183978485638,127.31545096958908,262.60626390063396,629.1483743431664,469.98366799593344,385.4468604167663,318.44487892873684,217.40113171462636,188.19273512249995,4.681836745549272,0.719924928753838,169.6303861210596,5.358299790729647,3.937371863919149,4.336355713526238,17.48289926588688,5.214701263094244,4.810992018490113,18.36878382983822,21.367563745651516,17.56608040894232,21.367563745651516,18.36878382983822,17.56608040894232,1.1725347360604914,10.102703323333227,7.428416235805669,8.959176107611968,4.743991857836152,3.786201584063955,9.476239118362336,49.048422810725334,78.03311941462022,102.11452429929403,27.17002566733803,25.41627013493453,23.250116534450814,25.41627013493453,27.17002566733803,23.250116534450814,0.7772318300783834
37.70580186252889,4231.342943902458,144.41497654586203,29.416941925684917,36.4402417285296,76.20768627728174,63.364376276646865,31.93562676890906,77.59904916528643,203.94852752220152,188.75158778311098,165.32773165799603,318.90515831513295,1115.814500712372,23.33452377915607,54.35400099616636,57.5723078077471,51.94057910439655,16.253415621097034,4135.366258801355,1122.4685321639793,173.3498716169839,201.27897405567887,237.99286476518242,176.87366394007478,166.33640967515987,133.85971158489113,65.40723885523927,115.36643058296572,52.39632101767736,145.22866472615357,81.54424559412179,127.45741874334266,25.855468017046157,31.444280106258745,61.3108895113526,109.09113376677197,59.64904733339181,53.0028986384062,27.109634674084152,54.20539621355281,30.432554032987678,220.9135962205882,128.23929072487525,128.73783550043166,331.9099601288896,232.96611122832823,236.72950188101123,111.68167845945868,113.74859388429921,97.9243616482361,185.8706323692367,299.6299260117956,128.76472824782022,397.67012171354804,354.0516686828419,582.2611306091469,177.48850771632652,163.39837838847987,96.57669194070851,32.13193087065832,50.004139441103845,75.79276609039599,121.01006365307285,127.52136666270319,84.63514713060194,51.60731123832105,71.4613723741759,79.437283633211,101.1777492374983,62.636595665950104,136.38963800696652,369.7497944131882,206.5571754074459,217.06297738700357,42.21435200135901,95.86967445096069,29.456551502034703,0.6169250663555995,0.7963565479095158,2.118519055679846,8.263461789891029,8.796110733026257,4.88381548801777,14.534752722637418,13.125441694750394,9.769859326601141,38.28700800766346,22.247285796639044,20.421806095851238,22.247285796639044,38.28700800766346,20.421806095851238,0.8984042102081573,2.0904796079925534,0.9427308154117299,0.5188132552242657,4.091731026064406,3.1279182712443503,3.452153868188746,8.528827616738628,10.070085842661781,12.005785086303183,24.48918101932003,21.34402181426806,21.787238296718474,21.34402181426806,24.48918101932003,21.787238296718474,0.581071367719792
26.343479714779654,13.594766257432113,17.39337419399524,34.32310534863292,52.12937615761503,87.2295261561249,86.60808388811235,101.025372832318,84.96613446292571,233.17947573509306,226.1375541274446,236.47699176755984,135.32705752606782,139.15375085468972,284.8896278315458,59.39248624364432,55.712096475548684,54.43844732751273,22.196049186076998,14.104100474269003,24.658456051470584,284.2345353796452,221.7973645353097,198.56554374027525,237.08483426302732,212.87952109654967,150.15604921204115,102.69044049535087,76.04685489090906,25.88570668171023,162.17436585976816,54.056689610359776,132.37629697574687,27.64990416608279,49.61161609550672,84.84828682658913,87.87255704549271,47.93647390816497,45.73428326645045,42.522944689325364,54.874016245340435,45.05737805016398,262.7190477100392,161.56009279707914,194.1718808368606,329.0181769188332,248.31708072756496,250.80465415625855,211.55291741676487,145.79078168549398,165.0569434525596,216.35450405750817,291.9333179574311,173.86754923310343,309.0412019161463,293.31632284859324,444.00066124291743,169.59608967996317,182.37652421297773,162.06494128311581,83.04953087852931,81.96540361878849,85.85470732356447,80.39585093034445,58.38906495739892,46.41394264424084,162.17120827401902,84.06801626700809,67.0048662098205,67.30853906483173,33.18485802654775,136.01336597080365,238.58983681999806,77.55910441547782,75.48057441074613,82.34680777456484,74.94915049391875,40.83788478134777,13.506183911982452,7.917987379400456,2.102518540625087,3.9811433063678305,4.192124776309376,4.33349351539326,9.593687429418633,69.99843299996108,63.53297265122412,21.18318578566122,20.949880158685893,17.935203637429428,20.949880158685893,21.18318578566122,17.935203637429428,14.568145141910462,18.273338726158656,4.157323276416235,5.193132031020047,4.413624778468925,3.4794948420421394,4.171974974337404,18.3538140237048,31.73364583194279,128.3702783309375,24.61822108078449,21.27854715972133,22.626117136874292,21.27854715972133,24.61822108078449,22.626117136874292,3.1392661888152085
70.38961476580819,66.24799236566217,38.63100685161513,74.7914326955263,36.667365278213055,73.20895307870217,171.07892931473074,162.24614322485868,132.353714473369,144.48696058831936,197.24152284112935,200.45833071318285,283.99886198954397,407.49745444373247,482.739516751102,124.65166510061228,74.09000623421862,77.70969456984133,90.41880520364455,71.50572487587833,60.3331237864126,322.27633083397103,256.8882416251429,189.24366651792005,224.2368239536989,131.12538656382117,145.97975017931145,231.2447671795095,247.95859537917303,127.55594685349278,289.0585524007784,237.29008638374484,312.2569051712225,32.39374590447765,93.4244788737922,83.65212220418499,240.5663476296821,83.67068636152997,139.11576162175794,48.56764589161398,145.53275737437812,55.310114953354876,155.42517675051158,145.49797968888114,177.38847961803248,615.4613922796799,436.51294684460686,497.62973071638123,221.41230763650927,146.58037863464682,233.6512933022824,198.86816486242967,269.9016448860297,218.77406497119009,769.5028460342407,559.8242738770077,591.3655567146659,148.43531483940686,180.8650754848099,199.73256591537017,150.69515972820602,142.656903393841,205.12559067320038,473.17684565416954,408.2843289619963,451.4057904935825,269.3508900347761,161.6615977318227,298.48609556290387,243.63287474707235,157.0588667742645,315.35453177635884,800.8095358003934,670.3529636291869,450.43500815683586,295.29491285992697,259.17979113823236,113.03804183323126,15.86949838481967,6.875953725742506,2.25560843165353,6.338535852043781,5.710082405437303,5.722246513529062,32.01008046287535,75.51074618022584,66.29511513638808,27.71469674754605,22.198547347923867,19.454443655148083,22.198547347923867,27.71469674754605,19.454443655148083,12.614353555684087,27.797639108643622,5.403482074507678,5.086392151315224,6.969445836611729,5.039265911976985,6.112441450969452,27.990713156872165,39.788783149067015,131.11124626475697,27.091203452675597,24.645548235287535,29.07891813837658,24.645548235287535,27.091203452675597,29.07891813837658,4.6153964904966385
Lie
5
0.0
0.27001844646918366
0.25536699192293133
0.5567136069566913
1.0060370885557322
0.27001844646918366
0.0
0.06018866667297357
0.807249630737561
0.20036577001660985
0.25536699192293133
0.06018866667297357
0.0
0.1106226481545759
0.21538537984689332
0.5567136069566913
0.807249630737561
0.1106226481545759
0.0
0.4321336895485798
1.0060370885557322
0.20036577001660985
0.21538537984689332
0.4321336895485798
0.0
2415.327961228364
17101.494872328352
2
1887.779117955493
-8.542184478019609E-11
5310
0.06018866667297357
16319.102433362625
4600.834562024813
1.443322054765124E-9
1327
1123.6124596885838
790.1839562304176
-4.430216300077686E-11
753
877.4010512832251
300.55097069563385
-5.048340041437309E-11
718
2566.581352008092
959.7179724164166
-7.193526337042169E-11
1209
7882.487183444424
1471.1357588902042
-8.542184478019609E-11
1303
110
295.0689075332336,205.37974729546158,157.06656517021082,170.5098947870411,153.77143455336918,102.98366550263435,187.47306637544082,247.70131507908002,183.66160344919155,227.97020494725112,215.2924897305097,122.07704622622708,354.60983861228635,222.79983957631137,273.5629185099331,130.62858177863617,81.44312460351297,363.74448186978145,286.4606156215029,217.28823216274625,245.18352842961121,337.98320322289015,431.28867224784153,289.77818509835384,242.0349513381195,141.28786053145853,207.97499796492176,331.5365496604295,234.47521864803258,271.88856887254445,368.3897371220963,226.79838127869542,246.61546011300447,143.38970433458667,116.27508122531222,182.14053423662523,189.21565212921846,317.52943205519097,185.1841659164059,256.8767469403643,163.09161427489357,123.965912873411,166.10907414376683,207.72138760384937,154.3108293807014,258.2808430549476,206.92725704610473,293.30210742554436,203.9655830189822,176.72051590253744,210.73337022062555,226.46279351776803,301.2493647138124,93.15585561642965,330.6930252395941,309.0294176445129,441.1309120894503,186.90721638072577,255.84237662129993,170.3183863941078,257.5924392831365,179.60219295181398,192.347267728293,425.31266317259417,440.069842648378,358.76179967202194,206.7425167931108,203.25449567952285,198.61978654188064,208.4471917118633,281.0515852540654,307.95603039096767,515.118021704962,505.3021319056214,586.5406776875504,298.5214466200023,247.46169890390163,164.53597066514757,29.430493578361382,23.043152907816964,112.63940222406596,182.4299764924037,162.08200034550845,145.5513999057097,535.9961694793377,407.0953486188631,251.5310061571311,536.780503857111,413.3274822612745,471.79015689166886,413.3274822612745,536.780503857111,471.79015689166886,46.771436142579084,122.39509865366321,23.96017689701966,43.04781237690339,163.33050177840045,181.944137580482,176.6268493853014,273.5989387099154,275.9497334725856,259.6889892074103,465.349089363573,561.3259526091958,474.4785301351541,561.3259526091958,465.349089363573,474.4785301351541,34.51782847967201
-179.64983578177356,-58.018909806736765,948.5065922888564,87.68558056195923,141.53644207817993,991.199181050247,-107.46170338977821,-108.82086961918597,946.2071342320894,162.4421845574388,260.37551789077213,901.8440677966101,679.5624223027474,-135.29970157125308,-619.1236483376845,-460.88993264772586,792.0400642131146,147.57684462828715,-453.3459239697428,567.4908633982752,534.1334253247086,-552.6577830659566,142.98951159891863,590.3047599004958,-577.7715630885123,251.4674199623352,744.3653483992467,320.97874061129363,-686.7519986092439,437.2186096407193,68.37913653856174,-658.9885125387999,576.8761553635098,-402.0122410546139,478.8502824858757,-744.7954802259887,6.680225988700565,5.041996233521657,7.395668549905838,-624.2770244821093,321.30018832391715,957.5376647834275,105.00338983050847,589.9169491525424,741.4120527306968,44.1361581920904,-33.297363465160075,-10.987005649717513,-733.4470809792844,-574.1322033898305,95.13333333333333,-125.82580037664783,-20.106967984934087,918.6529190207157,18.161393596986816,-20.397551789077212,-13.994161958568737,-684.5122410546139,456.0393596986817,-276.12448210922787,81.30621468926553,-822.7263653483992,-446.1883239171375,-26.218079096045198,18.597363465160075,20.343502824858756,-1056.6632768361583,251.00885122410546,-76.54595103578154,573.1024482109228,-571.6077212806026,406.5960451977401,-70.09943502824859,32.0271186440678,39.398305084745765,85.67212806026366,-232.94256120527308,-797.1868173258003,-101.44482109227872,-18.47231638418079,94.05160075329567,2.119020715630885,2.787758945386064,22.351224105461394,-238.44199623352165,310.1642184557439,606.0335216572505,29.261393596986817,-6.26120527306968,-28.93126177024482,-6.26120527306968,-29.261393596986817,-28.93126177024482,146.4099811676083,55.54237288135593,-13.930320150659133,113.18512241054614,-32.050282485875705,-3.006403013182674,88.53709981167609,-738.3387947269304,58.2789077212806,394.654802259887,0.08644067796610169,-26.753483992467043,20.564595103578153,-26.753483992467043,-0.08644067796610169,20.564595103578153,-72.09114877589454
-166.42507068803016,-5.558906691800188,951.1470311027333,57.39756097560976,252.5731707317073,937.1634146341463,-116.28883291351805,73.64735516372797,845.1931150293871,216.02562170308968,271.3790504898267,847.2471740768651,682.8659942363113,-155.06051873198848,-534.6340057636887,-446.48406676783003,786.7207890743551,45.922610015174506,-429.4559925093633,523.9260299625469,517.1432584269663,-525.4566691785983,163.9238884702336,580.5275056518462,-542.640542577242,315.32856066315,727.5749811605124,102.70557491289199,-594.712543554007,489.76480836236937,-86.93201581027668,-584.8387351778656,476.73201581027666,-504.58327053504144,483.2991710625471,-602.9155990957046,54.38733986435569,22.11605124340618,35.665410700828936,-411.45666917859836,236.36322532027128,977.1846269781462,23.181612660135645,543.9216277317257,748.6254709871891,133.29163526752072,-100.97437829691033,-18.318010550113037,-635.7174076865109,-643.1868877166542,64.62923888470233,-125.23662396382818,-27.455162019593068,889.6428033157498,58.41446872645064,-104.30972117558403,-98.67520723436323,-666.2810851544838,353.93443858327055,-256.92840994724946,-87.38884702336097,-728.2396382818388,-472.70836473247925,-25.128862094951018,57.09871891484551,32.82667671439337,-948.1039939713639,323.060286360211,62.54559155990957,527.4589299171063,-574.8244159758855,201.3715146948003,-67.02336096458177,34.54031650339111,-10.711379050489827,-120.18311981914091,-204.6669178598342,-707.2471740768651,-106.77166541070083,-16.845516201959306,85.26601356443105,7.276563677467973,9.78372268274303,37.9819140919367,-221.81989449886964,302.5870384325546,654.0851544837981,117.30595327807083,-23.75357950263753,-112.05953278070837,-23.75357950263753,-117.30595327807083,-112.05953278070837,127.83044461190656,71.17935192162773,-12.914845516201959,109.60587792012058,-111.91484551620196,-13.961567445365485,110.47249434815373,-605.1899020346647,84.80482290881687,506.30821401657875,0.5591559909570459,-98.74001507159005,89.34589299171063,-98.74001507159005,-0.5591559909570459,89.34589299171063,-52.58779201205727
-279.2749003984064,38.918990703851264,981.2934926958832,-33.18193891102258,82.62549800796813,1008.2084993359894,-116.81718464351006,-309.6471663619744,955.0274223034735,121.93227091633466,501.8645418326693,858.7622841965472,358.9003984063745,-342.33067729083666,-882.6361221779548,-489.2629482071713,810.5378486055777,304.5471447543161,-724.4329349269589,585.6826029216468,262.5325365205843,-720.6533864541833,304.6865869853918,574.4913678618858,-825.1009296148738,334.03452855245683,499.8207171314741,622.6566164154104,-723.321608040201,168.00502512562815,403.67197875166005,-662.9681274900398,594.9654714475431,-379.14077025232405,497.90172642762286,-776.0358565737051,-10.44621513944223,1.3798140770252325,-1.3559096945551128,-740.5537848605578,230.48738379814077,967.597609561753,97.45551128818062,375.601593625498,914.3227091633466,13.755644090305445,-10.893758300132802,-6.424966799468791,-890.9867197875166,-405.60956175298804,-155.56440903054448,-353.84196547144757,-62.24169986719787,920.0690571049137,-0.11819389110225764,9.439575033200532,14.880478087649402,-490.4249667994688,678.0385126162018,-363.6281540504648,321.1460823373174,-815.0252324037184,-464.5604249667995,-33.75166002656042,9.168658698539177,13.386454183266933,-1121.7025232403719,57.02523240371846,-155.46613545816734,582.6653386454183,-428.56175298804783,674.2443559096946,-60.950863213811424,32.37848605577689,40.08233731739708,276.97476759628154,-405.1394422310757,-826.2523240371846,-66.88047808764941,-25.762284196547146,122.44488711819389,3.1235059760956174,-0.2749003984063745,8.747675962815405,-816.6042496679947,392.261620185923,383.3027888446215,0.4050464807436919,-2.1088977423638777,-3.1195219123505975,-2.1088977423638777,-0.4050464807436919,-3.1195219123505975,150.30278884462152,-116.95484727755644,-42.46879150066401,93.26427622841966,-12.54050464807437,6.069057104913679,114.48472775564409,-745.6932270916335,268.531208499336,331.2895086321381,-0.5059760956175299,-3.9787516600265604,-3.745019920318725,-3.9787516600265604,0.5059760956175299,-3.745019920318725,-106.18990703851262
317.5793871866295,158.6824512534819,971.3189415041783,43.71866295264624,190.81615598885793,1016.0097493036212,-66.08077994428969,-54.16295264623955,1013.2869080779944,8.36350974930362,118.87465181058496,996.1058495821727,765.3704735376044,-247.21866295264624,-628.4693593314763,-495.4122562674095,788.2186629526462,-392.98467966573816,-569.4038997214485,291.46100278551535,758.9178272980502,-610.4914040114613,-126.63467048710602,792.8137535816619,-285.1406685236769,202.98050139275767,983.1894150417827,121.66295264623956,-773.3579387186629,614.2771587743732,-168.26183844011143,-777.7367688022284,583.3300835654596,-416.7701949860724,490.24373259052925,-768.058495821727,-9.685236768802229,0.692200557103064,-0.628133704735376,-549.4944289693593,337.74930362116993,1059.6810584958216,4.2534818941504176,817.4317548746518,571.683844011142,13.729805013927576,-10.662952646239555,-9.029247910863509,-641.2674094707521,-678.7172701949861,247.27437325905294,-15.146239554317548,249.84679665738162,964.9610027855153,5.422005571030641,7.146239554317549,12.142061281337048,-866.7938718662953,233.29526462395543,-408.6281337047354,-9.050139275766016,-967.7284122562675,-239.36211699164346,-33.33286908077994,4.087743732590529,12.786908077994429,-983.08356545961,450.6239554317549,-0.6211699164345403,673.9122562674095,-696.650417827298,252.3217270194986,-62.420612813370475,26.671309192200557,38.66852367688022,73.55571030640668,67.10445682451254,-949.0222841225627,-96.41922005571031,25.176880222841227,-128.62116991643455,1.2089136490250696,0.4735376044568245,23.93732590529248,743.458217270195,-436.57103064066854,457.6225626740947,1.998607242339833,-5.967966573816156,-0.20473537604456823,-5.967966573816156,-1.998607242339833,-0.20473537604456823,146.03481894150417,56.221448467966574,13.266016713091922,126.54735376044569,0.6253481894150418,-0.22701949860724233,39.55710306406685,-756.0640668523677,-225.5125348189415,546.9401114206128,0.40807799442896936,1.6866295264623956,-1.4651810584958218,1.6866295264623956,-0.40807799442896936,-1.4651810584958218,-48.25487465181058
-420.4117647058824,-48.18964003511852,915.7304653204566,34.98717948717949,79.81959706959707,1025.1373626373627,-69.41606591143152,-285.25437693099894,969.9536560247168,52.790736145574854,395.1389578163772,917.2390405293631,831.436170212766,159.41489361702128,-630.4148936170212,-448.4830438378825,811.6699751861042,350.20512820512823,-570.0897435897435,576.9522144522144,518.2400932400932,-411.55748552522743,461.0339123242349,541.6253101736972,-777.5657568238213,255.17617866004963,600.8775847808106,591.3904052936311,-739.9280397022333,232.02233250620347,354.72291149710503,-690.328370554177,601.1703887510339,-361.6534325889165,458.5260545905707,-807.9586435070306,-9.420181968569066,-0.5831265508684863,-2.392059553349876,-716.5277088502895,370.49627791563273,948.1224152191894,190.5616211745244,465.26633581472294,853.2737799834574,14.324234904880067,-12.704714640198512,-6.5525227460711335,-920.2001654259719,-404.1298593879239,-36.26385442514475,-296.28205128205127,-130.4441687344913,935.166253101737,2.4656741108354012,8.084367245657567,12.846980976013235,-526.191894127378,673.7990074441688,-294.90653432588914,271.4987593052109,-831.8850289495451,-475.38047973531843,-36.416873449131515,4.650124069478908,10.066997518610421,-1120.181141439206,111.32506203473946,-154.15384615384616,602.3639371381307,-446.4234904880066,655.8966087675765,-54.424317617866,27.74028122415219,41.52770885028949,302.0678246484698,-343.7890818858561,-818.187758478081,-110.28370554177006,-26.587262200165426,138.03225806451613,-1.3068651778329197,0.0016542597187758478,16.520264681555005,-582.5698924731183,445.41604631927214,603.8734491315137,0.09181141439205956,5.171215880893301,-0.8064516129032258,5.171215880893301,-0.09181141439205956,-0.8064516129032258,146.54590570719603,170.6509511993383,-29.812241521918942,125.90736145574856,-5.136476426799008,0.4160463192721257,110.72043010752688,-697.08105872622,256.84532671629444,423.7411083540116,0.04714640198511166,-2.822994210090984,-2.7559966914805623,-2.822994210090984,-0.04714640198511166,-2.7559966914805623,-97.88916459884202
-186.14331210191082,-295.99575371549895,944.7112526539278,261.5045045045045,92.6086086086086,991.2392392392393,-151.16884113584038,-45.00613967766692,984.9877206446662,317.9263238679969,62.54412893323101,916.1174213353798,673.3069518716577,-207.3144385026738,-537.2598930481283,-451.6532507739938,770.6594427244582,270.249226006192,-148.7415611814346,744.668776371308,599.2763713080169,-582.3284727551803,-118.30237912509594,542.9785111281658,-446.48810437452033,161.991557943208,904.3223330775135,227.8598484848485,-662.290404040404,632.1098484848485,-102.50268610897928,-637.6907137375288,642.3131235610131,-340.0844205679202,475.8894858019954,-799.8096699923254,-8.051419800460476,-2.6139677666922485,-2.834228702993093,-729.4336147352265,405.5709900230238,884.1665387567152,168.8250191864927,750.9009976976208,623.8756715272448,15.311588641596316,-8.90023023791251,-11.350729086722946,-619.4489639293937,-701.302379125096,309.15963161933996,102.51496546431312,-34.650805832693784,906.5395241749808,9.313891020721412,6.212586339217191,16.253261703760554,-861.6968534151957,352.42210283960094,-154.66462010744436,-12.176515732924022,-835.0046047582501,-495.44512663085186,-9.590176515732924,5.772064466615503,25.349961627014583,-1111.2455871066768,309.344589409056,-142.4198004604758,531.3599386032233,-698.247889485802,314.62240982348425,-97.29470452801228,36.19339984650806,88.46201074443591,-9.342287029930928,-224.71373752877975,-768.8334612432848,-110.56254796623178,-32.43898695318496,168.48349961627014,-0.03376822716807368,1.2931696085955486,18.830391404451266,-143.01227935533385,556.4205679201842,769.5963161933998,-1.6408288564850346,-1.6155026861089792,-1.113584036838066,-1.6155026861089792,1.6408288564850346,-1.113584036838066,163.16270145817344,32.12432847275518,1.2778204144282426,109.17498081350729,-4.966999232540291,-1.8012279355333844,57.60936300844206,-898.2041442824252,-118.10207214121259,206.66078280890252,-0.19339984650805833,-4.478127398311589,-1.6577129700690714,-4.478127398311589,0.19339984650805833,-1.6577129700690714,-61.445894090560245
341.15478047184416,248.3957044875377,307.7854635440205,192.93181169717505,252.07030628805026,189.8636060344009,300.666294597722,383.3820131071506,328.4787774165349,302.10629257384977,272.2048269708806,198.05303258373235,419.2152679602705,316.26518513404073,336.51314711041925,218.8438960696104,125.55528674914521,408.1412559625591,358.0488269044531,268.47947212156095,333.98983799683975,337.60712087903835,460.4701244705963,324.5596863514596,276.7975442391779,221.86716017215994,228.31020727539666,401.44750133062706,424.36166035455864,337.98596837702297,476.9297096073372,414.21463652594775,332.12425013297684,218.5157330772017,192.9035392021569,315.4798645037655,372.57161934851416,633.3216213857793,367.9083549592642,406.0271830152118,214.78300271307825,146.6637574262156,254.9625341881227,256.0357927839168,175.00594012560362,502.5943523953407,404.467572794879,584.2117375560864,281.46062286426337,192.33627864064553,228.40070168910356,285.93999636888054,359.61475436244064,164.12208210557614,650.9209371320245,607.3372599211533,874.585097501083,195.20714556507977,329.9607400387745,241.29246349685445,376.9110314212635,269.59179493019644,304.49443317068915,811.8302808781309,871.1856062480615,709.0443763997467,367.5578936236189,254.32311780131863,292.82475235117226,366.13284551768663,355.13319797275324,424.4020012974973,905.9488914244334,979.6366587168227,1107.616371987546,373.9284302734014,317.4248106094069,246.7640175086934,38.35676195269628,25.540895707876704,125.7775068111016,364.47388217150234,323.92877516344754,289.90059611946464,529.6995790144954,503.0803977987687,380.9723047236808,1068.56152154498,825.5973295398682,938.2187016090395,825.5973295398682,1068.56152154498,938.2187016090395,88.23377033642535,105.72805590576638,20.73541169830341,75.06581764690677,305.73729022092067,362.7857806675378,346.69479967574495,471.286578765831,356.92697163959326,411.787353179603,930.0644251457857,1119.1434653371916,945.0202669006783,1119.1434653371916,930.0644251457857,945.0202669006783,30.889472624627285
34.05990685264052,105.11844926356035,19.753337252188267,215.04795381337794,12.892991995811233,15.30271954711242,103.67020934135209,31.335327554451972,23.327207018829206,115.10547629295765,82.99144552868131,63.34826956182445,200.9805667337723,141.92477527517067,29.767679743018885,79.54792426995324,67.00576717115551,45.701921842027815,99.8680703079802,65.57174021247562,159.8180208997996,199.60633642175168,66.34712906582568,204.0996646988288,38.99042315157577,72.33079210851166,35.71397151982782,15.438262323385954,44.96628586534551,166.5637259637299,164.48109887351143,13.64594257461359,110.65213546420789,46.80623080841943,89.3839340703228,35.27095031326317,18.522990017624455,18.697101734313236,15.469368162024576,51.75343127324719,67.26209187093298,47.385178630586985,101.57888376609135,21.860366779970825,19.603672232289625,22.898569084272545,19.089149079650475,21.677827511474653,30.82504394221884,8.007577126074588,81.59088984725264,66.57281042303347,137.19179195595243,18.08080301149907,28.770609651384802,25.63293210559029,22.555995423797246,52.08513911141589,32.69979266506034,93.32360396683795,61.23593988582731,76.45616982972906,91.98622049807933,20.524458697379444,18.350009433344635,24.354827764034457,46.73782930104672,85.51678416028902,75.79452720564574,69.41690717527035,179.70890091238033,55.35906773962854,24.897534215764168,20.691475126672117,20.153958453321103,6.592077024765318,128.7790989558475,50.88308013142306,7.002397293515583,4.859248813430635,6.565338830300889,15.674952659682114,9.27620609362449,6.934539902604767,63.54954996744859,20.300385858119213,104.81997589169445,19.21018474412523,22.236431147848048,19.838350828658,22.236431147848048,19.21018474412523,19.838350828658,1.3629618792695768,24.569118330575183,27.01662994067574,43.01602263689734,79.52205145971784,25.66494445173865,26.628803653216995,126.9642170620254,143.31588713787937,132.5630865828014,25.050539954355216,21.636985057436842,21.379145853528957,21.636985057436842,25.050539954355216,21.379145853528957,42.3315473139911
12.974547281861595,15.589378732614355,12.888858799961309,14.501246515767745,22.279501701825197,14.336994687639372,80.13878577644397,63.13791256878138,15.480085597950039,40.61198722315853,19.913225935866777,12.91339867409731,53.7672479418452,22.65146353861784,70.76366490254513,30.247882739852262,21.537896603906642,28.661610387569098,10.48668339867374,10.217468570347673,14.012753297120106,51.80551380203448,29.1564286705024,50.45474395831367,32.47801085277125,35.860720169472636,16.101068493451088,91.50192957809027,23.89671551076927,35.41142613594859,75.15626467876645,16.065731841860153,53.30463972985275,29.225260900766337,8.79095093862921,17.632049839872014,19.977213780854285,40.29938477547637,18.709245311086455,38.07204280201395,11.52384433931536,17.3748548811675,42.15571629129847,26.544248891565847,33.99021995262038,31.050541023786963,20.139209885500954,31.183185438723516,30.55791440901559,37.34858983911044,40.06763717478025,22.269230163157605,57.9802682209554,14.511617434146624,49.84980415142885,25.601703134997635,27.86712619028065,29.979339539318836,67.89370850067411,20.820200994584383,58.30167535033286,23.786475781662077,64.38904861082523,28.274541784011408,18.998622578891972,19.912864471460733,69.87453376388463,5.3627762911513415,46.160277413624236,8.98669962091136,18.250207957189932,91.98097766670188,25.259130526163087,20.68797307816279,23.87026501303087,82.06643625973668,25.889023046054973,9.186859472378845,1.7319762268151153,0.978525497985655,0.8207203500496354,6.825444943644743,7.66660577392148,7.726512495926252,9.75189045922788,7.561728994073339,9.224211250855365,24.45132923880154,18.40533331956205,24.123950722579444,18.40533331956205,24.45132923880154,24.123950722579444,0.18344877738067084,28.822299539733987,1.0708452896235054,2.8588090809687174,7.071681071010441,8.241473834500221,7.990681355661566,16.196537541925988,23.51382830589709,16.7440501221319,28.46842272160704,24.9587802904949,32.754839933794685,24.9587802904949,28.46842272160704,32.754839933794685,1.174079620373906
130.39030863353076,116.14951214712192,85.20134456090119,99.26144232602287,66.45680775232461,16.856796848868036,51.41069636158686,57.035403807843416,23.072876800177816,104.25007367445755,79.71295074076964,54.20122794122762,14.249360303045014,12.207356828619808,14.172068223462936,67.30117825640863,50.78078552848602,112.76689873584769,137.67884980023112,147.2088311014333,157.24470721537557,391.0934199456672,440.5813378250725,271.3564578309257,51.51781520394544,78.10080869934211,83.10483626153129,93.08765242336506,30.894162678855817,118.39297985798925,168.5105774564166,53.11536735334767,84.70203374063159,77.05391694200198,52.470706344004384,51.05546532821238,20.802058043401193,21.782410878052413,16.175214149777197,48.81316015277623,173.7804340710885,36.25822449001822,80.96726741959438,84.18972110040092,59.62114370903468,29.365995166466934,21.00740139056306,22.871381572562875,40.94744612724313,118.60308832263033,105.83363033537849,74.47250937589251,112.21049018300641,36.05938790704278,39.70942497298468,33.430928527874904,27.560179359448462,70.31974914397023,110.08254789024193,93.85567526854688,84.26859183379926,38.54569640196678,29.700338082587795,27.083448058909223,27.93228867097183,26.293610465763823,27.114018056828574,99.27317506223609,81.23248351486534,26.353428651783528,125.01012930107953,95.0414952774983,35.87041298018792,24.063286596834132,25.34858503035208,30.355897208725523,153.87996099964545,44.481043462406454,33.9552160380606,11.460811570414714,12.74922871110444,9.48217013728593,8.006516214741652,14.564419401839098,53.873889596015665,166.61609651073536,186.10726371472373,23.30503897941292,30.1919844620308,28.51763584816814,30.1919844620308,23.30503897941292,28.51763584816814,19.18957580900403,9.226845972187421,6.641754013715431,12.825678676485492,26.38530222180037,10.923262159710957,15.239248337141827,155.94452670997697,126.49787997888454,142.3623419182638,24.838456761987548,29.027563413349494,24.529834163579345,29.027563413349494,24.838456761987548,24.529834163579345,16.949993359320146
84.06999293366424,99.03552955240164,49.03363113926219,39.21887262108722,62.11912376265497,19.15519942866983,176.01116004396746,87.75396740228153,96.82915181766427,219.07250188171795,50.224574102408376,79.04813440813638,428.24245282218016,220.37233325079288,317.57707565026675,105.09144944750054,68.93357277339535,342.92905837451923,183.31445589106502,145.99092996584434,74.41559423948836,378.62923534766105,373.8793956690528,336.7807012067474,136.90604592705466,66.74796640577702,70.32211721111156,267.5482386014494,143.84553806277688,140.42224316576036,237.32505682389694,152.86301598872984,328.53415565639835,107.08762477873334,96.56687504698819,49.910448208437934,26.550441152680932,26.295830093908144,17.87682280781121,143.4374251608346,95.63090361452845,162.47291363783566,99.78467641369109,65.63553318995602,55.41983221237766,48.14399719814173,30.23130276077458,42.46868112145861,110.3220058463594,73.98489104809465,29.896015339799373,43.457727559303216,401.43232239045676,63.24501713495001,94.10492974484941,48.97042991260045,57.48432247128706,42.98738121831189,142.66272365805554,126.36919686487138,78.39721911008479,177.44663197266377,143.95844421550223,254.1244012919587,116.50562278562172,106.15834048536564,88.8406183142724,136.55571236733388,162.7402333169408,163.87760078958084,330.51269921257244,157.47889972924403,493.0878931580074,250.3450541383227,383.74676016438286,315.326845451436,189.94461199325306,149.45045997077446,6.650170778488837,4.927032822010531,14.784509351870266,10.949700463676766,6.848032738550651,11.569715104702508,190.42404334892572,53.36858134945373,40.83709029067096,20.7175042664368,25.554561471813557,20.871069164799252,25.554561471813557,20.7175042664368,20.871069164799252,2.6381211153207778,136.03010831331522,9.707687303781512,9.175792317297146,23.155050425116926,15.098181446002803,22.76332792310116,39.730173809364665,123.68506977690676,95.97505942826628,25.512342473063658,27.732028080126167,24.794816055256742,27.732028080126167,25.512342473063658,24.794816055256742,21.89585627270699
Stand
Sit
Lie
