3
Stand
5
0.0
0.8169471123175831
0.430120689886738
1.1169547263775155
1.5271184969196114
0.8169471123175831
0.0
0.648446632747978
14.312243072473866
60.18124299700365
0.430120689886738
0.648446632747978
0.0
0.803206527029718
1.2927886366726573
1.1169547263775155
14.312243072473866
0.803206527029718
0.0
25.426208846836992
1.5271184969196114
60.18124299700365
1.2927886366726573
25.426208846836992
0.0
3552.1907058547517
17310.796415594905
0
1491.205260479619
-2.8754051114302497E-10
11436
0.430120689886738
2493.3150710630516
968.0215062319251
-6.673532179127074E-11
1092
13875.330276835308
5039.416264542939
-1.3244053402222042E-10
2173
3999.0441306710063
1462.8666761501331
-4.1203389481913236E-11
711
16831.97971821236
4443.46716652546
2.548426851953213E-10
2772
7399.526382279063
2936.1778498126614
-2.8754051114302497E-10
4688
110
157.41669942756639,138.51519643985785,180.0271215817105,193.41892011694154,225.33349500372566,182.5915803044357,273.87081898351346,170.28789522960173,222.88022557639,249.3816438168328,320.6469299681636,234.28298258105335,331.0675573611075,332.4333415868489,458.68527262107625,253.74391627478138,296.2660527416673,225.94404388938744,185.91199271486806,131.45060907734643,246.52057328556162,329.7705646358635,370.1853746468767,276.8866131135996,223.2105622168153,233.02380791073153,277.0803204337521,265.04870275862663,283.561663604717,243.00321171907845,242.91972118466887,316.72182456858496,319.4796697937004,282.7608631169705,225.03124184816542,209.1587695774858,603.6909655415216,332.7544805988527,330.08054773646643,326.1180849254384,331.0558587864309,415.0500036391012,166.7803732707564,277.8835632110973,212.67173663659196,641.2585674659365,376.0913916077202,576.2994266869368,288.8162716156701,459.40223238499345,399.65665820720574,302.7252170917942,280.59502445778475,266.8791918126658,803.7791484945402,611.5840097015728,608.756034988298,427.580374387349,370.3738055230624,534.1988470237911,149.69547993792912,251.90854536175377,251.88508397271528,624.2537127069138,454.428021407313,419.2542842068791,252.06582902539617,340.96820899408846,458.927242017549,279.74095398731174,229.46096164045673,284.1986622026137,621.8337908497572,588.7366948392,442.980123372305,465.37130111619473,307.4022228287258,381.109862452918,101.68414222692502,6.699315433255277,9.731706344772537,178.9287204363984,171.76891655980762,145.79761635247138,190.61308803462154,177.4498683949977,144.26010504005598,441.15187779502077,697.2799846117182,716.9542603169209,697.2799846117182,441.15187779502077,716.9542603169209,110.53340155528308,108.34890859353472,6.730630588944004,10.616497010508663,206.03047653447962,206.09288351011162,132.8715040913079,196.58979255639264,180.46601314360015,144.05574202038125,527.6572559938814,682.7994519707293,841.1731375967124,682.7994519707293,527.6572559938814,841.1731375967124,52.003194634819444
23.977934334632454,917.1662814998791,470.33597816321225,-596.0068205666317,747.0853445260581,49.53340328786289,164.66762259673828,886.0357297948142,305.47086662945054,212.47682756208465,660.2240293809024,616.7060160895418,424.2486621350947,741.566701881493,-132.61749026913643,78.74404340580956,740.4515457597943,-550.7187610295084,-73.82535581777182,966.2195404021644,11.892623980799442,391.9104269644048,548.9819734232786,547.5584884333,-215.284802378454,895.0281566981462,449.57187827911855,-61.22175585869185,745.0612102133613,547.9980762504372,-655.4449982511368,598.8943686603708,95.4186778593914,-694.6734872332984,-68.64060860440713,588.792759706191,-31.099510318293106,-8.888859741168242,17.736009094088843,317.2646904512067,67.6985834207765,-191.83901713885973,-884.0557887373208,-138.74860090940888,280.069604756908,-16.192724728926198,-7.144893319342428,-10.045907660020983,453.0335781741868,-22.31348373557188,-142.0543022035677,-680.83857992305,586.5436341378104,55.684417628541446,-30.98154949282966,35.89909059111577,18.116649178034276,257.5013990905911,-379.17549842602307,-43.20522910108429,-896.5076949982512,-144.14707939839104,213.91448058761804,-64.5314795383001,-1.080097936341378,50.9726302903113,403.8213536201469,114.5007869884575,-64.53742567331234,-701.9134312696747,-512.2608429520811,-269.6700769499825,-104.24501573976914,17.812521860790483,48.48189926547744,329.113850996852,299.65905911157745,111.81969220006995,12.391657922350472,-51.50804477089891,-0.4694823364812872,-2.362189576775096,2.802640783490731,-17.788474991255683,8.988894718433018,805.0229101084295,-618.0763378803778,9.457240293809022,46.55264078349073,-44.03716334382651,46.55264078349073,-9.457240293809022,-44.03716334382651,-18.956890521161245,-20.26294158796782,-40.633438265127666,19.586743616649176,1.7037425673312347,10.759094088842252,94.86892270024484,-238.74711437565583,577.0753760055964,-663.3775795732773,7.422350472193075,20.382301504022386,-9.026145505421477,20.382301504022386,-7.422350472193075,-9.026145505421477,5.592427422175586
-32.8021978021978,933.3406593406594,451.12179487179486,-421.15934065934067,920.0009157509157,89.53937728937728,137.48843663274747,961.3987049028677,264.8177613320999,172.6062271062271,814.0796703296703,531.8534798534798,247.57967032967034,993.5283882783883,-167.4798534798535,-42.63508771929825,892.1754385964912,-449.76140350877193,-84.08413001912047,964.9502868068834,125.68738049713193,283.8683966635774,772.8007414272474,462.209453197405,-207.53571428571428,983.5979853479854,429.63553113553115,67.77472527472527,930.6300366300367,360.9029304029304,-486.78205128205127,829.1245421245421,190.49084249084248,-891.9505494505495,-101.39377289377289,424.95787545787545,-19.350732600732602,-11.527472527472527,-8.562271062271062,524.0274725274726,22.02106227106227,373.5393772893773,-952.1153846153846,-107.33974358974359,272.20054945054943,-3.5558608058608057,-4.504578754578755,0.8891941391941391,338.5430402930403,-538.967032967033,-216.32967032967034,-835.8223443223443,462.5897435897436,55.32692307692308,-2.8424908424908426,14.98076923076923,24.291208791208792,-69.44139194139194,-690.3608058608058,-351.8965201465202,-975.9826007326008,-123.11721611721612,114.67399267399267,-25.216117216117215,-6.311355311355311,16.520146520146522,359.70604395604397,364.70787545787545,427.0412087912088,-899.771978021978,-379.53479853479854,-101.5448717948718,-59.50915750915751,36.01739926739927,34.951465201465204,123.1007326007326,552.8589743589744,401.27930402930406,94.1547619047619,-53.91575091575091,-1.2967032967032968,-0.4249084249084249,0.6016483516483516,-16.684981684981686,15.68040293040293,806.2582417582418,-619.1282051282051,-1.5183150183150182,-3.4395604395604398,1.0045787545787546,-3.4395604395604398,1.5183150183150182,1.0045787545787546,-137.53663003663004,-93.80494505494505,-38.187728937728934,24.804945054945055,1.206959706959707,0.673992673992674,89.56593406593407,-250.65384615384616,566.5018315018315,-667.0741758241758,-0.040293040293040296,-6.45970695970696,-0.641941391941392,-6.45970695970696,0.040293040293040296,-0.641941391941392,-38.58424908424909
-26.05099675475197,904.8623087621697,483.1872971719981,-587.3709157846296,760.5890473999079,74.64058904739991,178.7685227795674,874.5577542567878,323.6682006442706,228.24988495167972,648.7583985273815,614.6815462494247,459.780487804878,725.2103083294984,-69.86102162908422,91.50891410048622,699.1566720691518,-565.0799567801189,-84.49854651162791,971.6797480620155,-22.281492248062015,393.2877425461429,499.9763369616659,545.2953147184098,-210.39944776806257,897.9599631845375,454.7142199723884,-94.95398067188219,707.8080994017488,563.6171191900598,-670.1813161527841,564.1633686148182,76.81178094799816,-722.6373676944316,-82.16014726184997,564.9420156465716,17.633225954901057,61.83294983893235,57.38150023009664,324.7100782328578,110.33502070869766,-262.4155545329038,-888.8518177634606,-141.02254947077773,283.27657616198803,42.01426599171652,-30.352508053382422,-43.29682466635987,496.1449608835711,38.67280257708237,-126.79521398987575,-669.0220892774965,590.5789231477221,47.781868384721584,-27.022089277496548,38.71882190520019,-5.0450989415554535,321.47169811320754,-376.10952600092037,-1.8725264611136678,-875.3391624482283,-163.7712839392545,262.6033133916245,-82.67372296364474,45.56327657616199,96.52001840773124,399.11044638748274,106.0377358490566,-186.12333179935573,-668.1831569259089,-522.1040036815463,-271.8550391164289,-145.6134376438104,47.146341463414636,65.63782788771285,387.56879889553613,285.29130234698573,49.42797975149563,-7.489185457892315,-52.52416014726185,-2.554532903819604,0.6208007363092499,14.290842153704556,-18.921767142199723,18.653934652554074,810.452369995398,-622.5471698113207,-33.303727565577546,11.742751955821445,11.728485964104925,11.742751955821445,33.303727565577546,11.728485964104925,-23.432581684307408,-22.52185918085596,-39.55545329038196,12.883571099861943,5.078232857800276,24.812701334560515,103.94891854578923,-216.33686148182235,612.1790151863783,-654.7717441325357,34.97330878969167,91.24850437183618,-75.46571560055223,91.24850437183618,-34.97330878969167,-75.46571560055223,15.069489185457892
96.71167369901548,912.4416315049226,497.62165963431784,-605.2067510548524,794.9957805907173,77.41631504922644,54.808720112517584,960.6962025316456,288.6244725738397,295.13502109704643,793.3192686357244,543.5189873417721,584.0084388185654,801.353023909986,-116.9535864978903,66.61481481481482,788.6962962962963,-606.0666666666667,22.493506493506494,963.3203463203463,114.5930735930736,452.91830985915493,670.9323943661972,514.512676056338,-132.2475386779184,1054.8509142053447,262.5541490857947,-79.47116736990155,773.690576652602,622.6807313642756,-761.323488045007,606.7566807313643,82.0323488045007,-732.7060478199719,-53.54992967651196,645.5555555555555,0.49929676511954996,-27.49226441631505,1.6680731364275667,512.3853727144866,-303.47819971870604,76.16455696202532,-975.7271448663854,-106.49226441631505,133.35724331926863,15.319268635724331,-22.952180028129394,-26.257383966244724,285.8284106891702,-257.50773558368496,-506.42194092827003,-787.3980309423347,583.2798874824191,-51.118143459915615,30.838255977496484,-6.119549929676512,19.981715893108298,41.365682137834035,-278.9831223628692,-525.9901547116737,-964.309423347398,-175.55836849507736,133.64838255977497,-14.427566807313642,12.164556962025317,16.144866385372715,344.47819971870604,80.87904360056258,484.943741209564,-727.5386779184248,-580.0590717299579,-300.9226441631505,-37.61040787623066,28.561181434599156,41.78902953586498,-144.42334739803096,273.33895921237695,492.33614627285516,83.63572433192687,-44.50351617440225,-3.0337552742616034,-1.109704641350211,2.7974683544303796,-16.736990154711673,48.045007032348806,723.7299578059071,-662.6976090014065,-2.3347398030942337,3.2334739803094235,4.568213783403657,3.2334739803094235,2.3347398030942337,4.568213783403657,176.56962025316454,-33.130801687763714,-38.935302390998594,21.652601969057667,-4.725738396624473,3.382559774964838,89.10407876230661,-244.8663853727145,563.789029535865,-672.2644163150492,3.4725738396624473,1.6779184247538679,3.9817158931082983,1.6779184247538679,-3.4725738396624473,3.9817158931082983,-13.215189873417721
87.46248196248196,920.3553391053391,444.91161616161617,-584.9834054834055,765.8730158730159,-1.5173160173160174,215.85714285714286,878.35101010101,309.8290043290043,184.77272727272728,616.7492784992785,629.1897546897546,369.5399638336347,813.7735985533454,-82.40470162748643,119.03367875647669,715.1839378238342,-551.7046632124352,-72.48928974069898,959.3998496805713,-26.54490792934987,398.91993658343245,562.2833927863654,525.6623067776457,-222.96753246753246,852.7272727272727,479.3777056277056,-14.547258297258297,783.994227994228,491.9390331890332,-606.6035353535353,656.3867243867244,99.04617604617604,-710.4534632034632,-90.92171717171718,575.4191919191919,-137.8217893217893,-26.853896103896105,15.916666666666666,330.0613275613276,69.56565656565657,-248.44372294372295,-868.7727272727273,-144.9599567099567,303.94660894660893,-97.97041847041847,16.528138528138527,40.31818181818182,446.4823232323232,16.64033189033189,-183.22041847041848,-640.8124098124098,592.193722943723,56.36471861471861,-94.52561327561328,91.33766233766234,20.126262626262626,272.56421356421356,-388.19444444444446,-50.58766233766234,-897.1417748917748,-135.85569985569987,250.99963924963924,-153.42388167388168,-53.70815295815296,49.18578643578643,407.3102453102453,69.34451659451659,-139.17171717171718,-739.3564213564214,-477.8365800865801,-243.28246753246754,-149.38708513708514,-71.53174603174604,55.71067821067821,380.0108225108225,221.6475468975469,31.750360750360752,-3.4718614718614718,-50.91450216450217,3.5974025974025974,-8.257936507936508,-2.0533910533910533,-17.062770562770563,-40.53751803751804,818.2922077922078,-600.9632034632035,68.56277056277057,190.251443001443,-194.13239538239537,190.251443001443,-68.56277056277057,-194.13239538239537,-21.158730158730158,-18.47222222222222,-42.557720057720054,21.589105339105338,-0.9523809523809523,15.891414141414142,95.61327561327562,-246.5945165945166,570.4325396825396,-664.0728715728716,3.566017316017316,20.411616161616163,18.53174603174603,20.411616161616163,-3.566017316017316,18.53174603174603,5.996031746031746
11.824332977588046,917.9327641408752,479.74983991462113,-645.8607081911263,682.1725682593857,54.534129692832764,150.85592133390338,867.0220179563917,306.483539974348,218.29799488054607,635.2209897610921,641.1277730375426,457.0505376344086,638.6944086021506,-185.65225806451613,79.11711497262557,731.8745536776958,-558.6012854082361,-81.88654640295587,968.4564225168442,8.378396000869376,403.04140497790183,493.2014421958595,586.447313328681,-227.40529010238907,873.8112201365187,462.571885665529,-100.464590443686,691.7404010238907,606.1601962457338,-700.7237627986348,526.1768344709898,81.78306313993174,-620.6599829351536,-43.85857508532423,637.3099402730376,1.8871587030716723,-27.611348122866893,8.997866894197951,228.4918941979522,113.76557167235495,-297.99786689419795,-861.1128412969283,-146.23016211604096,288.5486348122867,-2.5409556313993176,-8.603029010238908,-24.50191979522184,488.95200511945393,82.4018771331058,-52.2231228668942,-657.720776450512,610.7005119453925,75.22653583617748,-11.173848122866895,13.05674061433447,25.943259385665527,327.8794795221843,-317.9733361774744,87.12734641638225,-877.1493174061434,-140.08809726962457,204.70776450511946,-20.317192832764505,7.628199658703072,44.22418941979522,423.21821672354946,91.9415529010239,-161.89078498293514,-645.4336604095563,-548.6872866894198,-318.6825938566553,-78.90401023890784,51.17384812286689,40.422141638225256,391.7295221843003,297.4594709897611,62.94859215017065,1.1363054607508531,-51.88950511945392,-1.3261518771331058,-0.899957337883959,0.8624146757679181,-18.108788395904437,26.31164675767918,806.7015784982935,-619.1104948805461,-1.325938566552901,-4.065912969283277,1.0014931740614335,-4.065912969283277,1.325938566552901,1.0014931740614335,-17.613267918088738,-1.1926194539249146,-40.822525597269625,19.981015358361773,2.800981228668942,4.6781143344709895,92.32956484641639,-240.79308873720137,569.2098976109215,-664.7465870307167,-0.7305887372013652,-3.3939846416382253,1.5494880546075085,-3.3939846416382253,0.7305887372013652,1.5494880546075085,14.103668941979523
83.2945436593211,65.54085266623805,143.82510129619808,30.258650878750316,17.72219162954181,76.13606004762272,117.4451333896193,32.124831145065855,52.06794971906123,169.98041801721925,141.70193109664456,128.06241516748904,121.3054642008655,69.90147655997227,190.63432287136487,162.27040171133854,72.27737134607055,93.51040793617273,103.72134455974184,48.084290175068645,151.40535525984973,222.58473884547305,204.6225226392477,186.66666058513232,65.87765795570965,45.767460248182886,94.94337615592934,159.97723996694185,71.32240823475883,96.8103010111647,93.93766156606014,89.7179155188719,208.16342577824966,44.41617744841989,99.90556805123727,59.59758161567688,116.2609768110894,47.38711005806878,51.065465123634134,14.608335322128411,117.17260496517203,45.26116602691536,22.93348013351466,71.91570681332637,53.28383331233555,144.7765862911602,62.34383957392775,124.0649411288909,91.95768253785306,20.77840867099822,89.0908110361199,146.11840412680138,205.264561139267,154.5962076900241,236.9384836034559,102.87740470955893,160.1224994956475,170.474700497468,109.02135211820575,128.9049035466274,25.998425345638264,38.9964039369732,126.80345560451619,133.57671148752414,80.3427359171946,72.95113790294889,46.104796739716114,154.27577713291322,82.72185205899363,91.60320832264716,57.31166244575942,179.92031233653398,144.5210773701855,166.52741815853093,117.24461267119129,138.8414776995763,111.21586297765937,120.07430411224321,17.91534337304868,2.8539533235666776,1.9451385102078969,4.300026910456848,4.704437228413559,3.582168090785943,9.361732499981043,7.108377715954054,8.888661109367622,18.56508440670493,18.73093313439704,20.418422719409854,18.73093313439704,18.56508440670493,20.418422719409854,63.662992851764,86.44383506533927,4.498142560721821,3.0015964735779352,10.93255832112294,11.02484243334372,4.929963452198356,16.56864049054732,10.776157455765679,10.478426694541298,34.207355879221176,29.906227216281373,28.522057958324936,29.906227216281373,34.207355879221176,28.522057958324936,60.040493890248875
221.50847154000107,182.25651165762483,230.3663557323543,182.1363667602622,199.48420830815542,205.57521408581832,259.7562327359875,212.23725171076558,226.76772924313687,249.95680963241747,360.6151321755257,250.66944772185695,357.67376637798105,360.73214817892955,418.0899147416933,279.95893000235486,287.2073745242888,247.66342697886788,199.20721203808898,145.72368642069583,252.7270512045931,362.7305921836945,414.28835867878934,294.9303732383801,213.37633222208459,247.6873749086398,297.98991535784177,274.24354640196157,329.50972493903294,247.37078164373847,262.71373878383434,361.3784810135491,302.96302099349737,263.5275750313572,237.59996855908565,205.67812725765287,801.2301622339414,395.6676563391608,431.01047635265303,328.1325834688255,353.600665988533,365.8291471384787,175.34280326852942,251.6155387203688,240.2627827566285,803.3974137950162,446.53296388459114,703.5539751323527,272.03973864169217,429.91257964126686,432.8134488715027,330.78135839627316,275.982770729848,287.44761762017276,911.7687243452474,752.2279979884606,718.9289377166061,435.1515821019346,366.7997744747147,543.9478988064424,183.2043724865571,258.5996672547936,247.0250601062736,829.7884334159705,535.6421528471733,505.04692102791665,266.9526063882677,323.95786941146986,439.3829681510571,329.21587955555754,235.83513540933544,293.8977858621573,815.9751934014921,667.862125257393,474.35693893027627,457.0440209567796,310.0597686438831,389.27828223722076,105.01854391159817,4.620993690236611,6.795445468918083,146.00438882472145,159.57774649582115,130.29909759643323,166.86585485643832,136.1728405547145,105.48351885941358,332.2974337888775,343.9235784410669,303.5404043532205,343.9235784410669,332.2974337888775,303.5404043532205,101.93086021373482,104.8289455840766,9.926817109138366,17.400460709807827,459.8227933055131,457.42366790150413,302.8013037055218,437.33368394508705,408.89841647066294,327.50976451014225,1202.3084940051222,1555.5908868587262,1921.8296615512859,1555.5908868587262,1202.3084940051222,1921.8296615512859,55.856616075926915
65.41503351685824,50.66558861801999,104.86813467896022,122.73409140819712,82.1186275838558,90.27241066799127,178.80701685326898,57.46830577507446,86.68064044767215,158.5763557938754,74.33607095548001,56.4145807452578,240.19163109275036,192.92414181321172,220.96631401021236,148.23831081676806,81.61442604355598,140.92928257309464,140.97066263400194,56.2687729819566,172.26216902152055,223.54832201022018,186.0143265897998,181.41973161990225,115.47283341989088,51.835115033840275,100.29178322303684,181.7615957473837,137.64277057425542,143.21278626339029,167.01685669226836,177.7147378139778,169.51980338831618,83.04157760579723,159.95589170845994,114.5285717199823,300.6988474046595,145.71193706092956,99.73974348244505,18.425732461073974,37.15637704438212,45.71937899032737,50.17247809200812,110.86359914838054,94.49098071719358,236.4433187772366,173.18780969900675,253.0507823519251,68.14201270817611,58.65247022948072,47.47137636782451,90.79539261471908,129.36011152620355,147.61248313538212,211.867332922683,237.95651407156925,139.97521290786042,165.75163382724236,149.37108435538897,130.97124150025033,56.44254122885679,87.66388537811888,153.0439414744278,421.7524906956862,405.4029776547251,385.1964636440612,140.94236866408107,166.73836128375214,61.618656284616264,149.03323519286724,104.55348061366898,197.7314110328829,444.7137282757028,418.62391452823175,334.00526763668995,262.74559422589215,116.46604601517214,104.5100214956211,6.651130646439993,12.48174674088572,4.393206963864655,27.981871471354467,22.149264300980775,16.8491157104415,92.63513585054672,213.83273096899876,126.29853960735717,52.363414977119334,58.248100293259505,55.792402451516445,58.248100293259505,52.363414977119334,55.792402451516445,3.3555301836425158,125.84226005645701,2.272624563897656,2.735574890363057,20.310946156813777,20.51560531905743,6.170157412513556,21.64906746228314,15.46000539467398,16.45327527361137,39.384547180403835,46.77442486633518,49.672884352214396,46.77442486633518,39.384547180403835,49.672884352214396,7.544242833358829
175.27200812106824,189.35821730476246,203.935253544803,189.83891178448627,208.87051281334888,175.18904793084417,276.5878259947057,174.05784893832788,223.81502627461208,278.6301198887082,338.7755973480903,282.6998746421926,382.1454216811521,329.65440849808056,436.7131253869837,276.0869611125323,295.0596920553608,240.7867737353753,230.32819747191346,170.32715376077905,305.0334370205418,358.6371727251173,358.2478432570361,296.61346178466886,239.60349861642686,259.56922772829813,316.9817485625378,254.183643698064,282.32413265872987,290.50601375221675,297.37181341131077,317.2629037020945,295.48684884125186,253.20948929646656,232.3457164280958,207.54328562792605,763.2230603829852,451.16829050184435,423.4468671253088,349.6030545753687,315.0554882592057,391.32107918664315,174.7188150013478,297.0404423295854,225.8087019266468,838.2681980381027,421.8102362744524,641.6722816082606,277.2309448823755,460.906399302159,407.3726789755518,330.78439657371604,333.741244021931,283.4730373890148,1014.5241305861019,727.2911908882006,711.1841482690803,443.02953279946263,390.2046646697156,495.4029682365522,158.4247078221281,241.02045348212928,247.3320965926625,815.0147685016935,602.2030152973769,565.366754788163,282.50200204260085,362.19309236291906,418.8038888501353,278.2397587596662,263.2765703543986,288.6630725943,837.4593121337199,831.8515586282994,644.3109501569983,492.5386771548412,356.0436175748377,358.33015288435814,102.65978964009211,8.051815618696418,16.1770551530335,338.5370070637966,317.9568367205949,272.4625786388707,345.81995673321626,318.25299085744774,266.9910705891877,841.5595153806983,1371.8858254461225,1419.3999970571854,1371.8858254461225,841.5595153806983,1419.3999970571854,102.63535070464594,111.85004858030459,7.044063121402709,9.74494272381585,79.28542219022516,89.49624911376802,26.718221908965013,65.64242736351258,31.27006254537555,27.867561198264873,100.01223115172608,116.0658378879572,116.16908961637998,116.0658378879572,100.01223115172608,116.16908961637998,51.53195151390235
110.14351947224893,93.43212214025314,150.75755530276666,205.8394646890619,258.315986741523,196.66561765424157,307.41991170841993,168.9443260899017,255.56417285486486,253.6400478738722,327.42335916104525,223.7529080729954,308.21367563439713,330.5269643413786,545.8406791753911,232.15892974807122,310.37466793791117,213.79188765460384,165.5991459080726,116.2062367486605,217.03335158077238,326.8327898977242,382.8981568244332,280.9479850712667,249.46227981034923,236.86414187182697,277.53630968741254,283.01379058030574,286.6142792220739,214.87290227775674,203.79825325353576,312.87120574018155,371.39538698034784,328.934473379466,240.8149484418731,222.22007663899993,470.4341723329666,265.6993886165684,265.7045751714697,336.8618304728574,350.7220463261949,407.54337422289484,178.98158982372942,321.4910790383343,218.50353922239418,519.0883747508474,376.06529498019387,567.3651794473391,334.11323015654347,467.8345324437359,414.6912451522803,305.1309608057479,272.77728829926286,277.4260757877261,747.691198200999,569.0768682274543,596.9293445587577,438.57821057395915,385.06973914351994,576.3428469491039,144.52437349233136,295.76957821927175,278.9033530775088,447.5854133304753,356.7934587556181,310.61054812163206,264.4254100399195,362.20514975783186,443.60138483131567,275.3899155437339,228.92977763909192,291.1270975385129,426.148471670504,436.46721318706136,329.6414405409155,471.4452055428529,295.5883597306469,392.0974221266757,104.95983961855323,5.113742818921039,6.119399313507256,17.96148405120915,15.92365143252995,7.551749040673077,40.99123242751307,16.966422922606768,23.501992814159244,36.79837395257737,43.380707418926704,45.578160088969696,43.380707418926704,36.79837395257737,45.578160088969696,93.43735741082345,101.78830999772991,5.043322901418537,6.704327507840454,41.91944512463844,40.74352507596373,9.671716492809292,51.603164222059554,24.94894920233275,18.586806389212658,50.31042262410421,66.56962281033987,59.345215492310295,66.56962281033987,50.31042262410421,59.345215492310295,45.95388180111707
Lie
5
0.0
0.013309606542675987
0.0015933619006084233
0.008422420338591361
0.014820597202801404
0.013309606542675987
0.0
0.004791726481291063
0.03269320171103154
0.014018611956917913
0.0015933619006084233
0.004791726481291063
0.0
0.005608815685697549
0.0035238960421347895
0.008422420338591361
0.03269320171103154
0.005608815685697549
0.0
0.01996911861980766
0.014820597202801404
0.014018611956917913
0.0035238960421347895
0.01996911861980766
0.0
2678.125218060151
16592.471435605083
1
2827.6623287757566
-2.8506975018159437E-11
1419
0.0015933619006084233
1258.3591078835386
751.3858673781057
-1.013486873969666E-11
167
1394.4519200572845
394.611315248122
-2.8506975018159437E-11
431
13764.809106829325
4880.018433496504
3.663924909078251E-10
144
5766.6223774079535
1993.0627158970447
-2.5544015085508058E-11
357
7794.018275511338
3128.6462739483604
-2.1620454273875665E-11
320
110
115.55875287576355,138.89476331638664,197.16549441871996,87.18742938033849,166.81301187309379,145.94850236097764,338.2514004888946,177.2024969518613,156.2655536161687,309.634468555267,270.748839034751,257.6700730974655,252.95547207032556,303.9648856178421,236.3144843948063,358.31822743023804,239.7359776422309,526.0566507465205,79.69368678176765,141.26094807857862,170.17417828095165,416.63153280811594,402.0464806939495,300.22868555983,283.0090702757528,237.01944905440638,252.49206048954318,129.02921353759018,388.3016789187626,201.9243308808436,182.8431636337299,373.44318062281457,150.34606236342526,145.34326937974564,157.1816340600678,239.41400498224758,257.0872494647555,193.89180668732604,128.3478774677786,122.1037992824994,77.60921028728154,110.84526932967577,232.12361533834704,265.9577885951006,291.4891928021711,206.52088151540264,147.50898035185566,361.4812712353233,241.51396911056761,396.8568991466719,112.26899886906423,309.72070988235936,242.3694826082856,355.5627484870904,246.2586567830814,417.1666990572177,446.76226589380013,442.1541723337766,316.46353723377143,126.77854748959403,185.38725751947908,174.84671326811676,278.0553015988252,354.9345821216862,256.6612124372237,312.5885521918888,263.5488835640117,305.5027614196736,123.9666563504709,357.29242706917927,213.8314748285722,160.07715547316153,403.6472136596991,539.1656251361588,445.84613716907813,326.94702268394803,280.35480214296535,478.5384287570257,18.462199371068944,16.995364798674093,18.880183033504213,131.26438398495077,176.5893449473586,151.9635600233698,324.95994698648616,319.03056970103154,201.2455286436122,473.18532045737606,528.2492271095972,414.77425707056847,528.2492271095972,473.18532045737606,414.77425707056847,11.480986757738625,68.24627185393408,8.524444310246988,20.75336903198552,128.79006763444252,145.08538976193597,191.1822538350888,180.4665686729744,239.0748317284097,277.43131867332113,628.6594550533633,419.8104742014814,472.28843566953634,419.8104742014814,628.6594550533633,472.28843566953634,26.033576918871994
983.7195207892883,-32.36011275546159,77.85764622973926,-60.157857646229736,231.20084566596194,-939.7653276955602,318.4566596194503,127.6892177589852,868.0873854827344,122.44749823819592,-847.768851303735,135.98801973220577,96.01825456364091,713.9031121416717,-659.3980313260133,444.2417195207893,568.0718816067654,-243.51303735024666,869.3160117236124,167.53229358396743,-216.4015088039109,187.61705754651118,-587.6464267406741,219.0298191849321,717.5257223396758,-36.70542635658915,563.2487667371388,661.4630021141649,369.8696264975335,474.2198731501057,-281.9869884322522,350.55081730521323,782.8302136509737,-240.31148696264975,-914.6328400281889,-103.35588442565187,26.38125440451022,-28.719520789288232,27.940098661028895,-747.000704721635,386.16420014094433,-196.91754756871035,-25.923185341789992,889.7674418604652,-54.641296687808314,-12.373502466525723,-35.69062720225511,-96.82593375616631,169.52078928823116,-24.77307963354475,1012.7674418604652,810.9400986610289,231.3262861169838,137.99647639182524,-4.348837209302325,36.27625088090204,-55.44538407329105,-266.39323467230446,-101.14869626497533,929.3749119097956,-95.41789992952783,-737.2572233967583,563.199436222692,-22.508104298801975,0.3699788583509514,66.33262861169838,-260.84496124031006,-193.60535588442565,-694.9711064129668,-457.04087385482734,-608.1254404510219,505.69908386187456,-59.30655391120507,33.10570824524313,54.718111346018325,481.78646934460886,-417.37279774489076,-273.5306553911205,-113.02255109231854,-12.511627906976743,23.25581395348837,-0.9985905567300916,2.766737138830162,-23.88935870331219,-374.8350951374207,203.80902043692743,-830.6934460887949,-9.13601127554616,19.680056377730796,8.073291050035236,19.680056377730796,9.13601127554616,8.073291050035236,-17.65891472868217,-115.05285412262157,-26.510218463706835,120.00845665961945,-14.998590556730091,-33.194503171247355,102.04087385482734,-675.754756871036,352.75123326286115,366.4200140944327,41.1014799154334,35.99506694855532,24.744890768146583,35.99506694855532,-41.1014799154334,24.744890768146583,28.73643410852713
992.6167664670659,201.1317365269461,-94.62275449101796,-89.18562874251496,188.68263473053892,-969.5269461077844,295.9820359281437,72.97005988023952,970.2095808383234,-26.580838323353294,-989.8023952095808,-27.035928143712574,247.98203592814372,911.4670658682635,-518.6706586826348,558.8023952095808,440.6047904191617,74.41916167664671,804.3006134969326,49.94478527607362,-470.9079754601227,-239.07784431137725,-959.2335329341317,69.97005988023952,964.2215568862275,37.26946107784431,280.9820359281437,735.6826347305389,225.7425149700599,626.9520958083832,-414.2455089820359,259.0059880239521,869.1916167664671,-111.26946107784431,-969.185628742515,-228.88023952095807,-18.389221556886227,-6.736526946107785,-4.25748502994012,-744.7844311377246,327.83233532934133,-311.9580838323353,-70.8443113772455,902.2035928143713,-426.70059880239523,3.467065868263473,-8.81437125748503,-6.616766467065868,-158.79041916167665,451.50898203592817,1012.0479041916168,956.7904191616766,89.26946107784431,278.2455089820359,-2.5089820359281436,19.365269461077844,15.431137724550899,-452.94610778443115,340.7365269461078,841.5988023952095,-2.245508982035928,-737.502994011976,679.2754491017964,-42.50898203592814,0.2275449101796407,18.149700598802394,-400.52095808383234,-282.0419161676647,-694.0299401197605,-382.52694610778445,-745.5269461077844,565.1197604790419,-67.57485029940119,19.904191616766468,38.2814371257485,669.874251497006,-296.9940119760479,-425.5568862275449,-133.11976047904193,22.67065868263473,53.92215568862275,-0.05389221556886228,0.7425149700598802,-6.910179640718563,-792.1736526946107,-358.2754491017964,-507.4071856287425,-9.25748502994012,13.383233532934131,15.538922155688622,13.383233532934131,9.25748502994012,15.538922155688622,-42.66467065868263,-146.0,-31.922155688622755,153.04790419161677,-4.317365269461078,-10.640718562874252,98.66467065868264,-443.03592814371257,391.18562874251495,681.1616766467066,-1.035928143712575,-4.808383233532934,3.437125748502994,-4.808383233532934,1.035928143712575,3.437125748502994,15.089820359281438
1008.4315545243619,-66.81438515081207,68.35962877030163,-81.13921113689095,170.0232018561485,-974.5290023201857,618.8816705336427,142.41067285382832,784.4617169373549,-165.26218097447796,-968.8422273781903,146.33178654292342,11.31322505800464,870.8399071925754,-628.7772621809745,747.2645011600928,589.4593967517401,-224.0046403712297,901.2830626450116,162.41531322505801,-166.67749419953597,-135.020979020979,-931.974358974359,231.26573426573427,634.7726218097448,-215.65429234338748,756.2227378190255,577.1438515081206,751.3201856148492,330.7146171693735,-255.7215777262181,724.830626450116,644.8399071925754,-220.1879350348028,-977.2737819025522,-9.842227378190255,-13.88631090487239,-4.7981438515081205,0.8051044083526682,-814.1624129930394,335.2969837587007,-188.8909512761021,101.23897911832947,985.7726218097448,131.26682134570765,7.296983758700696,-9.102088167053365,-10.106728538283063,327.5661252900232,-362.6032482598608,1052.7563805104407,876.8654292343388,128.65197215777263,463.8631090487239,-4.341067285382831,15.45475638051044,14.178654292343387,-703.6357308584687,-110.584686774942,810.1624129930394,-64.7169373549884,-610.0278422273782,792.5034802784223,-30.928074245939676,1.6589327146171693,20.410672853828306,50.25986078886311,-492.61716937354987,-735.1786542923434,-814.3201856148492,-437.23897911832944,403.4431554524362,-63.94895591647332,27.812064965197216,44.2877030162413,749.4408352668213,-481.31786542923436,300.82134570765663,-118.0,-21.0,24.0,-1.408352668213457,-0.814385150812065,-25.59628770301624,-408.15313225058003,285.21577726218095,-896.6380510440836,3.2946635730858467,0.888631090487239,6.0742459396751745,0.888631090487239,-3.2946635730858467,6.0742459396751745,-15.74013921113689,-142.00232018561485,-27.06032482598608,121.41763341067285,-2.4547563805104406,-2.034802784222738,109.93735498839906,-710.9651972157773,352.707656612529,403.2273781902552,3.897911832946636,0.3062645011600928,3.863109048723898,0.3062645011600928,-3.897911832946636,3.863109048723898,28.828306264501162
843.7916666666666,-209.25694444444446,445.7013888888889,-81.38888888888889,604.0208333333334,-653.5625,417.06944444444446,331.7916666666667,714.1875,196.64583333333334,-397.6458333333333,589.4097222222222,-130.8548387096774,685.7258064516129,-474.5403225806452,723.0833333333334,490.84722222222223,103.95138888888889,847.8402777777778,223.52083333333334,-159.61111111111111,411.5263157894737,477.6842105263158,491.8070175438597,190.13888888888889,394.7986111111111,715.5555555555555,602.0972222222222,483.38194444444446,381.53472222222223,-150.0731707317073,374.5528455284553,777.1463414634146,-568.4097222222222,-593.3958333333334,315.5,432.3125,-171.91666666666666,209.39583333333334,-466.65277777777777,543.9722222222222,-266.77777777777777,-545.9791666666666,326.7708333333333,235.65277777777777,-134.70833333333334,-248.40277777777777,-847.0208333333334,385.61805555555554,166.61111111111111,780.7430555555555,227.69444444444446,650.3194444444445,110.17361111111111,-81.36111111111111,68.97916666666667,-774.9722222222222,60.5625,-322.6041666666667,966.1388888888889,-332.5763888888889,-643.6458333333334,518.2222222222222,206.10416666666666,-215.02083333333334,349.5138888888889,-404.6736111111111,68.25,-668.9375,-474.34027777777777,-539.6666666666666,457.3125,-51.81944444444444,217.70138888888889,417.9166666666667,130.06944444444446,-299.05555555555554,-592.1736111111111,-73.56944444444444,-22.03472222222222,-1.9861111111111112,3.361111111111111,-4.513888888888889,-6.486111111111111,16.305555555555557,397.27777777777777,-876.7430555555555,-164.48611111111111,227.89583333333334,162.04861111111111,227.89583333333334,164.48611111111111,162.04861111111111,-5.055555555555555,-88.63194444444444,-23.8125,83.49305555555556,62.138888888888886,-110.3125,67.95138888888889,-749.6111111111111,408.38194444444446,-161.90277777777777,87.0,358.55555555555554,140.95138888888889,358.55555555555554,-87.0,140.95138888888889,40.361111111111114
994.7591036414566,-105.19327731092437,124.24649859943978,-39.406162464986,179.5826330532213,-976.0812324929972,322.99439775910366,94.31652661064426,921.0448179271709,163.64705882352942,-922.2745098039215,248.81512605042016,5.949579831932773,436.6862745098039,-875.5434173669468,78.7843137254902,683.9579831932773,-586.3081232492997,890.2156862745098,240.00280112044817,-111.38375350140056,672.6326530612245,-248.48979591836735,461.3265306122449,684.9579831932773,-172.2689075630252,725.140056022409,733.7535014005603,231.9467787114846,477.624649859944,-178.3501400560224,208.48179271708685,862.0560224089636,-272.55742296918766,-960.0616246498599,-65.4733893557423,-16.5406162464986,-15.022408963585434,14.585434173669467,-805.6302521008404,385.8291316526611,-81.96358543417367,105.24929971988796,986.5098039215686,112.94957983193277,-5.697478991596639,-8.955182072829132,-15.736694677871148,330.96918767507003,-345.9635854341737,1056.5966386554621,904.5966386554621,316.88235294117646,115.99439775910363,20.599439775910366,55.72268907563025,44.30532212885154,-247.27450980392157,-457.9439775910364,971.4957983193277,-124.96078431372548,-778.8403361344538,580.0420168067227,-52.00840336134454,23.33893557422969,17.201680672268907,-241.6358543417367,-203.1736694677871,-790.8935574229691,-320.7787114845938,-613.890756302521,608.9271708683474,-54.22408963585434,40.549019607843135,-14.843137254901961,387.93837535014006,-387.6946778711485,-382.0504201680672,-111.0812324929972,-19.140056022408963,7.977591036414566,-4.666666666666667,-10.820728291316527,-25.896358543417367,-134.65266106442576,319.3557422969188,-934.9663865546219,-10.932773109243698,-29.26050420168067,-14.515406162464986,-29.26050420168067,10.932773109243698,-14.515406162464986,-11.946778711484594,-98.78151260504201,-21.95798319327731,113.36134453781513,-3.8095238095238093,-11.974789915966387,103.65266106442577,-751.1372549019608,319.921568627451,314.82633053221286,35.78431372549019,-9.084033613445378,36.28291316526611,-9.084033613445378,-35.78431372549019,36.28291316526611,32.02801120448179
996.44375,53.05,-36.61875,-30.346875,225.60625,-965.6875,-123.8875,81.803125,937.6,508.378125,-730.009375,-122.778125,333.375,721.375,-616.13125,258.55625,511.253125,-209.6375,846.5381818181818,129.74545454545455,-293.2690909090909,202.996875,-787.728125,-112.721875,973.896875,122.771875,201.496875,682.3625,34.109375,625.70625,-423.321875,41.9125,837.7875,-151.140625,-895.66875,-394.546875,-30.803125,-23.253125,14.534375,-718.446875,414.478125,-244.5,-86.065625,899.390625,-428.46875,0.46875,-19.634375,-13.58125,-149.36875,453.8875,1014.796875,804.00625,159.75625,-337.03125,1.503125,36.734375,26.29375,251.415625,178.65625,1072.2125,-45.7125,-904.225,195.228125,-70.69375,70.009375,80.709375,-563.678125,148.11875,-546.009375,-158.95,-790.95625,519.025,-57.778125,-44.246875,-8.490625,286.103125,-480.421875,-703.315625,-115.75,-7.759375,34.653125,1.190625,27.08125,-36.04375,-556.128125,171.534375,-773.5375,46.096875,9.178125,-37.21875,9.178125,-46.096875,-37.21875,-19.2375,-92.646875,-29.2375,124.715625,-84.6625,-75.903125,106.709375,-632.446875,344.34375,447.89375,98.478125,10.496875,-1.175,10.496875,-98.478125,-1.175,26.83125
10.0664877203277,10.240217723002843,12.08185773558757,9.323905507325282,11.793448160839223,12.140648824118855,16.036281549988693,14.953109500412701,19.091672421431973,9.792011337818614,9.129747169827056,12.351231447101371,20.0416653511352,25.289357833925806,35.01831588117716,255.0550670407159,82.86786972244028,659.3545979938856,77.73746057981995,56.957017748359526,133.10669672776487,153.495143128373,58.328106650182455,154.32118849552413,8.587186586131033,8.943892798022128,10.725756104946491,14.466450518588816,31.559269936708336,18.710479115021634,16.714998338866206,14.799665010043062,15.150622927164857,3.3678800413425303,3.7699233869119575,10.135707127696111,35.71639465260649,18.645133604840215,18.706343255007702,1.4934385022331662,3.2757831669323867,2.929602327989278,2.6113193081210757,2.406164077573094,3.3662301857387544,16.69527904959447,14.234534094851231,12.618468262372708,1.4092309076065574,2.356401850360841,1.1554396400348186,4.687630911037001,8.266230566594563,7.6469279333393985,15.971310220590105,31.601120782594244,25.863282584528648,4.552581003729903,1.827512605446629,3.5262524567102167,11.23755915371984,14.259164988267996,9.126067965667856,40.3348735868945,18.294997883319958,26.293897029427878,1.953798658260976,6.520914723894553,2.1826952215412447,13.507612477208323,13.869362252543025,10.15589471846999,39.664315422040765,28.166080928212715,26.81100435546445,2.225751912256464,4.531678332128005,4.327837589122699,3.5428570514294666,1.3463163208595108,0.36394776495419306,7.871909403122163,8.810565995150087,9.521583817898668,10.124515181566808,22.386437554767053,16.906602292232588,55.050356364019095,51.74168189093746,53.79509859240145,51.74168189093746,55.050356364019095,53.79509859240145,1.3648371562827464,0.0,0.26873223059312323,0.21420582472175623,10.888310201333963,24.88000638168821,10.76619585713798,10.91196547598181,8.470091075378305,8.514563968960635,29.64486428541763,27.20956912906922,22.462966821769097,27.20956912906922,29.64486428541763,22.462966821769097,0.28678414924415285
9.978084224292846,9.64210133568368,11.167358741314647,9.556155611642254,9.294130178278436,12.557346360080372,10.027052384842964,11.322165018626247,13.542965077551518,10.016889638155472,8.964694505972165,13.073455667110812,9.69280656516451,10.829755907435635,14.913597445485795,195.70189626576948,70.328647764474,225.10899680717597,37.60175238238582,29.065629783771097,31.810272280248867,253.25531432084412,57.689725958688975,111.70117957916925,8.418931730465562,8.026625686117269,11.050477961817085,7.818445870444522,7.2596070085744975,12.503943369791688,10.849776476868659,7.546235120268794,12.419035800896113,2.874821435175055,3.170244556438608,5.039673176399747,16.592477227496016,16.44125826361494,15.587832819989996,1.0638139923770638,2.143668925587775,3.0975889761332787,1.9231666901666618,2.1007844256777304,2.870991865412245,15.381503999925872,14.615658067486967,13.273779932304643,1.210290594778008,2.4414804184297783,1.4071412166819937,3.5168018292144785,5.051317079840103,4.469255032316225,14.738248224219795,19.144181686363915,20.64569574035867,2.2224069001220252,2.7367689881839503,2.5657090639967155,6.453314698539988,6.054724446566723,3.1281708674212854,14.106799473981543,14.17111893540904,20.79312894700266,2.1343783974183124,1.4417632507553657,1.1765574729748656,3.749671112764023,9.528950398629787,6.051015157687309,32.9540510630407,16.588436520393312,18.356313458354403,1.7187348641541653,2.5222048476430317,3.29172451427455,0.0,0.0,0.0,5.792964845274974,5.704578090520696,4.185177071168487,5.7671671477749555,6.098976794592173,4.1917793199501805,18.36057313579633,16.64853190624797,18.914472380123183,16.64853190624797,18.36057313579633,18.914472380123183,0.43906770057871136,0.04816830509342029,0.23836436113913093,0.4937422029503654,10.337431167276808,12.575583389143208,8.214183505502012,6.182585813777757,7.928630007642588,7.857113047149926,26.184830870609822,26.278188545310723,25.220189560630335,26.278188545310723,26.184830870609822,25.220189560630335,0.5087482668345802
227.84220017770673,152.52704662268084,269.3088299187076,212.06636087352803,313.91387774333924,331.89611481827944,308.41280239673364,328.23011020434313,268.6215256424204,260.47249881678516,553.919618373353,320.1903151982824,237.56630887945352,369.710463262383,480.07395092930284,240.23707696118254,205.5628234818358,394.5522615965148,125.24848941453006,253.1640604844594,212.19963918133053,299.447831448816,512.5416066001283,272.4268865609693,512.5432761685689,391.7537684604356,167.88773212563976,256.1355443025568,447.74213664838203,263.7446824624053,202.01619683205357,379.73684164928085,186.82049256284327,208.21184791243533,335.12903722433407,323.4975600042005,538.7104320809716,534.756522598405,309.46466790543013,207.46951311782865,101.85660731522745,207.00803823602573,395.87001590548255,574.1739913042124,324.6031319610815,621.5314817988972,396.1476259309041,809.8417394278838,190.0073607896143,378.84004246882057,245.78174827192777,662.6114502141763,311.6129177815973,197.47172338468877,588.8104828981774,718.3758046912036,729.7245188075246,322.9263424371882,202.93073739165706,132.28109565349152,300.17031482169483,298.2113220015801,245.63972266079716,565.9979949895298,456.20743455051326,307.4727570196201,96.96223977463316,146.35881284672303,77.73338140024583,394.73291250225094,250.0163071604607,322.58409146520785,761.1568546505426,891.9024224582355,533.878138841503,260.3162856417527,147.73496292218465,156.8749593312788,24.285208821860422,17.100449098279828,13.334841115213468,302.0982013060045,433.8593273051369,310.1835681650399,372.30788968831257,456.945260672404,338.66049890394805,1064.9559758858486,1262.4536034886742,765.4284081284712,1262.4536034886742,1064.9559758858486,765.4284081284712,6.0055659239427275,121.09048495172131,10.164361674583812,20.929450768699333,313.15644587962674,328.8880284036996,466.1610413811455,278.0058386243827,604.9666117646815,333.9861669478389,1544.0207252495027,928.2610313626993,1075.6664633043915,928.2610313626993,1544.0207252495027,1075.6664633043915,37.386772858469406
57.04042728856134,40.21786398967483,85.04777751958227,65.90847642972895,28.927981687429046,24.379066601582473,238.02513787552266,59.02021250835083,126.63465190998384,193.19931730265722,38.54856480369595,81.00991405411003,152.8852758215297,364.53953124341893,213.83779540686592,257.6206731105324,325.8795030019838,261.651454123732,56.34869349743192,115.79344013651438,61.278110398098434,391.69134818744465,546.9739909435434,207.66112095542246,48.87574160326779,37.057660236855156,38.348600504725205,105.32320918774107,369.2180318249726,162.60315397559933,97.04272244178289,398.7315602148692,153.23464491829344,48.20829317056255,20.29312194997984,48.1859983975624,107.91430043763903,121.51413452634311,90.21996596735586,13.211247472048012,36.43235138739537,73.36595448159991,19.627916109469318,12.037303405498088,27.81394305368711,58.13755790961708,25.861737110745203,42.11785395326342,16.27352757146303,22.772107828958553,14.385143315942356,24.90904329973035,131.66768540047238,229.53789673154728,190.540904510869,286.1476672792874,167.21796412997963,294.576686845199,227.45929923335703,101.73872192275675,89.46770572627003,126.08319327671315,158.68161510144125,271.02277659784085,252.41881545457943,231.7635459538934,209.281734878015,202.95896270111024,46.72450801654151,367.014915343848,176.0753058017802,129.76073602443356,259.41265807756633,686.1309666155254,209.60083261482197,282.333786462499,85.5217581863281,476.52950405739045,9.660623810566154,5.989925343009729,12.15326061675614,106.6016860826105,120.60524480614018,114.12410903040359,241.68971501207483,172.45310240797542,96.21560521655155,386.13587142117103,350.64978516259856,360.0101557761717,350.64978516259856,386.13587142117103,360.0101557761717,3.6473743039690056,47.89522031650208,10.34684581855626,4.602877261671998,79.65841836810117,90.53056428925859,136.8342814860697,153.88714559729723,192.22236511775904,103.45268734179291,422.80890041495525,305.32676122600674,435.54882860003244,305.32676122600674,422.80890041495525,435.54882860003244,41.88801683944284
149.2210179114203,125.76052278401633,199.1052358556677,77.46991522196492,81.46354046298802,55.95454800108986,282.0424385572771,251.16819600842885,155.8208600889865,276.8690559237973,211.0624784697413,230.77779924297874,353.4072530670192,251.6751713012823,157.64893428498402,187.66351689153734,278.7385742594168,740.8206454219439,90.43258466363164,165.55621999018527,199.71105119183724,473.91273682173306,214.5137049561828,353.53094975595116,41.00866170739281,54.78193724678757,76.06477187229528,107.970533975231,282.8095007331566,230.68283799981506,266.73194513306254,256.8056945115165,139.32735353119395,69.71007293928638,53.68878412436171,138.84064631286356,258.2750750852015,106.64778841543233,62.61745382175103,23.257256721371917,57.505890304131775,55.712484038525396,30.74363720265181,16.789697904399684,27.358967943971273,67.51601893980141,49.150278858149484,41.95944778736595,19.018262754042958,19.673825362362148,9.866157105706495,220.0886255480081,284.2348083769886,323.4512443697288,264.19603007984995,669.4829062971359,596.3892986733584,362.308073597547,153.23798962893386,75.75102656121835,262.0395023344745,149.68522667464393,270.77081626937166,553.2604640010397,318.70965832057584,536.5652693876932,113.67296002011003,293.57519203390285,167.6761972429754,248.49349978568188,235.338610097921,138.6630497980999,622.120822178717,622.7863003087598,797.9439919768157,369.31972367775563,554.0883445479353,226.60855953279128,13.447447928858956,15.929947731171888,12.949201071324053,151.2994640159719,192.5502490089715,210.88129293522303,287.5865618461111,343.648995405916,202.77647676636607,551.6246508959667,603.4107363656728,584.8945962099057,603.4107363656728,551.6246508959667,584.8945962099057,10.51882176316656,94.72473065865235,10.364811158184583,21.12933169589992,120.48277429915579,169.71244347374056,208.2632164112352,207.0074211326658,212.61057007183248,301.226387685294,692.9057028193722,489.19398232327114,502.2591164555363,489.19398232327114,692.9057028193722,502.2591164555363,15.915813738519551
Sit
5
0.0
0.029333576806010658
0.008197874346251658
0.4395130883631261
0.29197182696409923
0.029333576806010658
0.0
0.005883344766712417
0.13177537061612302
0.05699246398499707
0.008197874346251658
0.005883344766712417
0.0
0.026099238330859916
0.01125223940516479
0.4395130883631261
0.13177537061612302
0.026099238330859916
0.0
2.947817653862039
0.29197182696409923
0.05699246398499707
0.01125223940516479
2.947817653862039
0.0
2740.166586356846
25011.13076948167
2
4497.5483136183075
-3.27440225557382E-11
3779
0.005883344766712417
3751.964816807214
1365.4326570154808
-1.1674601432087341E-11
638
17654.030201896843
4371.504845490797
-6.210247255256761E-12
290
20513.582455863365
4822.251154398609
6.976373987385266E-11
386
5319.817920646224
1891.5371291605331
-3.27440225557382E-11
1716
5279.36571188854
2193.239449272852
-1.4220420885572934E-11
749
110
203.69452208341343,187.2757434446457,165.6966150822463,92.2626733727558,104.05112900721693,178.91807616337752,329.18980108095343,196.59691621947394,207.3306941869583,288.3957351520973,418.3065238133967,249.88122703357826,463.99621757042246,423.86188460783546,415.37063871790775,218.8542741389636,195.53429189978155,274.46062702333455,287.83614751576226,114.66735142527887,221.03726493843928,383.3061683166081,429.44856707511866,320.85646007735573,286.90216725793067,342.8883758172081,284.35231499303495,261.1563397071085,355.1496004408151,347.15157100992695,335.9847755545302,427.4654519110077,258.3348964923764,124.08453377722948,133.13559128965366,139.74469879717336,327.72900923191565,213.50664276596345,179.35813694355883,268.0220538742413,147.8724391574684,338.9719662222765,192.12158318651524,340.5210862744512,213.13168063358168,434.5405271097726,352.52006297593175,612.8781327591779,277.89831705679717,380.1529052647347,313.23674625974445,376.5900224733666,274.5545421166638,316.33845967020693,559.2967453768894,477.85657746486936,655.7702985084009,342.9703042277169,313.78604330992795,406.987153087243,212.21885673621222,233.27066570612575,272.3499014346074,445.0974729293897,429.4200969649113,399.8910490299749,262.883776446116,230.84484850773046,371.9451958367228,377.3902254913893,321.78876208802825,290.4211784001065,501.37366860028055,542.8666644578637,513.9879477233467,431.13698945506013,282.41905999621116,305.59421506595066,67.83425165465877,8.578359744325851,26.662630428136374,112.13604974496612,169.3445320940697,143.3444220065791,228.53471622103814,192.4443007781722,202.28848152195488,359.2709094510514,444.3967733950464,395.28703927602476,444.3967733950464,359.2709094510514,395.28703927602476,57.187477991695594,30.814842565750812,7.923630275764832,18.107062381423404,126.38170777465433,101.42803720835607,126.61631987620993,179.25054759660594,160.3894904981658,181.78890070724674,312.57931760206424,376.05999721971637,409.04520200427856,376.05999721971637,312.57931760206424,409.04520200427856,34.044482277979846
232.23709976184176,183.44429743318338,940.4498544588515,-281.6080973802593,945.4339772426567,-122.52976978036517,-106.62344535591426,671.0521301931728,645.1235776660492,59.678750992326,-57.28023286583752,842.3765546440858,619.8669684597841,-2.6831172267795713,-422.77990681586203,37.29536175818527,895.4507737824699,-366.5910873790125,-57.22503149116294,791.4236922266679,-504.5661521330934,185.2317500675191,-103.61154835594428,749.6976526999907,44.92167240010585,397.31383964011644,845.5721090235512,-7.481653717625591,6.665360917465946,850.756028787215,-754.9821227966439,-184.18793602608827,286.25224945060984,-922.4530299020905,-108.05715797830113,307.24159830643026,-27.065890447208258,-6.597512569462821,-16.101084943106642,436.8679544853136,146.3590897062715,396.95369145276527,-685.8687483461233,227.1505689335803,548.7676634030166,19.314368880656257,12.744112198994443,42.87192378936226,43.032019052659436,-562.3141042603863,-167.3903148981212,-12.422598571050543,774.0833553850225,350.45646996559935,11.52156655199788,14.688277322042868,59.29743318338185,-429.96983328922994,-2.605451177560201,-361.8856840433977,-756.0772691188145,-513.8179412543001,100.61682984916645,-45.83964011643292,-12.253506218576343,4.805768721884096,-88.2106377348505,453.1979359618947,410.92378936226515,-4.510717120931464,-808.1876157713681,-241.5885154802858,-61.11510981741201,-8.298756284731413,19.300344006350887,-679.8560465731675,49.44958983858164,-387.9372849960307,81.1854988092088,-58.30457793066949,17.507012437152685,1.256681661815295,5.126488489018259,-14.994972214871659,-132.11008203228369,855.8248213813179,-460.5305636411749,1.2349827996824556,16.22916115374438,-28.96930404869013,16.22916115374438,-1.2349827996824556,-28.96930404869013,-132.2963747023022,-98.88965334744641,-42.2463614712887,24.109552791743848,-3.471288700714475,-6.279703625297698,100.57740142894946,-234.9708917703096,614.0717120931463,-572.8912410690659,-8.925377083884625,11.29187615771368,-4.534797565493518,11.29187615771368,8.925377083884625,-4.534797565493518,-2.358560465731675
245.84326018808778,247.3526645768025,974.1802507836991,-285.80250783699057,966.7100313479624,-88.05015673981191,-196.5924764890282,840.9090909090909,537.3181818181819,-284.41065830721004,-353.73197492163007,779.8746081504702,854.3495297805642,-370.6551724137931,-341.8730407523511,-19.78238341968912,898.8238341968912,-463.95854922279796,-65.14516129032258,754.2258064516129,-634.4395161290323,-74.35109717868339,-284.79780564263325,853.4952978056426,114.2601880877743,-80.11442006269593,941.5862068965517,-209.8040752351097,-10.641065830721002,993.6833855799373,-949.7131661442006,-258.4373040752351,195.5344827586207,-973.9890282131662,-57.1833855799373,203.6959247648903,-19.354231974921632,-11.275862068965518,4.545454545454546,502.18652037617557,12.418495297805643,554.4404388714734,-456.23667711598745,448.51724137931035,741.4435736677116,-4.068965517241379,-11.810344827586206,5.177115987460815,-219.41065830721004,-673.1394984326018,-217.8228840125392,151.65673981191222,600.9388714733542,660.6583072100314,-7.9043887147335425,21.990595611285265,16.114420062695924,-323.8213166144201,244.18808777429467,-471.63793103448273,-899.9028213166144,-424.70219435736675,-83.76645768025078,-30.74137931034483,-2.9639498432601883,18.70846394984326,49.17868338557994,489.5141065830721,639.7382445141066,20.810344827586206,-886.0188087774295,-465.83699059561127,-65.11912225705329,24.0423197492163,41.69749216300941,-1075.3119122257053,264.7257053291536,-154.87774294670845,54.791536050156736,-63.20219435736677,58.20062695924765,0.890282131661442,-1.4059561128526645,-11.857366771159874,-378.44514106583074,914.9702194357367,-208.11128526645768,4.717868338557993,0.5815047021943573,2.4952978056426334,0.5815047021943573,-4.717868338557993,2.4952978056426334,-146.50783699059562,-129.82915360501568,-50.9294670846395,31.565830721003135,-0.6175548589341693,1.238244514106583,111.23667711598746,-225.19905956112854,699.0078369905956,-500.4514106583072,3.2899686520376177,-0.6144200626959248,3.330721003134796,-0.6144200626959248,-3.2899686520376177,3.330721003134796,-10.181818181818182
173.59655172413792,417.0241379310345,882.3,-430.3724137931035,902.6172413793104,-76.18275862068965,121.6,676.8137931034482,596.951724137931,211.64827586206897,225.14827586206897,816.596551724138,494.6655172413793,253.8206896551724,-264.7551724137931,32.57368421052632,779.978947368421,-525.3736842105263,-148.89385474860336,872.3016759776536,-378.5754189944134,360.21724137931034,95.05862068965517,670.1310344827587,-171.23793103448276,601.4827586206897,747.6310344827587,22.286206896551725,182.97931034482758,718.5137931034483,-693.3172413793103,73.34137931034483,229.83448275862068,-864.1413793103449,-104.1655172413793,462.85172413793106,-140.84137931034482,59.07586206896552,116.74137931034483,572.4206896551724,54.60344827586207,379.9413793103448,-750.6034482758621,-84.32068965517242,547.4172413793103,21.682758620689654,-88.45862068965518,0.4379310344827586,245.5655172413793,-544.2413793103449,-383.7931034482759,-282.1758620689655,826.5379310344828,111.72068965517241,-24.0,17.49655172413793,104.3896551724138,-260.3,-374.5344827586207,-529.6586206896552,-755.0310344827586,-362.9758620689655,336.71379310344827,-262.8551724137931,-45.737931034482756,123.25172413793103,310.5344827586207,294.88965517241377,424.2931034482759,-221.81724137931033,-680.9586206896552,-234.05172413793105,-184.96896551724137,-165.20689655172413,-84.34137931034483,-491.4448275862069,215.79310344827587,75.30689655172414,92.70344827586207,-55.06896551724138,6.165517241379311,-6.741379310344827,25.02413793103448,-33.63103448275862,-77.43793103448276,849.803448275862,-573.9172413793103,15.13103448275862,293.2896551724138,-248.45862068965516,293.2896551724138,-15.13103448275862,-248.45862068965516,-96.89310344827587,-99.96896551724137,-43.83103448275862,13.351724137931035,-14.86896551724138,21.77241379310345,99.6,-170.3551724137931,631.8482758620689,-615.1103448275862,68.97241379310344,318.57241379310346,-112.71724137931035,318.57241379310346,-68.97241379310344,-112.71724137931035,-12.217241379310344
693.0569948186528,-225.18134715025906,570.098445595855,-223.49222797927462,801.5310880829015,-424.26683937823833,650.8186528497409,495.2720207253886,376.6269430051814,241.99222797927462,579.6865284974093,344.5777202072539,-267.9345238095238,823.25,-253.20535714285714,290.4326424870466,732.0310880829015,-179.20725388601036,522.8341968911917,691.7305699481865,-104.08031088082902,266.6082474226804,181.02061855670104,105.95189003436425,-246.21502590673575,781.7694300518135,184.5984455958549,411.8415300546448,784.4699453551913,-11.098360655737705,-16.762803234501348,846.1859838274933,379.8167115902965,-669.5362694300518,-280.2176165803109,547.0155440414508,-54.92746113989637,-73.19430051813471,-236.96113989637306,-326.48445595854923,345.53108808290153,-585.1113989637306,-681.2046632124352,-271.20725388601034,118.49222797927462,123.59326424870466,255.4300518134715,339.32124352331607,168.57512953367876,506.6839378238342,647.339378238342,-505.5103626943005,412.69170984455957,-171.74093264248705,155.13989637305698,10.217616580310882,246.46373056994818,285.10362694300517,123.92487046632124,768.4326424870467,-423.860103626943,-199.48704663212436,722.3082901554404,16.82901554404145,-176.89119170984455,-186.35492227979276,-375.1580310880829,-82.12694300518135,-573.5025906735751,-866.7823834196892,-63.96373056994819,294.3134715025907,84.29533678756476,-181.28238341968913,-58.87564766839378,162.97150259067357,-413.87823834196894,-519.1450777202073,-93.40155440414507,-36.94818652849741,7.339378238341969,11.23056994818653,34.24611398963731,-7.818652849740933,-88.02331606217616,646.2487046632124,-727.5906735751296,-6.11139896373057,-66.44041450777202,-131.2357512953368,-66.44041450777202,6.11139896373057,-131.2357512953368,0.7642487046632125,-66.78497409326425,-34.523316062176164,56.03626943005181,-27.510362694300518,-82.98186528497409,114.07512953367876,-567.4067357512953,420.6373056994819,-343.860103626943,-157.92487046632124,-112.54922279792746,25.66321243523316,-112.54922279792746,157.92487046632124,25.66321243523316,69.54145077720207
119.75524475524476,183.8986013986014,1008.8554778554778,-267.95104895104896,974.020979020979,-52.765151515151516,-223.26456876456876,641.539627039627,736.2744755244755,128.48834498834498,-115.8881118881119,939.8006993006993,706.6153846153846,-18.34090909090909,-543.3659673659673,4.320683111954459,962.8671726755218,-307.5882352941176,-168.66384976525822,822.9464788732395,-523.4638497652583,226.90384615384616,-141.0530303030303,837.3834498834499,117.5979020979021,467.9318181818182,921.5081585081585,-5.545454545454546,-114.99825174825175,972.6206293706293,-826.8444055944055,-347.16550116550115,337.46853146853147,-956.6182983682984,-96.14335664335664,275.18589743589746,-10.18939393939394,-4.551282051282051,-1.8717948717948718,519.2488344988345,173.37004662004662,515.0565268065268,-760.4609557109557,284.96153846153845,541.4970862470863,9.586829836829837,-14.486596736596736,11.177156177156178,71.83799533799534,-704.6386946386947,-267.5990675990676,65.2511655011655,879.8041958041958,363.32983682983684,-14.854312354312354,14.343822843822844,28.576923076923077,-579.0087412587412,-25.72261072261072,-521.7826340326341,-758.175407925408,-619.4032634032634,36.745337995338,-31.703962703962706,12.994755244755245,17.767482517482517,-139.53554778554778,549.0291375291375,515.3123543123543,138.83216783216784,-934.469696969697,-243.12179487179486,-72.7051282051282,34.768648018648015,40.70979020979021,-741.5984848484849,-4.042540792540793,-490.2016317016317,130.36363636363637,-59.38111888111888,-1.0472027972027973,0.7226107226107226,-0.46561771561771564,-15.07109557109557,-13.033799533799534,864.011655011655,-532.1666666666666,0.11188811188811189,-1.8624708624708626,4.836829836829837,-1.8624708624708626,-0.11188811188811189,4.836829836829837,-155.40034965034965,-81.34848484848484,-37.205710955710956,13.08974358974359,0.7389277389277389,0.5827505827505828,89.69405594405595,-181.97785547785548,588.215034965035,-670.4353146853147,1.656177156177156,-3.0553613053613056,1.2645687645687647,-3.0553613053613056,-1.656177156177156,1.2645687645687647,-10.430652680652681
263.5687583444593,248.11481975967956,968.373831775701,-281.675567423231,952.5554072096128,-174.17757009345794,-241.4712950600801,682.3404539385848,685.1428571428571,42.3324432576769,-108.10280373831776,938.935914552737,727.3965287049399,-178.3324432576769,-364.0026702269693,32.83400809716599,867.0506072874493,-453.9230769230769,-58.609341825902334,770.9511677282378,-605.8174097664544,201.18291054739652,-87.1041388518024,822.9532710280374,53.08544726301736,365.0173564753004,968.369826435247,-67.20427236315086,-168.9652870493992,945.173564753004,-828.7890520694259,-378.2696929238985,219.81174899866488,-953.1989319092123,-91.46995994659547,285.06542056074767,-13.889185580774365,1.5927903871829105,-3.9012016021361817,533.4032042723632,131.44859813084113,504.9238985313752,-687.9145527369826,283.5687583444593,623.5700934579439,6.861148197596796,10.16154873164219,11.248331108144193,57.468624833110816,-699.7489986648865,-230.93457943925233,28.417890520694257,845.2910547396529,418.283044058745,28.236315086782376,10.473965287049399,52.54739652870494,-613.1401869158879,-81.06542056074767,-419.6208277703605,-800.373831775701,-568.2202937249666,-7.795727636849132,-39.35781041388518,19.79973297730307,15.92256341789052,-94.1588785046729,539.8851802403204,479.01068090787714,174.02670226969292,-885.3711615487316,-326.15754339118826,-58.134846461949266,15.383177570093459,31.588785046728972,-708.8544726301735,163.0026702269693,-463.9065420560748,76.51268357810414,-63.925233644859816,34.98397863818425,0.7489986648865153,0.7917222963951935,-13.975967957276369,-238.9799732977303,897.0253671562083,-329.8878504672897,-0.753004005340454,6.337783711615487,4.463284379172229,6.337783711615487,0.753004005340454,4.463284379172229,-149.53938584779706,-128.85046728971963,-49.76502002670227,30.716955941255005,1.253671562082777,0.2616822429906542,109.85447263017356,-218.40053404539387,693.7663551401869,-512.8024032042723,3.053404539385848,-0.8477970627503337,1.8024032042723632,-0.8477970627503337,-3.053404539385848,1.8024032042723632,-10.437917222963952
18.43910279280068,19.179710730897632,13.4171257722086,34.82053373857188,15.137950469793786,84.42720843607353,53.945522317971715,25.729870956824964,32.89186910952168,190.10471545323787,346.19908149927903,214.679169803799,94.84639366192765,129.40173980139525,93.6293564194369,82.7370602956925,35.8951025532126,52.82388528135375,19.474968278473888,20.062589799634978,20.386656422493893,366.774795955991,258.7157963709996,170.24491309027033,196.17024295494124,339.1905052008723,109.08986083609334,44.281079328603795,44.46349999879931,18.840653958423655,24.73033555595712,30.337634123509805,74.65801403901723,24.211033306078658,34.165254134715774,85.26045615454069,239.9498245024688,117.76041617363424,75.15675070882592,37.081030624070245,87.93755153396546,49.582863371859126,147.607020280327,130.9510634586428,47.06579563507842,291.9571831727206,228.5628915017122,498.5378448116139,120.55235518844572,101.99503315884054,141.26567923087723,299.47096688902695,256.90354742229476,176.39990206611594,401.34465738968777,352.0412508465505,565.4530707941573,154.63868674474125,248.78973434286036,110.92538798081966,20.433910580303426,27.456699660460778,51.334960625374244,52.80452277716398,78.64400415215277,64.20707979828994,26.571831206155522,58.27918748525538,43.988033316941895,30.71691917471174,24.242682441387604,38.39600006602997,70.96187034949385,59.95400981226776,46.90610909704574,62.03314718150198,105.53094435908181,147.70226779575583,2.515033072826509,0.6873114731088318,1.849230715023922,6.138935593288948,6.572605886746739,5.256978672808807,13.503042272318503,6.916686778779962,9.682486637329903,22.18981961765252,22.46592611825387,23.557254676009176,22.46592611825387,22.18981961765252,23.557254676009176,0.5424822520559317,0.3766699977428575,0.2562439073330916,0.4960362663948999,5.031873819710519,6.14244655334372,4.498955356766263,5.876772178117452,7.784475233099801,11.975117696572989,28.454854375284352,24.179247797945404,19.668094391652733,24.179247797945404,28.454854375284352,19.668094391652733,0.38599723221750365
137.67425317781192,267.4851923659839,178.197578032388,149.66002740826298,93.50144816510974,101.69336693303467,403.21409220443815,149.53329870483276,254.34101922961815,150.98234416517786,451.7207493326379,223.50230328308334,627.5350430810332,533.4963109125575,461.8791750858636,115.62081036987927,270.78553097838494,272.7568103837068,115.64759000681025,170.19892045857765,260.22768479104116,309.0242894440696,484.28048867101126,314.6709327525206,275.00888052826036,264.3053990980201,297.0201927163861,220.7049200783894,469.16655793654763,476.36679495794385,449.35156978219186,561.3670326449991,216.0261746858133,112.2377482073583,91.25821866903293,174.5608887745208,289.59782818256133,386.07213917502276,274.3176977883312,54.376130648454875,178.1496338182898,128.63897609628782,124.10155173799241,329.8134797190179,168.5329997954269,411.6479364422209,389.41253777890336,656.9485488134455,266.93873469427655,155.24706398828818,101.12148961331397,411.3000657087504,206.1063494315045,232.4317392510916,452.7665133056267,385.9223190232047,725.4878730012329,291.7621139590754,406.79675410805055,129.93223151711922,201.45995438394058,268.8898414224467,318.2179034327694,764.7734221695277,819.9148155660025,531.3198185316365,315.62294176339367,256.42258366825956,204.41954353550108,473.6894479796988,434.54365158524524,282.4718635842166,638.6478490984649,834.5840013537252,1220.6747342893384,521.34389030924,372.45365047423144,370.8394558678965,38.806167978677784,6.618266817947684,16.92278977430661,251.2188392661728,415.77630244086737,338.1791847101836,424.2769929213086,382.4920733129483,189.0677732589488,849.3180961484884,1132.7653789284182,1074.744511369011,1132.7653789284182,849.3180961484884,1074.744511369011,115.44611358804772,52.52024558356498,7.573565548664253,17.298531263326186,137.912727791221,182.28517696608876,148.96900121098787,185.43212803638332,158.94972463774502,140.26009538098162,591.7811241416434,1040.1970118481504,959.8822102149686,1040.1970118481504,591.7811241416434,959.8822102149686,19.15149165214261
332.37580336906467,254.59168891924165,281.4976010096728,194.35057677476945,263.3059556936531,306.21929802338155,333.78908227108815,348.702874441405,371.89629290272086,358.6032969937163,624.2518703089972,348.76455113112934,462.44409281950306,261.2633428714373,508.2618282546581,347.54898654518263,272.4987102409272,442.97605522836784,357.87114197166915,213.4331001926742,258.4193838491881,407.1533276391187,877.0178582624986,287.3218268078646,602.6128587574857,269.7007311108967,346.73925515077264,339.3387236066971,313.8561627164034,354.2066050567075,347.08998415273766,277.66139288765595,362.6916326145622,242.81830090118865,339.86263734085065,206.91505193869813,728.1882123781766,506.5942007437233,390.22297461136424,212.7995118069768,176.27198676118417,105.43788975979581,294.4651185728456,614.1612196219362,278.2073247128019,816.8965744554872,657.6888630264984,1013.3076457060027,283.52070549571573,183.4363858056527,195.89086904497822,650.109578093339,424.93548574810495,236.80788472561218,753.6737460221805,685.913193023851,1236.738240414878,271.35259974691326,390.3450582122981,196.84588703701368,404.7988900888095,379.0814819555877,233.25966977058937,716.0240196127536,646.7147375515485,706.4309607275219,218.40908453647566,175.9622508203035,182.6610834902783,291.67721761095027,387.56895152682847,325.9696227977055,978.4706252605024,558.4480448114982,687.3278505245676,219.7975023582642,163.42975994074973,126.7430971059959,22.6245906365984,10.324219882552798,14.879825219855483,274.6371891431558,386.94427807567985,339.3643305445826,365.9318536734282,443.75481742211065,268.8253782006824,847.6512211710917,949.8316257208791,776.6370185374122,949.8316257208791,847.6512211710917,776.6370185374122,7.629666403853397,38.65683699377077,12.623240796085176,33.98393402801867,375.72320033364855,262.00010346511783,373.276134065614,401.73465799583596,409.65389643503966,442.91962404615134,812.4600590722264,693.4100182539756,967.1947335016304,693.4100182539756,812.4600590722264,967.1947335016304,72.94715818837571
29.70044028687995,14.486554671982837,13.387870549391591,33.24209183329167,16.699771209746626,109.10501095097602,126.04041159937736,152.14854316357938,121.60539759490361,218.07930026756176,230.1600717126604,98.16789283255605,318.3897076235505,267.8941172501719,420.4988001372967,67.77665183064722,29.499136485630842,70.39067578702746,19.104128451389315,11.088585088411037,14.183639117802194,353.8313306847201,330.1528033668454,248.692407447136,162.11089778071587,208.53832141870834,106.11767187068381,201.87744377680585,182.7263100106815,70.71037313323681,155.79930922778976,169.88864299607843,254.78361630496178,20.616037028457093,44.19525147814153,43.59717338256281,227.07880427508584,77.16863698937888,61.402119577055174,16.44587815416972,91.59358202654067,24.817485570238926,132.44419119303433,180.16257553079197,112.5742333262715,382.60620779130056,291.47873787078095,502.98946551258007,251.36832413927058,98.32821811935933,145.5129745019366,222.4777182772157,157.97847255232324,227.15716206059906,532.9194686853181,465.2294754283111,426.5424781010439,216.5735405487473,237.73521047365438,116.15726728009362,126.1344375173642,154.41354670576536,102.94484274992593,393.60234006765864,339.87427700655314,335.70001205046873,218.30447727831435,105.4859766925881,132.4798429644615,170.45842095263322,89.31850638388825,194.82162514421225,419.8990860266183,515.0037578924083,358.88840000646155,283.04723601714426,204.88077154955704,276.1196282716416,0.9324380747898071,0.5046421540490914,1.7236439421515646,5.88826785817846,6.321280244782201,4.335851380700861,13.881506871326398,11.015964214723665,17.814239617198325,22.940771977861672,27.253261426498568,24.311994332595802,27.253261426498568,22.940771977861672,24.311994332595802,1.5359558025953115,1.12941225732692,0.4043380168332066,0.5826347550829866,7.350176596003863,6.885877270373959,4.890663406359415,11.624322507814831,6.232317357848913,8.064239888160918,26.744217047690174,29.985397230008374,26.294407233616816,29.985397230008374,26.744217047690174,26.294407233616816,0.4953119398751672
44.548233022588434,18.762878839002585,21.80030071122813,23.811654082939558,32.826821371218564,115.73629313963116,125.26048064662395,166.3103864205253,132.0135795269804,258.87297439832406,234.79455430816589,97.7083193677038,387.0832090605289,312.7256922369272,428.8690169302277,138.27375607832474,154.83117636339466,181.87730231451928,43.765529010465364,54.16703631454846,103.39350875998926,380.14119587130944,366.46772128644443,275.00984757401284,168.66400376173945,179.94891868170166,105.38455526977548,218.36852450637545,221.93506992809483,119.41764573578588,229.66513832607583,191.94041355497345,275.72143690846275,29.344290390752242,57.22164167107715,56.797837789216196,252.19432125181177,105.07481928838494,92.65562633826998,14.896713573148476,124.23048309163846,45.698831913486075,133.01856717416712,205.0367898021882,121.45174417531656,360.69225917406607,265.6479049957185,599.7018419279561,281.08956389626985,81.03555049183464,127.98492659822736,226.705857273874,182.20253227512768,247.0052067981032,637.7497551785133,501.7664688156281,685.0611936125716,161.9601533832387,226.76074517870305,161.99362202358225,118.50342019423317,150.03244146302984,98.9014508845553,363.5981285337896,411.4181485965113,393.56183987150706,223.222455928668,109.95398968171206,221.53159114462775,199.63155053880524,118.85170745552136,232.21859921353192,439.94314681994234,645.7489837680607,457.54487133593943,314.1355959513962,221.97178481710787,220.7135107345734,21.057380528941678,2.1754012120307444,27.294242594394923,10.806316962566513,11.952194699133132,8.966781195296308,163.83096112455038,36.5978016862693,172.82692255455498,40.82516698082221,29.57080555329536,44.466658787724164,29.57080555329536,40.82516698082221,44.466658787724164,4.008361600943279,2.126749778634023,1.2424335297317195,2.0831622723323955,10.028555646080335,10.502527724796801,7.806922877062842,12.06820189757429,13.21612368788992,19.727785031226713,42.03601498604482,30.65367720666335,22.850852020595543,30.65367720666335,42.03601498604482,22.850852020595543,0.4964622851994212
Stand
Lie
Sit
