3
Standing
5
0.0
4985819.519550351
3433271.2503660847
954503.441282692
1.5337956531820754E7
4985819.519550351
0.0
325915.7737580971
445125.3096246172
4592127.4516829485
3433271.2503660847
325915.7737580971
0.0
85155.72420370902
821374.8023067418
954503.441282692
445125.3096246172
85155.72420370902
0.0
4171723.7354708845
1.5337956531820754E7
4592127.4516829485
821374.8023067418
4171723.7354708845
0.0
0.1247449510813411
0.5780375281220637
0
0.21592897194728713
-1280.7061618396742
1612
85155.72420370902
0.1971638830011295
0.07050595314828227
-1123.3580806986597
578
0.18803314229599663
0.07182746565272206
-330.1825258629665
202
0.3391855770313147
0.10553250634510479
28.543896150021737
113
0.37124292946828436
0.11082575348126103
383.0754045246049
133
0.1765725452870236
0.07192407312156379
-1280.7061618396742
586
3
0.09885939766579703,0.03441783199913918,0.09735313945451488
0.009937965260545743,9.876035980148925,1.4237717121588083
-0.034723183391003325,9.889809688581375,1.3611937716262972
-0.07905940594059394,9.873811881188113,1.5067821782178201
-0.1071681415929204,9.919380530973447,1.247610619469028
0.15571428571428553,9.82706766917292,1.5620300751879697
0.0741638225255967,9.865972696245796,1.4594709897610911
0.05619361351524267,0.02379428973729174,0.04703102515176425
0.05366754520751424,0.02670688988421912,0.053243476037049924
0.11018222752192867,0.017127837921779243,0.05477672759682283
0.08821706797582397,0.05217659342586591,0.08003559244691165
0.04910550777745174,0.024280960934994676,0.05530855186224292
Sitting
5
0.0
3904660.108539386
1.1494857719637956E8
1.5115191774820048E7
956353.9813284035
3904660.108539386
0.0
2448640.6370928963
1.1588040396990413E7
1.4688649369680345E8
1.1494857719637956E8
2448640.6370928963
0.0
9819598.146467254
602781.5252268284
1.5115191774820048E7
1.1588040396990413E7
9819598.146467254
0.0
2661685.0165858376
956353.9813284035
1.4688649369680345E8
602781.5252268284
2661685.0165858376
0.0
0.20311122336388918
1.2212139202811794
1
0.24836206305362063
-243.76973580849568
3248
602781.5252268284
0.12985055600124412
0.0422618120857728
-62.19267741837132
834
0.16510188835970177
0.061727725176737885
-243.76973580849568
932
0.09914591607952188
0.03598104956636922
-43.499146951834405
497
0.1961776964198037
0.08064423542818247
-126.88287114863476
745
0.9728518572275588
0.30766766844120547
12283.504036712176
240
3
0.13478032669894943,0.17234246002070905,0.05594877356888747
5.738386699507395,2.6048706896551685,7.815708128078785
5.844400479616274,2.4285491606714893,7.7703597122301495
5.60733905579403,2.7989163090128426,7.8458369098711795
5.8623943661972024,2.447263581488953,7.824507042253583
5.751704697986582,2.6055704697986397,7.8046711409395675
5.58075,2.7882499999999992,7.872333333333336
0.0252561960359063,0.029622362751369896,0.02565099791914948
0.03359902653933095,0.05063936509988063,0.032771172451346635
0.027644441196649668,0.023532684494571035,0.02080556226153618
0.05702686399469206,0.05524605944251967,0.0425994161377372
0.25454418199151074,0.19768603864332632,0.12258193969169472
Jogging
1
0.0
3.868911931201836E-12
3.868911931204078E-12
2
0.0
-1.3516910735179144E38
24592
1.7976931348623157E308
3.868911931204078E-12
3.868911931201836E-12
-1.3516910735179144E38
24592
3
3.2117785384761466E-6,0.0,0.0
5.012287999998806,11.264028000003664,0.9534243300003378
5.012287999998806,11.264028000003664,0.9534243300003378
3.2117785384761466E-6,0.0,0.0
Standing
Sitting
Jogging
