2
Jogging
16
0.0
161.95489414923554
853.1666280668588
245.4384750161409
920.4692170158128
118.42040441996929
3233.36441090951
188.2106953407933
960.145935794223
213.05429470426662
5658.215771891769
954.656475826564
104.0627074831176
341.32474516607215
82.85568040440883
649.4327153920357
161.95489414923554
0.0
197.01373773294088
1640.0111994717197
140.3778607868469
1047.6405192403734
311.25266111984075
38.54298009972079
99.84869262771872
107.83478154862523
81.45299855504342
83.59686246946147
307.477438475511
1205.1107287783682
354.94805340127846
417.1300938771368
853.1666280668588
197.01373773294088
0.0
314.51435287843685
252.78545486218894
149.49792275506792
3134.5396218066257
142.92896566295832
394.78571182588803
252.17443657734063
285.9536239495514
316.9463559710477
235.66381254943195
327.0397713767492
84.97062697358835
1519.8851701861254
245.4384750161409
1640.0111994717197
314.51435287843685
0.0
228.4896058256374
359.4114071305956
490.10508223360216
44.54535856884124
163.06010224405236
159.09514084132041
116.12885597657349
105.34962688095676
316.21358100721403
1420.0516766111762
166.9999170096021
1116.5663321560116
920.4692170158128
140.3778607868469
252.78545486218894
228.4896058256374
0.0
86.9936194741793
884.7672998899883
63.634799321482376
268.4992673552953
158.92793840591787
549.0167019931586
251.21064695946535
62.08375130252264
411.6769301088396
64.8891524598644
391.73674546418937
118.42040441996929
1047.6405192403734
149.49792275506792
359.4114071305956
86.9936194741793
0.0
230.20823415782522
38.06770280569177
67.03786779913437
77.62593076375518
60.84475266237366
72.74654205187878
270.0406948665882
495.7751985955245
995.5149708616001
221.48959267706303
3233.36441090951
311.25266111984075
3134.5396218066257
490.10508223360216
884.7672998899883
230.20823415782522
0.0
397.1381966491276
601.8870855524084
1016.1041320539747
954.8152885325842
1293.875989734546
250.1064178426958
724.9584909749817
149.4153514017963
1641.0381268308124
188.2106953407933
38.54298009972079
142.92896566295832
44.54535856884124
63.634799321482376
38.06770280569177
397.1381966491276
0.0
47.559235784294195
60.49572736447947
95.4771546297277
558.1496280064136
29.878451805665055
77.47163314047661
28.698922546854366
83.61592859772718
960.145935794223
99.84869262771872
394.78571182588803
163.06010224405236
268.4992673552953
67.03786779913437
601.8870855524084
47.559235784294195
0.0
66.33291475898703
390.82790476291007
150.97461777602567
62.23788324095701
162.79675466399263
43.41616963271728
448.8788694599544
213.05429470426662
107.83478154862523
252.17443657734063
159.09514084132041
158.92793840591787
77.62593076375518
1016.1041320539747
60.49572736447947
66.33291475898703
0.0
92.31662506785152
143.08164135200576
74.43281317387294
375.1029068693603
50.531304118044304
302.35292848467697
5658.215771891769
81.45299855504342
285.9536239495514
116.12885597657349
549.0167019931586
60.84475266237366
954.8152885325842
95.4771546297277
390.82790476291007
92.31662506785152
0.0
541.8833761058064
47.287212339516515
173.80195573576714
45.04047109786565
250.3225765471215
954.656475826564
83.59686246946147
316.9463559710477
105.34962688095676
251.21064695946535
72.74654205187878
1293.875989734546
558.1496280064136
150.97461777602567
143.08164135200576
541.8833761058064
0.0
55.885645694357386
185.8064899326089
55.742024077896296
209.45530977922436
104.0627074831176
307.477438475511
235.66381254943195
316.21358100721403
62.08375130252264
270.0406948665882
250.1064178426958
29.878451805665055
62.23788324095701
74.43281317387294
47.287212339516515
55.885645694357386
0.0
241.1554284542606
89.66287837195308
355.99591072365536
341.32474516607215
1205.1107287783682
327.0397713767492
1420.0516766111762
411.6769301088396
495.7751985955245
724.9584909749817
77.47163314047661
162.79675466399263
375.1029068693603
173.80195573576714
185.8064899326089
241.1554284542606
0.0
336.5574005863164
684.5620000473591
82.85568040440883
354.94805340127846
84.97062697358835
166.9999170096021
64.8891524598644
995.5149708616001
149.4153514017963
28.698922546854366
43.41616963271728
50.531304118044304
45.04047109786565
55.742024077896296
89.66287837195308
336.5574005863164
0.0
116.54517675682392
649.4327153920357
417.1300938771368
1519.8851701861254
1116.5663321560116
391.73674546418937
221.48959267706303
1641.0381268308124
83.61592859772718
448.8788694599544
302.35292848467697
250.3225765471215
209.45530977922436
355.99591072365536
684.5620000473591
116.54517675682392
0.0
8.826076810985114
25.572512232922442
0
16.733478654329826
-0.008861871959830583
2887
28.698922546854366
5.207029348393869
2.647167517923044
-7.756843233328314E-4
277
3.7009526497092686
1.6857199151620588
-0.006557174563143829
178
7.978269872429342
2.7316010783485525
-0.0022465459009917976
191
6.276998819466279
2.0651194760992326
-0.004555875078275526
162
7.3482088895444555
3.88747962949337
-0.0017475007150040203
156
6.269958327243955
3.0626564484097303
-0.008861871959830583
197
6.5851259682512975
2.679883903085664
-0.003584286955062896
337
10.540180763194527
3.139105881772259
-7.551855240758784E-4
91
5.40893596715353
2.5611640375369653
-8.144538237985638E-5
150
4.156906644898633
2.0198017887962068
-0.0014820091992274187
70
8.271944844484018
2.4841679893065893
6.95932733419502E-4
174
13.158504297446742
3.706933332427374
-4.393693137982671E-4
193
7.375180813350299
3.239093711226971
-0.0025859812938398077
87
8.005625019430369
3.6242932051815298
-0.007572625422830798
243
8.839033578592618
3.283646622982741
0.011790605393433226
187
6.120248969003191
2.286276629150476
-0.0034603984817027506
194
3
4.566578698207333,7.7548389406327605,3.452448820657698
3.9580721015988884,8.512037967136125,0.12870214440595787
7.988407700722017,15.750629084837536,1.3535282013357401
3.3002561666853927,-0.9811241494831459,-0.23154591550561784
2.8678319468062843,11.041752034031411,5.043878606963349
5.450409149382713,2.4832752344938274,0.7470172232469138
9.561222184615378,11.180559286538468,-3.5030486507051286
-2.046094273350256,-3.178588163878172,0.011546184416243551
3.4841819595489607,12.851060784866489,0.935196519709199
-3.106037984,18.490894467032952,-0.4723716179120879
11.310699903333331,12.014690273333336,5.629017325999997
1.594942714685714,9.491047391428571,-1.9556873481428572
9.72665037931034,17.429270106321834,-0.28320930256321847
2.2470045055751298,19.18613007253883,-1.9981685244455982
-0.12696669186206896,3.228492096275864,4.339881153563217
3.814089716691356,3.523129944633744,-4.148152566049379
-3.5865944595508004,-5.337938084470585,-5.462851997860958
5.343107956701026,7.228051738659795,3.1182171411649486
1.3978130390086312,1.6208455514246838,1.8639554677229635
1.2815235287576252,0.9981133415933378,0.8841515849528185
1.4142987581086663,1.6818778473858413,2.1952108693456194
1.3272028895118777,1.7571783868861635,0.6027989173358855
2.133471949824672,3.2246274008334534,1.480303107215104
1.2645774982216074,2.5253422792672953,1.645033088507368
2.063115614413306,1.6122002507549893,1.2928870667045338
2.2295971725485337,2.44512038622077,1.6568037914544769
1.716590570141955,1.514392996566735,1.5303121574423568
1.2346585468873505,1.0269662447313324,1.5726918283526192
2.365355011472312,0.8622597903154298,1.2415822603414888
3.521996207208436,0.6860684548065182,2.109875272932829
1.8062418152153845,2.317736266131936,1.9176477783617132
2.4333324056906083,2.190371206768306,2.086738638457873
1.7473272525144703,2.5200076344781825,1.8473470362716384
1.6241085286810373,1.444574243803806,1.1680148592428203
Walking
16
0.0
2069.7187645934146
323.32093618047895
568.9969138759722
2177.7243193893223
530.2247913618614
319.6263729097427
486.9088881330909
8539.005030918788
2963.1994614994064
3173.9292494657975
239.80780070352034
306.7583259857709
1801.3666129351109
1123.616217350566
1103.0180878353349
2069.7187645934146
0.0
777.5245925617779
443.03488948669997
1031.8550817432083
327.0275678411001
2760.1037624464334
2227.744802596395
6442.286505783314
7624.728866417079
19208.527827236532
2634.5315525152578
212.55854683755535
7338.081375993163
1064.404226911753
1883.640826954808
323.32093618047895
777.5245925617779
0.0
264.949802359343
107.15818343831178
155.5487919426274
334.1484982002128
1006.276414381242
418.6299342330494
924.4773744485757
1477.62541462054
302.3872626271146
77.49413715850183
742.0748783956873
114.49682477784299
282.8329953774952
568.9969138759722
443.03488948669997
264.949802359343
0.0
162.00446795587825
477.98773814041243
121.67501012320918
227.73654413974106
459.7717208959216
546.8521769320874
858.6444314530568
93.28949707327348
758.0128103797954
356.03650036150185
180.72726283335516
379.97676538414333
2177.7243193893223
1031.8550817432083
107.15818343831178
162.00446795587825
0.0
153.0405373092684
160.1092215023028
211.48353106072688
2971.80543519803
723.5723214129051
1076.782733025169
106.56046455398005
106.89263151045186
644.5026668203972
494.57130440643436
396.9669005931234
530.2247913618614
327.0275678411001
155.5487919426274
477.98773814041243
153.0405373092684
0.0
93.54675016975044
189.04645372166655
375.90459652474135
379.65926307642695
485.24546455326174
62.4146504919287
153.7180440613575
355.84101311991253
96.91668834513713
159.2720141822692
319.6263729097427
2760.1037624464334
334.1484982002128
121.67501012320918
160.1092215023028
93.54675016975044
0.0
3217.1339781023876
601.749909219758
838.229389396394
1786.8066996231157
2002.491284088391
54.15608157709307
1259.1195050737927
140.04458199788965
284.459378313885
486.9088881330909
2227.744802596395
1006.276414381242
227.73654413974106
211.48353106072688
189.04645372166655
3217.1339781023876
0.0
775.6422847319152
1264.4762127661534
2167.913743315012
1238.3817626550972
89.80619337753974
2077.1128929941374
177.18676986562815
367.7132810290516
8539.005030918788
6442.286505783314
418.6299342330494
459.7717208959216
2971.80543519803
375.90459652474135
601.749909219758
775.6422847319152
0.0
6306.055977189377
7376.873560039219
469.85792284080236
244.39960386643483
3674.5076200687963
1980.8574740174215
1780.8557705890921
2963.1994614994064
7624.728866417079
924.4773744485757
546.8521769320874
723.5723214129051
379.65926307642695
838.229389396394
1264.4762127661534
6306.055977189377
0.0
24137.91728381257
868.8682917545443
219.40109303279127
6645.918756313444
920.298581516076
1868.6685124736614
3173.9292494657975
19208.527827236532
1477.62541462054
858.6444314530568
1076.782733025169
485.24546455326174
1786.8066996231157
2167.913743315012
7376.873560039219
24137.91728381257
0.0
2394.4196937463585
377.84119701360675
5556.958187217863
2098.7745133295825
6396.0400510888585
239.80780070352034
2634.5315525152578
302.3872626271146
93.28949707327348
106.56046455398005
62.4146504919287
2002.491284088391
1238.3817626550972
469.85792284080236
868.8682917545443
2394.4196937463585
0.0
39.98684213684986
875.2506461329206
117.81981083006228
276.64117909891274
306.7583259857709
212.55854683755535
77.49413715850183
758.0128103797954
106.89263151045186
153.7180440613575
54.15608157709307
89.80619337753974
244.39960386643483
219.40109303279127
377.84119701360675
39.98684213684986
0.0
147.6722081936446
120.79765885355965
214.49133124583116
1801.3666129351109
7338.081375993163
742.0748783956873
356.03650036150185
644.5026668203972
355.84101311991253
1259.1195050737927
2077.1128929941374
3674.5076200687963
6645.918756313444
5556.958187217863
875.2506461329206
147.6722081936446
0.0
437.81003572998054
738.1324872486842
1123.616217350566
1064.404226911753
114.49682477784299
180.72726283335516
494.57130440643436
96.91668834513713
140.04458199788965
177.18676986562815
1980.8574740174215
920.298581516076
2098.7745133295825
117.81981083006228
120.79765885355965
437.81003572998054
0.0
2265.7986232946173
1103.0180878353349
1883.640826954808
282.8329953774952
379.97676538414333
396.9669005931234
159.2720141822692
284.459378313885
367.7132810290516
1780.8557705890921
1868.6685124736614
6396.0400510888585
276.64117909891274
214.49133124583116
738.1324872486842
2265.7986232946173
0.0
4.211697319170187
13.297607097383224
1
9.394589225644246
-0.05395596489488347
2977
39.98684213684986
4.298125524099774
1.5738130136511832
-0.03882473731468633
215
4.775780391603724
1.781305435102494
-0.0132466128283657
387
3.529619934775711
1.6519247863341004
-0.01835418554683721
87
6.0601466944483215
2.598095977810271
0.08368632170712004
123
2.707529896386847
1.2332117306770654
-0.015041605338012576
146
4.058090367376738
1.9376347800988007
-0.026303689256184593
86
1.8069173984573812
0.9818698001350007
-0.004036500694001743
139
2.5200221894556014
1.3372985800939565
-0.02075380243969671
189
3.0602374263695045
1.3043893383495797
-0.029756971223129536
278
2.234307552729172
1.02635351013669
-0.031208345000088678
221
3.073496520970002
1.2309703154850304
-0.05395596489488347
442
1.3437661177627525
0.7419781570204764
-0.0056164996016840885
79
2.6267935692872064
1.275760819360755
-0.03381364638659101
86
2.6661825152444956
1.212849159494945
-0.0225756199645748
216
2.425836387378693
1.063314405979132
-0.015407454667758058
107
2.700988655403804
1.176007271226691
-0.030022292716680887
176
3
2.1173459333607214,3.322454419542706,2.6013040303022685
2.7552037311911315,9.72503350631508,-0.13448778083170948
1.6163234964651163,13.4145854372093,-0.051060466204651184
2.529830007002583,7.679518084754521,-2.595784874935397
2.892053847471264,7.07068262183908,3.946456610344827
4.214888592439024,12.85340032195122,6.226602869105688
0.33752341357534243,14.702885517123287,-3.3855893068493157
-0.4269820668139535,12.966412598837213,5.471262008139536
1.3929010338561147,3.781753235971225,-0.862491369496403
0.6166630490582009,4.521883378835977,1.7862113101904757
1.9848962149784164,11.688757007194242,-2.022180687841726
2.779167222624434,9.587800348868782,0.14526316418099547
4.460417358597286,8.772305156561089,-0.599849975723982
3.229229262025315,5.162456620253165,-0.4094724802531644
5.642466617441861,16.292786656976737,5.930711168604652
0.34858001216666684,8.499033928703707,-0.15404865535185183
5.590198033644855,13.099337593457939,-2.1918576429906547
6.99784063409091,11.164738321022725,-0.5833533060568186
0.723745510736776,1.229735975452536,0.9641720409042853
1.2820245214580495,1.1254400736171135,0.9646702149392353
0.9780873173015868,1.29669216557877,0.7817735692092099
1.7838080973870467,2.1538979595625243,0.6216802231905519
0.6563050647419488,0.7841203592876792,0.8560329074735797
0.9836000735242403,1.2849232267802884,1.3909664751269488
0.7961343210968972,0.5492562580168977,0.40589780652152974
0.6073144811227437,0.5868909987437582,1.1476851431688369
1.0244347454737066,0.7139530255057233,0.6744395843195357
0.670463737611852,0.769492125054577,0.4343969163095665
0.6444596668591598,1.1474616872728565,0.39648691917314094
0.4993834789065922,0.5768283144855242,0.2502962918965745
0.9810442631229189,0.7451422863177408,0.612940716797426
0.5440548775675528,1.072293037250015,0.5215392755794949
0.9398842889248508,0.551947078675993,0.4783200353977124
0.8255570456984543,0.8862185147757596,0.4307930610420551
Jogging
Walking
