3
Jogging
5
0.0
431665.5798347869
36926.22399583204
9872.800894037957
19697.74950763467
431665.5798347869
0.0
5663.294999845942
1745.339907945161
2499.6446262779527
36926.22399583204
5663.294999845942
0.0
435.23747909861595
1151.921136069307
9872.800894037957
1745.339907945161
435.23747909861595
0.0
917.0458756362898
19697.74950763467
2499.6446262779527
1151.921136069307
917.0458756362898
0.0
11.94512712328516
38.920290607705475
0
17.959252849856586
-0.04300593384359655
11818
435.23747909861595
33.23366677460013
11.16986500537575
-0.04300593384359655
7932
11.443629752820618
2.760672349339887
-0.0062405697581799854
1600
22.449628788841334
8.87652997372214
-0.0039299535622246765
1284
9.82643427995612
4.977734604686758
-0.0035655583089882203
371
22.997226666586204
8.148506237506432
0.0014604684855688554
631
3
8.50591890027964,7.745806665256276,6.327692425140184
3.6559950922321773,4.8142858351666895,-0.2832635984938225
3.692757186081685,4.070838376197679,0.1684204288956128
0.06628750000000003,0.0849374999999999,-0.43311856812500005
-3.0068224299065425,18.221004672897156,-5.3723573520249195
14.368787061994626,-5.507574123989226,9.778051331536393
19.55543581616472,4.939746434231379,-1.1411736038034863
7.899432649700669,6.635718029485513,6.329972292726379
0.7010706311509652,3.722036753524926,1.1991401538851745
7.742158813832738,1.2824101687746265,6.126923556780661
2.6792304029015632,2.5351178962464633,3.8109978937563374
0.027506280794230547,5.993833783786957,6.4979141311454365
Walking
14
0.0
5166.531193179528
4146.270626901217
2862.1608847706398
22179.68077025302
434.7734202674959
6276.384152250114
493.95829413754245
29679.614966784095
1854.3606271605393
2931.7583684452984
22039.78856711753
1434.2062491021031
2872.180409163593
5166.531193179528
0.0
49222.55131472645
566343.6724579133
195127.1961279162
497.21056834288186
8154.884149880341
1401.0009769464475
44262.7177246426
8498.50789845061
3936.1147151981663
10294.826544575351
3802.650519409132
2633.2930386731296
4146.270626901217
49222.55131472645
0.0
34115.41242954136
148949.47795411508
255.67372447693782
4785.696923493958
1054.6802013899564
79951.37951973907
3512.846918756761
2210.2814795943555
6545.303910457042
1684.201099806654
1613.0844926345058
2862.1608847706398
566343.6724579133
34115.41242954136
0.0
90114.41629592663
273.88683232161884
4295.249059448824
975.095124427679
25665.035908035046
4124.05125844185
2029.7098516634358
5189.000379135429
1993.3993424396704
1533.4308302575644
22179.68077025302
195127.1961279162
148949.47795411508
90114.41629592663
0.0
1553.1252391548694
44014.2706489208
3224.933146984105
291229.6670862566
43731.35101724144
10511.276336462006
50681.36502985918
13668.182675399239
8562.316268303684
434.7734202674959
497.21056834288186
255.67372447693782
273.88683232161884
1553.1252391548694
0.0
1002.2515035324975
53.91548404881395
911.0197054627969
302.4820457784709
133.63138394590973
659.5895599703986
563.135974432049
1291.807555188911
6276.384152250114
8154.884149880341
4785.696923493958
4295.249059448824
44014.2706489208
1002.2515035324975
0.0
545.9195502961253
20106.92846571334
12954.90572917267
1477.7465558231988
13647.654198779093
11935.741190410656
4612.625269078325
493.95829413754245
1401.0009769464475
1054.6802013899564
975.095124427679
3224.933146984105
53.91548404881395
545.9195502961253
0.0
2650.2128760557584
286.4871624112251
182.5110454067669
524.4488536697094
234.24256765413827
510.26642888616965
29679.614966784095
44262.7177246426
79951.37951973907
25665.035908035046
291229.6670862566
911.0197054627969
20106.92846571334
2650.2128760557584
0.0
9647.101831777265
7903.512272431668
35280.29091904179
5143.429054146007
6226.760362503113
1854.3606271605393
8498.50789845061
3512.846918756761
4124.05125844185
43731.35101724144
302.4820457784709
12954.90572917267
286.4871624112251
9647.101831777265
0.0
764.7879160307136
4628.566474997769
7458.6902439240475
1311.3471479724155
2931.7583684452984
3936.1147151981663
2210.2814795943555
2029.7098516634358
10511.276336462006
133.63138394590973
1477.7465558231988
182.5110454067669
7903.512272431668
764.7879160307136
0.0
6193.849198476826
527.1450900977328
632.7824940090742
22039.78856711753
10294.826544575351
6545.303910457042
5189.000379135429
50681.36502985918
659.5895599703986
13647.654198779093
524.4488536697094
35280.29091904179
4628.566474997769
6193.849198476826
0.0
3029.786756689892
2924.6656263378222
1434.2062491021031
3802.650519409132
1684.201099806654
1993.3993424396704
13668.182675399239
563.135974432049
11935.741190410656
234.24256765413827
5143.429054146007
7458.6902439240475
527.1450900977328
3029.786756689892
0.0
1810.6281094147707
2872.180409163593
2633.2930386731296
1613.0844926345058
1533.4308302575644
8562.316268303684
1291.807555188911
4612.625269078325
510.26642888616965
6226.760362503113
1311.3471479724155
632.7824940090742
2924.6656263378222
1810.6281094147707
0.0
6.646902167757604
27.49356976941945
1
17.502677170348854
-0.04065017103001861
12399
53.91548404881395
13.9269440592699
3.767991031994624
-0.011228015263046037
502
7.200152519856048
2.281925393719262
-0.009448766576948348
1614
3.614670604605816
1.766033472545129
-0.007810615382695785
599
12.041406248209691
4.721147549149965
-0.006854961164700468
875
7.720200766487869
2.7873415568299134
-0.04065017103001861
3206
8.555700025911655
3.696527025692616
-0.007315606545652303
179
11.925139419468737
3.638201820608102
-0.01807799939632837
822
9.3176179703536
3.538474918315672
-0.002660726937595559
112
12.539073518950884
4.098075238042183
-0.02659946218382217
1564
4.704517750522866
2.213807951240478
-0.007327277244239788
515
8.10338564330095
3.109387001213151
-0.004257905307970017
351
14.646980045255797
3.713628796019904
-0.01581648248755599
913
15.630714079838736
5.251011660491758
-0.01356237773290711
602
15.084546904339474
5.023797535511018
-0.0038403413169182388
545
3
4.8767208007146365,4.354165816083672,3.809168685684711
3.0101766271473487,9.183840632309058,-0.268108532865553
2.297011952191236,15.718306772908376,1.4512724820717142
-0.8585563816604707,4.504938042131348,-3.1449416957868594
-0.5100834724540906,7.866360601001675,-0.2777960317195326
-1.6292114285714299,4.41873142857143,-1.7693376674285708
2.8051715533374884,7.802981908920769,-1.655471337180287
13.438156424581004,18.776871508379894,10.006846653631278
8.884781021897815,11.012055961070569,1.8962440596107064
-2.5583035714285702,8.32482142857143,7.416644250000002
1.0051662404092077,10.822282608695671,0.5493163043478264
8.661417475728154,6.072796116504847,-0.9727309145631067
-2.1213960113960124,16.30669515669517,-4.891645088319088
4.553263964950701,15.15371303395401,-2.4712204523548733
13.737392026578068,6.904186046511628,2.9143698289036553
5.791155963302754,14.678862385321096,10.504761944954126
3.7395291253976297,1.2000416333072692,1.730910153619747
2.2059455443877667,1.1221262099803022,0.6220902419556322
1.140006817900735,1.3646257564012467,0.6245953957904906
3.070360550218176,2.9338475085679745,2.6727909705680237
2.0679997990058485,2.062451950403388,0.7175242642393332
2.6612965620397007,0.5744633452906156,3.0366953855425733
1.5076492379953803,1.9783651469328947,3.095563274501508
1.4062510946656717,3.625429699823938,0.913563590868421
3.1343544017121956,1.3710487346598794,2.925656376285591
1.5686463874306331,1.2520196707784461,1.3092869978778094
2.4969615913027545,1.8398300902774847,1.332758811943902
3.541988252693662,1.9904987894288715,0.9158468375311043
1.8711327530412927,4.479210333297755,3.309680997324542
4.66368333267483,2.1395596778820423,2.3005279481239693
stairs
7
0.0
465.03991903699904
310.1077675081111
535.5932097787086
783.4767163757464
482.62122972215843
605.0572776561805
465.03991903699904
0.0
13140.476936198109
8658.212349449528
47138.805709740016
28533.176010489915
3147.2576831682372
310.1077675081111
13140.476936198109
0.0
2269.776798899806
22769.139977586234
21454.08377728574
2077.3355699239587
535.5932097787086
8658.212349449528
2269.776798899806
0.0
7309.843030174404
4571.573203701014
1937.4423135640661
783.4767163757464
47138.805709740016
22769.139977586234
7309.843030174404
0.0
66595.03686269114
9917.351111723361
482.62122972215843
28533.176010489915
21454.08377728574
4571.573203701014
66595.03686269114
0.0
3707.4633954282835
605.0572776561805
3147.2576831682372
2077.3355699239587
1937.4423135640661
9917.351111723361
3707.4633954282835
0.0
4.5360778249581495
21.898449854818097
2
10.300922714356341
-0.025210948153766233
3099
310.1077675081111
9.160746504036183
4.0083403526967
-0.006987491451404995
109
3.369576495247596
1.4591159603457005
-0.012882729235322188
507
5.9371200509692
2.137257866347012
-0.010716084915547014
614
6.183191110578141
2.9044460897356985
-0.010373971027550569
294
10.022467997629725
4.347255481844089
-0.025210948153766233
760
4.503670468298275
1.8740404420241665
-0.01462348163871921
549
16.769844057802768
6.435280491523475
0.021348932666697962
266
3
2.866737355319504,3.715046737052855,2.3145019608003152
2.3377089383672147,9.53077121652146,-0.004469815101645426
7.4988990825688076,18.41275229357798,0.7581160550458715
0.8005719921104542,10.046252465483258,-1.2341325325443786
0.7949185667752439,5.358745928338759,0.07630946091205235
2.0182312925170067,13.873979591836742,-2.2741348639455774
2.437210526315789,9.466513157894722,1.0373149513157895
3.3263752276867025,8.231165755919852,-0.9498022313296901
4.742067669172931,12.604285714285718,3.323467255639099
3.293504364500006,0.9762578510707244,2.791554387716243
1.1955957832484674,0.5490388289906821,0.8793133609162771
1.0965149791013795,1.879656234564821,0.8624305035354712
1.9039349232720593,2.297705669639119,0.8790406619714183
2.936465005357426,3.0181714180368133,2.1357987146446074
1.5765613780171264,1.0380969867318666,0.7490769203055738
4.83086826165249,3.2936349789651915,4.028573908442007
Jogging
Walking
stairs
