4
Walking
22
0.0
723.8914358175673
788.3734600392473
5390.491043263639
13891.40819283095
12603.607587063163
1570.7809347834202
10293.300326231518
1439.2086589836108
2305.1270143793536
480.5158313893269
2279.8976101557023
7415.539569060669
1366.3198163302427
5721.75638945563
2538.162611694865
2599.3345405372243
6096.379166762302
420.38790573669564
2553.8681723909885
8543.266576004873
5378.7717145251945
723.8914358175673
0.0
208.7273618349152
4565.48548227555
1244.7611980236652
3221.525573382122
385.80340055066455
14729.916494803047
110.65886291827837
750.4430320767867
134.88328488219364
108.64506024605454
916.7837993695508
1906.8606595456386
923.6922583941109
1292.2986584656437
461.2492916831887
688.906506935436
77.56429269932715
666.4170463799693
2415.952088771339
1104.1180214825006
788.3734600392473
208.7273618349152
0.0
981.3906503083851
2723.209413420637
2350.5366697403397
579.9949613391279
1909.5513528452982
265.98748761537763
2447.138115841007
83.5051946708976
217.70477271927388
2572.1682995076685
389.41147331526986
443.1502658030173
348.27650874336433
307.55535462619514
657.8282937614493
1041.7555890910455
446.49792702406575
1356.100105643676
1471.177892005674
5390.491043263639
4565.48548227555
981.3906503083851
0.0
5654.073041726808
12677.036034360324
4054.576359992708
118619.11303152102
806.5819652649565
2570.5674273040618
1801.3508315946576
683.711105422967
4946.218196692939
42084.95679782099
16871.193661310517
125014.09352867158
1634.8457844461304
9489.788558735889
352.54537854833205
16479.90447294437
15969.123357955488
10228.77811310664
13891.40819283095
1244.7611980236652
2723.209413420637
5654.073041726808
0.0
38140.611745217764
1843.4808301199648
13108.36617882672
1522.0615512908073
14984.803945612983
436.9428823957482
2491.4464055758376
30012.003769905383
1778.4462066568938
3628.921947758579
2248.9998599457235
8543.642716879971
3881.9058928959175
2149.882231216367
2228.0123049774093
12163.524601141326
7160.038217335738
12603.607587063163
3221.525573382122
2350.5366697403397
12677.036034360324
38140.611745217764
0.0
2332.7270349616942
44397.25974448174
1090.9187214926542
16232.55923612417
594.5498634280684
1290.5688509605093
36451.942031187886
3875.123133809751
8379.209325268079
4781.780679576504
10252.149621135763
5000.69609366488
1033.076649790672
3813.246237692056
74511.39270323794
15895.505287681726
1570.7809347834202
385.80340055066455
579.9949613391279
4054.576359992708
1843.4808301199648
2332.7270349616942
0.0
4480.513515000452
737.785601418483
805.4323579984116
770.327842635426
361.36509101968784
1662.259713239827
1522.2213276729892
1494.492490777143
1507.2887283209247
340.5508717122729
6208.434665012522
184.41538804190557
4285.5001168614535
2155.3583173445018
3053.550205099383
10293.300326231518
14729.916494803047
1909.5513528452982
118619.11303152102
13108.36617882672
44397.25974448174
4480.513515000452
0.0
1214.8256058307832
6461.443124098415
1507.1317783680731
1158.9394754011912
12009.135930832477
26319.138489859753
26968.032949350167
32678.75135715861
4316.197446846939
9923.05811534727
698.1805497567364
11871.899729802351
65676.21075936974
20995.45430286534
1439.2086589836108
110.65886291827837
265.98748761537763
806.5819652649565
1522.0615512908073
1090.9187214926542
737.785601418483
1214.8256058307832
0.0
405.41253218158863
137.54534404626534
1188.744267802398
919.7035379715483
251.08247299021397
467.7267007656084
339.5739421463349
213.353281933914
1601.0963409744459
142.04844680011624
511.77401950887815
762.0101844639415
801.8166403485039
2305.1270143793536
750.4430320767867
2447.138115841007
2570.5674273040618
14984.803945612983
16232.55923612417
805.4323579984116
6461.443124098415
405.41253218158863
0.0
167.3811037162537
454.2157797480943
10342.743701640391
951.7261795210052
1242.7966945645192
917.7171308934209
1746.216631718541
1276.8265409158682
1116.563839144557
907.3350850996425
5336.962377161361
3329.8216940636203
480.5158313893269
134.88328488219364
83.5051946708976
1801.3508315946576
436.9428823957482
594.5498634280684
770.327842635426
1507.1317783680731
137.54534404626534
167.3811037162537
0.0
93.46230945959223
314.252409595535
487.6244383072218
529.6287909306801
815.258078166791
107.58843115583065
2282.842441377887
32.94349594165561
1107.86602468393
533.1795382261276
479.2811824013458
2279.8976101557023
108.64506024605454
217.70477271927388
683.711105422967
2491.4464055758376
1290.5688509605093
361.36509101968784
1158.9394754011912
1188.744267802398
454.2157797480943
93.46230945959223
0.0
987.2256575806068
204.11486730495128
430.3494232067983
293.14293593253666
325.44981416914453
940.6394403331797
149.60554744889166
349.46472523118837
767.3128457177746
639.0415056615511
7415.539569060669
916.7837993695508
2572.1682995076685
4946.218196692939
30012.003769905383
36451.942031187886
1662.259713239827
12009.135930832477
919.7035379715483
10342.743701640391
314.252409595535
987.2256575806068
0.0
1618.864008270599
3434.410947094332
1884.9664519047287
2332.8067340888824
3146.378219569313
1080.647703047772
2154.0432977876803
17306.27891525972
13835.50774875516
1366.3198163302427
1906.8606595456386
389.41147331526986
42084.95679782099
1778.4462066568938
3875.123133809751
1522.2213276729892
26319.138489859753
251.08247299021397
951.7261795210052
487.6244383072218
204.11486730495128
1618.864008270599
0.0
2746.299184004951
6353.304867927219
478.00505394975426
2344.745115757019
127.86617239969004
3884.067975336985
4417.172325634249
3338.776274958453
5721.75638945563
923.6922583941109
443.1502658030173
16871.193661310517
3628.921947758579
8379.209325268079
1494.492490777143
26968.032949350167
467.7267007656084
1242.7966945645192
529.6287909306801
430.3494232067983
3434.410947094332
2746.299184004951
0.0
10274.293220623593
963.1914880284387
6099.799987975321
174.90567555880497
6210.633420375363
13835.123057176703
7440.988927745668
2538.162611694865
1292.2986584656437
348.27650874336433
125014.09352867158
2248.9998599457235
4781.780679576504
1507.2887283209247
32678.75135715861
339.5739421463349
917.7171308934209
815.258078166791
293.14293593253666
1884.9664519047287
6353.304867927219
10274.293220623593
0.0
663.0047083520814
4714.288086603065
131.62072010474094
7110.856172220387
5949.862959699276
3702.7355696879335
2599.3345405372243
461.2492916831887
307.55535462619514
1634.8457844461304
8543.642716879971
10252.149621135763
340.5508717122729
4316.197446846939
213.353281933914
1746.216631718541
107.58843115583065
325.44981416914453
2332.8067340888824
478.00505394975426
963.1914880284387
663.0047083520814
0.0
801.7850780075288
178.93604292283015
493.94913320472284
2938.3020384619576
1188.9514714377715
6096.379166762302
688.906506935436
657.8282937614493
9489.788558735889
3881.9058928959175
5000.69609366488
6208.434665012522
9923.05811534727
1601.0963409744459
1276.8265409158682
2282.842441377887
940.6394403331797
3146.378219569313
2344.745115757019
6099.799987975321
4714.288086603065
801.7850780075288
0.0
263.65374325282824
12786.590865644812
4934.885834869589
5473.835323459125
420.38790573669564
77.56429269932715
1041.7555890910455
352.54537854833205
2149.882231216367
1033.076649790672
184.41538804190557
698.1805497567364
142.04844680011624
1116.563839144557
32.94349594165561
149.60554744889166
1080.647703047772
127.86617239969004
174.90567555880497
131.62072010474094
178.93604292283015
263.65374325282824
0.0
155.21048009482294
504.5638116076148
448.8498591268398
2553.8681723909885
666.4170463799693
446.49792702406575
16479.90447294437
2228.0123049774093
3813.246237692056
4285.5001168614535
11871.899729802351
511.77401950887815
907.3350850996425
1107.86602468393
349.46472523118837
2154.0432977876803
3884.067975336985
6210.633420375363
7110.856172220387
493.94913320472284
12786.590865644812
155.21048009482294
0.0
4708.682326209723
5914.3144635924855
8543.266576004873
2415.952088771339
1356.100105643676
15969.123357955488
12163.524601141326
74511.39270323794
2155.3583173445018
65676.21075936974
762.0101844639415
5336.962377161361
533.1795382261276
767.3128457177746
17306.27891525972
4417.172325634249
13835.123057176703
5949.862959699276
2938.3020384619576
4934.885834869589
504.5638116076148
4708.682326209723
0.0
27160.213127729025
5378.7717145251945
1104.1180214825006
1471.177892005674
10228.77811310664
7160.038217335738
15895.505287681726
3053.550205099383
20995.45430286534
801.8166403485039
3329.8216940636203
479.2811824013458
639.0415056615511
13835.50774875516
3338.776274958453
7440.988927745668
3702.7355696879335
1188.9514714377715
5473.835323459125
448.8498591268398
5914.3144635924855
27160.213127729025
0.0
7.588310707074792
24.936260016270378
0
14.045055059081854
-0.03829465144010555
12475
32.94349594165561
5.671000691194342
2.603251773519547
-0.014631121669029107
575
4.073871116044151
1.7801694845756377
-0.0027963479045625683
239
9.111335847574972
3.6153861566748353
-0.014252170546582232
292
3.7167973843617697
1.579291010259001
-0.005054140673774021
1146
14.028331780689976
4.9944144728316875
-0.03829465144010555
1019
4.753633835989412
2.2334915720805406
-0.02968095543385038
1059
11.060543410860742
5.590237632281572
-0.008831642413846347
674
4.885632553411273
2.005907384692654
-0.021828234271267705
1649
8.325293542144484
3.0864968396855885
-0.008529191148736709
244
5.68563730401885
2.4354871906900426
-0.01975842641165554
490
4.367523159813911
2.0715698545174805
0.0017504642822449012
190
5.548752601822878
2.0208935405347943
-0.006979354334549409
189
8.218089225819897
2.6405674069502516
-0.020120632514445985
598
8.080571997773154
3.072986130496884
-0.002008094211889855
450
3.748607652065226
1.8750392721764662
-0.0053736442139244445
372
6.362260082349876
2.948133243509557
-0.002214314325709288
417
2.389350691003044
1.2231104127861139
-0.006713423379552941
226
10.259611761730335
4.06890075610835
-0.0086945795205082
779
11.266581912881536
2.7398331341886952
0.02299494836166277
123
4.263162408891145
1.5410751022241722
-0.003837820547356985
458
2.6298979065798354
1.2463279387811999
-0.015653086707057978
697
13.667329829258424
4.927660755829231
-0.014001135197984182
589
3
5.214274664107099,5.501887702376926,3.6065871386597936
4.304207615230461,8.297757114228457,-0.3535973539879768
6.422226086956523,13.029373913043498,-3.159446961739129
-3.5982008368200837,3.5733472803347266,-3.2883166903765684
1.0959246575342463,14.870102739726029,10.302067167808222
4.019301919720772,2.241753926701569,-2.849208006108207
1.635260058881254,16.136800785083405,-0.05980123258096192
0.34690273843248365,10.992077431539187,-0.46623006610009393
14.64382789317506,3.1870771513353153,5.910220540059341
1.2367252880533648,5.016476652516675,-2.149594878107945
14.324139344262289,17.272049180327848,0.9689426352459019
-2.332163265306122,13.965653061224499,3.5272253448979587
14.180578947368428,0.5976842105263162,-6.712035700000005
9.517037037037033,19.166613756613764,-2.509026656084657
2.723879598662209,12.623929765886286,2.5437707826086977
2.4735333333333327,0.10868888888888806,-0.5439059155555553
5.554193548387102,7.014677419354841,-2.485969836021506
5.160167865707431,3.4216067146282962,-3.9117508513189474
-0.5127433628318586,13.90318584070797,-4.225381446902656
12.439037227214364,7.006765083440309,-2.159393432605906
1.1861788617886182,19.549105691056916,6.755913975609754
8.862117903930129,3.599257641921394,-0.289268938864629
2.2640172166427557,8.521463414634148,-0.10997894978479199
4.806230899830223,8.034753820033966,2.7909688624787767
1.4813736389592274,2.385899334675797,0.6792309024708831
0.9941617945690818,0.8927747374510644,1.3807188678645077
2.316461968020805,2.8318413477738265,1.4418277518291842
1.2912085809792901,0.7147842222469671,0.819868938247934
4.5673138927144,1.8486047865184123,2.559364877148686
1.391982864773936,1.425378280189511,1.322546688712008
2.895846932456867,3.711402722206438,3.522028721838623
1.451250322277269,1.108964254085435,1.1418485874711042
2.5788587446674773,1.2688616060666595,1.793196885671457
0.9917282707803505,2.1847072314518647,1.1756585354466764
1.1056034199954616,1.2390536178888065,1.4965178554360659
2.0567436314821403,0.3278884151478708,0.9193780259987292
1.1539665765745046,0.7390866120992704,2.5910749914763986
2.6810878862688448,1.6860015339500904,0.8623089942422235
1.4547478343786386,1.2575992844905801,0.4984144249395441
0.8011366448219076,2.1293413930207854,2.1191616330309713
0.8795359865420058,0.604532900289022,0.7853836308957389
2.682835227131821,3.470427814172306,1.145223818172321
2.9360979794270174,0.030218009234811757,1.7921601830190603
1.5014554905181405,0.825018728781848,0.403429124785484
0.5100824699398447,0.9042734647322027,0.8420027314086633
3.986177484732947,2.368778600173316,3.0742175820820044
Sitting
3
0.0
8.26810759668192E7
1.2057211151376061E9
8.26810759668192E7
0.0
6.064168718618796E8
1.2057211151376061E9
6.064168718618796E8
0.0
0.1512519121265573
1.6717379338599105
1
0.02483499779165207
-67.83498722088365
2099
8.26810759668192E7
1.6469029360682585
0.5125992128476227
10309.342420471437
160
0.19288017784540837
0.08323462543709435
-67.83498722088365
1026
0.36861118956477473
0.1617542117156747
-64.15988074905667
913
3
0.15658215623661725,0.08418408088528505,0.10539124353196148
3.2108718437351462,9.299166269652211,1.1405857737017608
3.194562499999999,9.301437500000004,1.1591767375000002
3.224580896686203,9.290701754385971,1.1280463664717308
3.198324205914598,9.30828039430447,1.1514191555312159
0.45381797098195825,0.24075052165912267,0.24099302706226708
0.06929801169279556,0.009980211538632034,0.06136323271967329
0.12117451545626996,0.07695122785753064,0.10411195972252761
Standing
6
0.0
13672.319476045464
136466.93756108775
1471099.14044072
368790.6233331317
87803.9768134144
13672.319476045464
0.0
22277.55445320031
27648.417395709283
69270.86033878612
3027.5678769196074
136466.93756108775
22277.55445320031
0.0
233302.2147868024
4643191.748660172
14745.961270943682
1471099.14044072
27648.417395709283
233302.2147868024
0.0
752673.101303684
203050.0824708002
368790.6233331317
69270.86033878612
4643191.748660172
752673.101303684
0.0
43719.42424198867
87803.9768134144
3027.5678769196074
14745.961270943682
203050.0824708002
43719.42424198867
0.0
0.556118499256767
7.405912420031756
2
0.8323249419198415
-0.43074564116986636
1630
3027.5678769196074
1.2426385887092029
0.49456263707199577
-0.2422244509171152
271
1.1160214619252824
0.3995774241534496
-0.054277258393471195
69
1.8887218784587796
0.6775372360838708
-0.18791926980686502
281
0.476517222039305
0.2303600322703037
-0.3170256767547085
361
0.7215156031252377
0.30570789650115227
-0.43074564116986636
602
6.82633830521456
1.96675528450549
44.12433064243023
46
3
0.5488445504585056,0.19805917194477543,0.3792705103045094
0.608184049079754,9.926067484662582,-1.2491279122699381
0.20420664206642064,10.113690036900364,-1.1984398191881909
1.2272463768115947,9.847246376811594,-0.6983885217391304
0.8032028469750888,9.813416370106742,-1.5286779395017787
0.35806094182825504,9.956565096952907,-1.0637454099722996
0.8066777408637856,9.87488372093026,-1.3480070880398662
0.23347826086956527,10.057608695652174,-0.8269921086956521
0.32076993271423904,0.12739425481464225,0.4208362186315454
0.4081481999368345,0.13277451095283369,0.14691643513261765
0.6582398538030957,0.2579903118666455,0.21235850664383885
0.17374824267120667,0.06847020276846097,0.16246754018440435
0.17929217216009127,0.1297267181336128,0.2450071929606299
1.920477044198833,0.5085717901146878,1.123084378211029
Stairs
9
0.0
138.5618732952911
337.96031003895513
11.476966718173275
166.59587035651407
175.16747749371262
37.977442129780734
13.776538341169871
23.192109453076107
138.5618732952911
0.0
82276.20709193202
565.0285468711124
12595.175763270026
6448.888463947939
6069.648327557023
1675.9411727887186
324.83867514009125
337.96031003895513
82276.20709193202
0.0
956.9826463095229
82063.11359792527
21295.918999869904
12555.688648701309
2964.491536880434
783.2940278226798
11.476966718173275
565.0285468711124
956.9826463095229
0.0
266.3935067527675
160.86762579061153
174.3658012040075
67.16669815493931
16.20265387664878
166.59587035651407
12595.175763270026
82063.11359792527
266.3935067527675
0.0
12003.877679585401
1881.4600271725103
533.7313875562053
289.22845058299487
175.16747749371262
6448.888463947939
21295.918999869904
160.86762579061153
12003.877679585401
0.0
1456.9535943397416
456.50191453072614
629.8878499696366
37.977442129780734
6069.648327557023
12555.688648701309
174.3658012040075
1881.4600271725103
1456.9535943397416
0.0
8212.735638372225
126.13363834325305
13.776538341169871
1675.9411727887186
2964.491536880434
67.16669815493931
533.7313875562053
456.50191453072614
8212.735638372225
0.0
48.24393318478648
23.192109453076107
324.83867514009125
783.2940278226798
16.20265387664878
289.22845058299487
629.8878499696366
126.13363834325305
48.24393318478648
0.0
9.361447985201004
47.994134105923706
3
24.38791279103628
-0.007350338390676132
6715
11.476966718173275
24.822623222804527
11.777513133879106
0.01203037071944792
71
22.897006031098307
7.93332768905837
-0.0032595242891280754
1299
10.055995431897223
4.586952156750758
-0.007350338390676132
2500
17.752513235470055
6.409028979874656
-4.70887910770941E-4
164
2.3955348787546327
1.130146853696986
-0.002901037941758191
770
27.03761722834309
9.633353796374907
-0.0032435949618768722
814
15.575596681182919
6.065720098644295
-5.49504689542582E-4
614
21.63443332487234
7.279944494041705
-2.2168335573814757E-5
286
16.1969802809852
5.97197166028951
-9.761746666608513E-4
197
3
7.0091556973854185,7.54965989522598,4.359484963372365
-1.671745346239761,4.679493670886074,0.8251942927773634
5.979295774647887,-16.839859154929577,-3.086063859154931
0.6989530408006159,7.061555042340254,5.066014466512702
-0.9238359999999999,4.870659999999998,-0.5941304852000013
18.334024390243897,12.445792682926827,-1.0208616524390242
0.3400389610389611,0.1951818181818183,-0.603009997402598
-5.520270270270265,-3.5194226044226053,1.4152277678132668
-5.564576547231265,14.905765472312696,-0.4695248957654725
-7.191363636363638,18.996363636363647,0.9455664650349654
-18.02223350253808,-13.415583756345177,0.8246878883248733
10.596229831399425,2.4294658395609536,7.1791625062651425
6.373742407522763,3.6691949905806,4.893710695796604
2.290459544954859,3.848652020298702,2.1929293364872824
1.3139229508894767,5.229492812244839,4.755304988440571
0.6479449345986125,0.6664802102615587,0.8109604110787881
8.82234610660754,3.4797267407354733,4.985822964903912
4.940681184897802,1.9511521631668474,4.133000350583593
6.593120701921942,0.48738909915105383,5.163786895572812
1.6928719367329679,3.886062391095885,5.291140682402972
Walking
Sitting
Standing
Stairs
