3
Walking
5
0.0
116154.07336237335
221082.3079562582
42235.61504655756
390127.7548861067
116154.07336237335
0.0
13735.95864330876
4247.221392408331
31360.56393342508
221082.3079562582
13735.95864330876
0.0
27552.847456288004
368400.2478842624
42235.61504655756
4247.221392408331
27552.847456288004
0.0
44028.523374569246
390127.7548861067
31360.56393342508
368400.2478842624
44028.523374569246
0.0
6.286920483910658
25.18112719388529
0
9.699376652526212
-0.059769877906361984
13047
4247.221392408331
9.141036269107715
3.0241328668560334
-0.059769877906361984
4752
5.379208864769878
2.005487363243203
-0.004641595166582191
1305
7.202113663668635
2.0263808381551556
-0.04993750237534916
2003
8.413223667484804
3.2163360721816225
-0.018094989479667423
784
20.851484753884044
6.940568009127102
0.3262244378748707
4203
3
2.561546825237245,4.802961581601146,4.582757187905908
-1.0320863033647585,10.073568636468142,0.6132183912010386
0.1436931818181819,7.777809343434299,-0.6865836361532004
-1.7600766283524911,1.197547892720305,-3.2292018475095774
1.3088966550174765,13.244083874188714,2.750732306040935
-0.08623724489795907,16.614859693877577,-3.8587800573979614
-3.427473233404713,12.694016178919835,3.0913587808707983
1.803357581150606,2.0717687469776584,1.8922202403108324
1.2839772350535832,1.2748091259918926,1.2177048907729056
1.7622996143882244,0.9530757281615845,1.1548227499908579
1.687502405228862,1.1180546555188382,2.785548847670191
1.981483103466611,3.9403622959138844,6.329821161774412
Jogging
5
0.0
346076.4145838986
8639.33784777012
87255.55677682851
14066.557345097439
346076.4145838986
0.0
401.86701866270135
3961.560331637828
635.0082320154747
8639.33784777012
401.86701866270135
0.0
33268.11213077597
6909.556520992484
87255.55677682851
3961.560331637828
33268.11213077597
0.0
21516.70107074537
14066.557345097439
635.0082320154747
6909.556520992484
21516.70107074537
0.0
12.118640361973915
35.32388629705581
1
17.94581613336156
-0.04028955107074361
12329
401.86701866270135
23.614196580791894
7.817855577582072
-0.04028955107074361
4008
19.653636479214054
11.63056485356022
-0.0029498019872515324
199
15.02335098924882
5.009902876497137
0.009999678624873456
1864
17.443245512043035
6.17360394673071
-0.03323268786985962
5104
11.702294683056875
5.369711895518588
-0.007588230346609964
1154
3
5.123462614270353,8.983724440002286,8.108879698495105
0.05054018979641264,6.953894070889766,0.7402922623083885
0.9752744510978051,17.027345309381214,6.638366519461086
0.22105527638190967,17.30402010050255,7.926494889447233
-1.9870278969957118,-5.54643776824034,-11.97357170171673
1.6380505485893389,2.2803761755485916,2.572046855211613
-6.920771230502609,11.044176776429811,-8.549282225303289
4.892637896855211,2.8883709831651396,6.176420220753953
10.65115801509797,4.237345261868627,2.565050418251915
2.725011873843282,4.332782173965388,2.4919366496165183
4.456102727641519,3.247378661508592,3.648993300598907
2.936843922209881,4.070886381436127,2.8276978562890105
stairs
5
0.0
205682.68361303283
8855.859375236943
27491.61102073862
32220.23524627429
205682.68361303283
0.0
110836.17770835312
480256.1276982793
343101.8925873503
8855.859375236943
110836.17770835312
0.0
33922.611980758586
9852.702981577217
27491.61102073862
480256.1276982793
33922.611980758586
0.0
114567.76861317518
32220.23524627429
343101.8925873503
9852.702981577217
114567.76861317518
0.0
3.7643985585071937
20.31765097389274
2
5.206144694998571
-0.16683868478801042
8879
8855.859375236943
7.57729760949466
2.3371173614065195
-0.053131967159093574
1176
5.102066674145435
1.9751080438540827
-0.16683868478801042
4153
17.082227763486912
8.100932566796711
0.685532591680599
248
5.369159049980234
2.4389985642508125
-0.07268239111723279
1525
10.119692881190035
3.8667054433922172
-0.03857199049371379
1777
3
1.942071204763402,3.16127903574768,2.300130524455126
-0.643082554341705,9.489248789278088,1.935394844577093
-0.9335119047619052,4.366377551020405,2.8161806607142847
-0.005644112689621691,8.9661786660246,1.5024624784493155
-1.7464516129032261,8.598991935483868,-0.9728662862903225
-1.4160524590163932,11.835186885245882,-0.2200155140983606
-1.1232864378165444,12.212960045019699,4.619926951603829
0.8096082561145198,1.438670002931156,1.9676035518369601
1.3624385848171165,1.1718178999372946,1.1342978310504415
5.508419715565561,5.281688574912753,4.167462620684466
1.800315887235945,1.3973642398193846,1.321334265626827
2.2715047904560604,3.0896247321401367,1.9055397460422885
Walking
Jogging
stairs
