4
Walking
5
0.0
9725.898792014834
22932.160740147694
94139.8390889261
3240.408793825525
9725.898792014834
0.0
159488.18747619487
45715.881484976824
13703.713396001713
22932.160740147694
159488.18747619487
0.0
133228.47006631212
20148.454006245534
94139.8390889261
45715.881484976824
133228.47006631212
0.0
10057.945215052992
3240.408793825525
13703.713396001713
20148.454006245534
10057.945215052992
0.0
4.810906158591789
13.912187184159405
0
7.577868370796145
-0.22417269342475532
6200
3240.408793825525
2.6400927937449103
1.1312600468913987
-0.09100084675761333
536
9.71428174466629
3.36016145472426
-0.11039853277068568
1774
3.926962834706067
1.9316975398285967
-0.22417269342475532
1862
9.931997262286426
3.5185630792521847
-0.0759877051634148
1319
5.811554015146753
3.21215958651008
-0.0629555348441293
709
3
2.242577332969066,3.536444280534541,3.3048457130456894
-0.9941048387096767,9.861519354838702,0.5232432343548391
0.1798880597014926,3.841996268656722,0.5981519048507468
-0.21468432919954877,13.522147688838759,-1.37799687373168
-2.5192212674543484,9.825424274973138,-0.06098434586466178
0.20222137983320704,6.504586808188025,-0.049958480667171665
-2.05212976022567,11.592849083215796,7.824419145275039
0.5848680549077342,0.7860051175697264,0.7060572587016583
2.542419072370098,1.9432933996335946,1.8863186006580799
1.2300788673067424,1.5526498496184726,0.5820601394522235
2.310065162643223,1.3419798720898588,2.941594973814296
1.098372758949247,2.2094437283564994,2.3215365128491174
Sitting
5
0.0
1.775079016771221E7
192368.8680162839
904458.3465934665
2.5422417344621543E7
1.775079016771221E7
0.0
59617.739338964704
286214.84768797405
9261111.035380732
192368.8680162839
59617.739338964704
0.0
3703956.688167977
242617.7206885655
904458.3465934665
286214.84768797405
3703956.688167977
0.0
1258383.3869697659
2.5422417344621543E7
9261111.035380732
242617.7206885655
1258383.3869697659
0.0
0.3645763045282246
1.8703880455627437
1
0.6074815664236992
-54.7218072428477
2500
59617.739338964704
0.16476478689713442
0.06320462049166577
-11.025713665676832
662
0.3169411232135691
0.11557031781402842
-4.42987189418389
189
1.2629064791390445
0.17128655945687088
2332.948128455465
270
0.2085441934064752
0.07555723833163794
-54.7218072428477
742
0.2013894277551876
0.06272425385216648
-18.261569437531364
637
3
0.3247515897143581,0.04899378258386889,0.206833331273542
-4.586196000000004,-2.2518679999999964,8.107169127199978
-4.273776435045299,-2.2467069486404876,8.281151373111761
-4.337830687830691,-2.199365079365085,8.307691677248675
-5.091555555555555,-2.2199629629629665,7.771568707407402
-4.910390835579556,-2.264743935309966,7.910356726415064
-4.3927315541601075,-2.271334379905795,8.238365211930896
0.03792577575562055,0.024046763190535343,0.051534808860448665
0.08485941383880928,0.05126712529234134,0.08400518377030247
0.19163109954981372,0.09902685658829583,0.116551463695216
0.06069532613541209,0.030313284316625964,0.046684709467348984
0.04991261382321087,0.03136230203837717,0.035522518580300186
Standing
5
0.0
106700.89153194014
710437.1440412031
2255257.772279075
418069.08028213127
106700.89153194014
0.0
164420.0694043297
297782.1615945755
781983.2111004014
710437.1440412031
164420.0694043297
0.0
2.807411497415269E7
371842.3465039655
2255257.772279075
297782.1615945755
2.807411497415269E7
0.0
754656.963336315
418069.08028213127
781983.2111004014
371842.3465039655
754656.963336315
0.0
0.3839236633299945
1.8538499137178113
2
0.5694719814036067
-46.18685866842568
1925
106700.89153194014
0.17328306467912977
0.08892915640863505
-11.4232299931722
218
0.793954629909668
0.2622172275081104
-5.25362981235989
278
1.6031793322791434
0.47420547241732464
119.89587202841264
355
0.36556467332216797
0.13509211202514293
-46.18685866842568
694
0.24307248438845583
0.11571015306744492
-7.120163786668854
380
3
0.34574993909618806,0.09711457404292326,0.2398243434838318
-0.9934961038961032,9.439683116883147,2.55772464675325
-1.0195871559633023,9.364403669724775,2.7770515321100944
-1.3403956834532365,9.524244604316536,2.1140937482014395
-0.7472676056338037,9.435070422535228,2.6044792197183115
-0.7854899135446686,9.432968299711892,2.68997972190202
-1.334657894736839,9.437578947368419,2.471233155263163
0.07009745829313445,0.044378580638657426,0.049974451677128696
0.20851422546092355,0.09406563817393787,0.16729377395872605
0.45845617124572535,0.1597691947508878,0.2119851873850264
0.12104870896216066,0.052412027599026904,0.06917140316788531
0.08823474815425393,0.05297414691951714,0.07592660921880111
Stairs
5
0.0
52396.86338782407
71106.01553704534
268278.1313312083
67889.54882506785
52396.86338782407
0.0
757882.5910474228
1076657.5187061657
37386.62413805373
71106.01553704534
757882.5910474228
0.0
986995.0114918681
33718.929767011585
268278.1313312083
1076657.5187061657
986995.0114918681
0.0
188518.59686338966
67889.54882506785
37386.62413805373
33718.929767011585
188518.59686338966
0.0
3.243275086314306
16.113456842089438
3
4.051332219669209
-0.2916080089110084
9598
33718.929767011585
4.9085125247095425
1.823927868625095
-0.06164620631271933
1111
5.128533738815367
2.357604833158415
-0.17390943216575472
1799
13.868208858029826
4.927814927911346
3.0798839205309902
1848
3.5110865636190454
1.6140494189913397
-0.2916080089110084
4139
4.862213617274271
1.6086621149730356
-0.014853458846832424
701
3
1.5271174254190294,2.6409444641996336,2.1328073234674263
-1.3064273807043134,9.325279224838516,2.1252965167743274
-1.6472547254725514,6.277173717371739,4.627350742574243
-0.43056698165647533,11.295692051139527,1.239232112840469
-1.6201352813852778,11.38557359307359,2.9607083787878725
-1.6969533703793191,9.007499395989385,1.5155377023435657
0.11883024251069912,5.544308131241092,1.8317133922967195
0.8579285375816648,0.9067232985124564,1.5492044868962649
0.9886642322984087,1.525432689650323,1.7473569783109908
2.4112664928867367,3.3800800098166524,3.3063956260917946
1.077574999100046,0.9645500480798963,0.9441848155475784
0.85907145952464,1.3608794370047193,0.7213115943540763
Walking
Sitting
Standing
Stairs
