5
Walking
20
0.0
1349.186137136442
1457.272751215805
23545.622583938024
2655.667257740214
3011.035858356467
3550.5341935967854
1389.7153646532101
1892.5547841772393
144.48786912406354
2367.6052500794594
1449.19966852834
2709.7242914702074
877.9380045566255
3815.074899460397
944.6543247399848
1874.3144113065894
346.80663838050833
4220.4809310977835
2232.195742115327
1349.186137136442
0.0
1990.9607069962838
12883.893271281233
525.4963845913232
3203.8125609447884
1038.9815283151045
5844.813712440867
3271.4440544757576
117.38100486293719
1585.5740690840378
18846.719086268313
1718.1246195414285
544.9351321106892
7831.123805746332
3178.611860787254
5137.81119955557
9512.000640726601
6868.499819519455
2164.127809065848
1457.272751215805
1990.9607069962838
0.0
10193.48988626221
478.6842744044183
11886.749166357122
3013.2666395723663
1348.876313530286
19115.40269016158
2310.1544610448523
4333.241212503134
2213.542819118157
1877.8132531073456
233.50885261776835
12211.321502855617
2312.734800471953
15793.027356245135
791.4189434987293
37781.530047967746
33894.22689160312
23545.622583938024
12883.893271281233
10193.48988626221
0.0
3820.470323870363
35204.31821454628
20204.349067035717
13005.997469266145
19861.427315596993
811.2645063617208
34584.97096311439
21638.541817055804
24250.015515021292
3157.342380024407
54965.738400000344
9399.221377636779
20674.655265162808
2960.3200420838803
47195.12432151771
16427.53825511361
2655.667257740214
525.4963845913232
478.6842744044183
3820.470323870363
0.0
694.5804118469327
577.6696005193425
411.9197381889287
574.543048501526
45.34522377217756
484.9567572152559
462.7847079321273
478.0334560555114
548.8281951284174
965.6860816361641
370.70096733035524
582.7882664958865
143.2946905785236
1149.7546680924008
601.2030790019807
3011.035858356467
3203.8125609447884
11886.749166357122
35204.31821454628
694.5804118469327
0.0
9179.80558957577
3122.06392874261
19906.3595726894
757.4420372039021
24422.185057007246
4729.445213615384
7870.646796264683
395.480990697364
90382.03386591014
2718.5853031446004
20888.02628766813
992.3752672367433
150766.71937504195
39608.89768252874
3550.5341935967854
1038.9815283151045
3013.2666395723663
20204.349067035717
577.6696005193425
9179.80558957577
0.0
987.4392609683314
3900.6348984470046
377.0539416748101
11192.482779918631
1320.9854587908007
2895.1422505034348
248.35881853228656
6645.2052746634945
1008.6911934253046
3152.938707428845
304.9923726754074
9767.206671551598
6918.992724770277
1389.7153646532101
5844.813712440867
1348.876313530286
13005.997469266145
411.9197381889287
3122.06392874261
987.4392609683314
0.0
1903.3525295310242
87.60581354525353
1337.8613380878905
5045.490685201382
3448.897825711599
389.0977561986131
7763.332417875966
1018.1789994120503
2832.8442219434774
1015.2381375774454
5159.444186759337
1843.7454849758283
1892.5547841772393
3271.4440544757576
19115.40269016158
19861.427315596993
574.543048501526
19906.3595726894
3900.6348984470046
1903.3525295310242
0.0
762.8489530238396
10201.27239704454
4727.338925701718
2440.907290918043
333.5946327253205
25476.70498867144
6103.479817077725
74922.3810115759
1222.1539355989428
112353.68401538813
16665.735737964817
144.48786912406354
117.38100486293719
2310.1544610448523
811.2645063617208
45.34522377217756
757.4420372039021
377.0539416748101
87.60581354525353
762.8489530238396
0.0
373.84205472379995
129.13856992752085
147.21923988210432
18.916352193070093
642.6563034758178
135.29816807059436
555.9080780404383
42.43982979483985
1529.841824939924
2388.6284593913992
2367.6052500794594
1585.5740690840378
4333.241212503134
34584.97096311439
484.9567572152559
24422.185057007246
11192.482779918631
1337.8613380878905
10201.27239704454
373.84205472379995
0.0
2435.9576722513993
3087.5131699532158
269.59354489933895
15815.852845291947
1844.6988226877875
7223.60016492136
466.40178457669384
26238.25987314138
9326.774940984493
1449.19966852834
18846.719086268313
2213.542819118157
21638.541817055804
462.7847079321273
4729.445213615384
1320.9854587908007
5045.490685201382
4727.338925701718
129.13856992752085
2435.9576722513993
0.0
2163.3096167334834
457.93888864589144
13816.475058821781
4003.6937450089017
7732.871822364319
2853.805327864953
10235.113918477393
2626.9041229113454
2709.7242914702074
1718.1246195414285
1877.8132531073456
24250.015515021292
478.0334560555114
7870.646796264683
2895.1422505034348
3448.897825711599
2440.907290918043
147.21923988210432
3087.5131699532158
2163.3096167334834
0.0
301.45069775943193
11698.734438645008
829.1155997128549
2985.4097843990103
429.5305876356557
8013.008636715817
3687.302727358038
877.9380045566255
544.9351321106892
233.50885261776835
3157.342380024407
548.8281951284174
395.480990697364
248.35881853228656
389.0977561986131
333.5946327253205
18.916352193070093
269.59354489933895
457.93888864589144
301.45069775943193
0.0
647.9116637942226
274.1960972279546
369.6108846189318
120.34486663850222
674.5434680340596
291.266406243829
3815.074899460397
7831.123805746332
12211.321502855617
54965.738400000344
965.6860816361641
90382.03386591014
6645.2052746634945
7763.332417875966
25476.70498867144
642.6563034758178
15815.852845291947
13816.475058821781
11698.734438645008
647.9116637942226
0.0
4965.911585078617
47261.03979835561
2318.9819156954504
154338.7469516389
21785.27203743355
944.6543247399848
3178.611860787254
2312.734800471953
9399.221377636779
370.70096733035524
2718.5853031446004
1008.6911934253046
1018.1789994120503
6103.479817077725
135.29816807059436
1844.6988226877875
4003.6937450089017
829.1155997128549
274.1960972279546
4965.911585078617
0.0
6387.492082537786
1206.7655355354432
7180.498206489809
2084.746889299974
1874.3144113065894
5137.81119955557
15793.027356245135
20674.655265162808
582.7882664958865
20888.02628766813
3152.938707428845
2832.8442219434774
74922.3810115759
555.9080780404383
7223.60016492136
7732.871822364319
2985.4097843990103
369.6108846189318
47261.03979835561
6387.492082537786
0.0
2052.6388048917015
137208.1277006361
14198.27435595996
346.80663838050833
9512.000640726601
791.4189434987293
2960.3200420838803
143.2946905785236
992.3752672367433
304.9923726754074
1015.2381375774454
1222.1539355989428
42.43982979483985
466.40178457669384
2853.805327864953
429.5305876356557
120.34486663850222
2318.9819156954504
1206.7655355354432
2052.6388048917015
0.0
2386.2818093179158
752.5228122720317
4220.4809310977835
6868.499819519455
37781.530047967746
47195.12432151771
1149.7546680924008
150766.71937504195
9767.206671551598
5159.444186759337
112353.68401538813
1529.841824939924
26238.25987314138
10235.113918477393
8013.008636715817
674.5434680340596
154338.7469516389
7180.498206489809
137208.1277006361
2386.2818093179158
0.0
66356.45144866902
2232.195742115327
2164.127809065848
33894.22689160312
16427.53825511361
601.2030790019807
39608.89768252874
6918.992724770277
1843.7454849758283
16665.735737964817
2388.6284593913992
9326.774940984493
2626.9041229113454
3687.302727358038
291.266406243829
21785.27203743355
2084.746889299974
14198.27435595996
752.5228122720317
66356.45144866902
0.0
6.1752919896992005
22.931778496030002
0
15.963874493097617
-0.07413906540026166
12420
18.916352193070093
7.944446204644322
3.2537170216169917
-0.026692496270931454
460
11.141501900770646
4.090567851209468
-0.01719584903270638
589
5.035019267397192
1.9362341191955768
-0.011487168077464749
938
12.175339156687322
3.217578070947339
-0.07413906540026166
1841
6.967904002932386
2.9250758949390674
0.04175248847165358
285
2.300867558628236
1.029102709112793
-0.01645330491083319
718
5.070693488428
2.374350046326156
-0.014042225396416586
367
6.325146790062512
2.530947838567057
-0.01223952617845081
362
8.918732253575964
3.3145155429645223
-0.011983081357373804
747
11.7960086764076
0.9891175884682507
-0.0011036205776847607
74
5.494305453625592
1.8414342877951055
-0.011606230964751052
371
6.163847342964716
2.5563118732227723
-0.012450825180934655
431
4.2071256390448974
1.5854454260273487
-0.012036478355914204
335
7.580607877123289
3.0155798244957777
-0.006833858779640545
108
5.429571512616992
2.045310322454082
-0.022189229832364876
1041
6.647187615389693
3.197958925944635
-0.011083780438381985
416
3.813338529150692
1.624500843845519
-0.00993695929208166
829
10.330932602311847
3.7475859686969573
-0.004031662133850034
229
2.6939615284886993
1.316106801079822
-0.02311101095712803
1445
4.591968887388862
1.8871097371628522
-0.01291449914495535
834
3
4.322520124127959,4.1906837254228195,3.5185232793707866
4.163257648953299,9.41058534621578,-0.8502902343140112
11.757673913043478,8.328934782608703,5.248689834500004
5.717572156196941,18.378896434635,-2.709501096088286
-2.2453944562899766,3.7778358208955205,-3.655741975799578
7.341216730038013,10.611607821835939,1.894426862230311
14.86263157894737,11.19463157894737,10.862346760701763
4.372325905292473,6.987590529247912,-2.055230797827299
6.477029972752047,4.917574931880109,2.415811744577655
9.811933701657457,14.088701657458568,-3.8541821485082903
-0.33420348058902277,8.69530120481928,-0.685648673223561
-0.12824324324324324,0.20716216216216216,-0.07601627162162158
4.341374663072772,7.4028301886792445,1.2210219543935308
4.893944315545242,15.036125290023195,-1.4378157356612535
9.701791044776117,8.455492537313422,-2.005728345832834
11.866296296296294,15.830277777777768,5.801133101944443
4.50206532180596,9.627358309317971,-3.1886136794332387
-0.48766826923076884,15.058293269230772,2.5396709895480742
0.28484921592279844,10.289408926417362,-2.9967065156815518
2.60423580786026,19.4994759825328,-4.507145558515282
1.9719723183391022,7.896913494809695,-2.5965189900069277
2.4700959232613893,3.6670503597122273,-2.7434548567745822
1.4957201186692857,2.170321190471918,2.2815734372013705
3.7948166914095243,0.6278271874885174,2.5076885727621407
1.611900150786591,1.1096443932749789,0.8321423212279517
1.9421320470886274,1.2577456197256935,2.596802383929378
1.1902768146436422,2.571068368878965,1.4770065911412928
0.6830659568796896,0.6068372998830551,0.6167659134341332
1.565245195155397,1.249800357488152,1.5743582312264335
1.624956719141361,1.853844167893753,1.1689520131136073
1.8203014367050427,2.274102246702413,2.1433324447506594
0.9955811383488102,0.6526521662076477,2.1939355158950486
1.1451337687961898,0.7861980499778041,1.4356631540359932
1.6988385188625543,1.383411379428221,1.6374612809076532
1.1199445631237674,0.6257414613412111,1.140395258615546
1.6381900159048954,1.000227505273443,2.866195201296529
1.2050321810090348,1.2698553958222052,1.2697854768845855
2.351546652389492,1.849975635281539,1.615325093000246
1.0044611277637336,1.3041407532611788,0.6449441664912952
3.5363733971117766,0.07279920466065543,2.1269666327278167
0.7366830086196124,0.829312715724005,0.8632392967203475
1.2074146640072267,1.384344269423033,0.8427188518099811
Jogging
3
0.0
168827.69484891265
10254.709536474478
168827.69484891265
0.0
55672.2583092912
10254.709536474478
55672.2583092912
0.0
11.326920755609489
31.107833752492823
1
14.897032783547104
-0.09079421748423783
12788
10254.709536474478
9.50611317872934
3.885559983950191
-0.0016451547224438923
4341
22.589171521864493
10.320227310628674
-0.09079421748423783
7114
16.21080096894572
6.173723498338337
0.0360654393399964
1333
3
7.272405018804741,8.397334436612613,4.289541200957134
6.612505473881754,6.7027275570847555,-0.8247382560808568
-1.063462335867313,0.7232964754664819,-2.0564811130891507
10.060929153781258,7.941208883890942,0.6023031114768052
13.2061215303826,19.565558889722197,-4.429371824372083
1.6990104914394062,2.99903146913557,2.485370657962369
5.595890362037777,8.18025037456554,4.62828804525957
5.661152924861899,0.012571376779466181,3.646638897924491
Upstairs
12
0.0
16011.428380233367
28069.728214640607
11752.860549000294
9164.677612747004
38134.979716188755
2185.895315546896
3804.4739677277585
4254.780684566204
10278.340633783264
1406.9927504703048
39126.00065546681
16011.428380233367
0.0
5820.896051289669
2040.7230108177548
861.8867030961535
8419.02444749243
4368.813011190771
1971.1137714775646
1463.4296707170306
1201.672155798676
612.4455553060657
5700.250623337525
28069.728214640607
5820.896051289669
0.0
8473.027469805791
1385.2909467569568
4829.601641532073
653.3518392083733
685.3785404408987
3033.3470076584244
3283.6132254853974
964.5565424304891
3430.69168932347
11752.860549000294
2040.7230108177548
8473.027469805791
0.0
985.8747286438308
2186.643226543027
348.1208741875024
389.1537618898938
5462.164835520732
11405.111881208051
988.3767170753819
1769.3537999300538
9164.677612747004
861.8867030961535
1385.2909467569568
985.8747286438308
0.0
917.4582223395444
142.0505562844959
342.2431603370997
330.4814347027807
1097.2876678865102
160.30796918791887
2369.465475227252
38134.979716188755
8419.02444749243
4829.601641532073
2186.643226543027
917.4582223395444
0.0
1321.7339277675037
1342.4404945276228
1236.9756910589979
1558.0373576524692
354.5471213849293
7922.564451709778
2185.895315546896
4368.813011190771
653.3518392083733
348.1208741875024
142.0505562844959
1321.7339277675037
0.0
530.1361128355855
287.58547204962906
220.94266418527178
115.0164867396231
963.679291209049
3804.4739677277585
1971.1137714775646
685.3785404408987
389.1537618898938
342.2431603370997
1342.4404945276228
530.1361128355855
0.0
232.6172593517856
304.867546449869
109.65825273975327
4591.606350580981
4254.780684566204
1463.4296707170306
3033.3470076584244
5462.164835520732
330.4814347027807
1236.9756910589979
287.58547204962906
232.6172593517856
0.0
1559.3010945608098
1000.2542000375521
854.2534661161428
10278.340633783264
1201.672155798676
3283.6132254853974
11405.111881208051
1097.2876678865102
1558.0373576524692
220.94266418527178
304.867546449869
1559.3010945608098
0.0
415.46512707922386
1534.3279885846823
1406.9927504703048
612.4455553060657
964.5565424304891
988.3767170753819
160.30796918791887
354.5471213849293
115.0164867396231
109.65825273975327
1000.2542000375521
415.46512707922386
0.0
354.82163727259797
39126.00065546681
5700.250623337525
3430.69168932347
1769.3537999300538
2369.465475227252
7922.564451709778
963.679291209049
4591.606350580981
854.2534661161428
1534.3279885846823
354.82163727259797
0.0
5.538190170828603
27.223901215424263
2
9.9675527415595
-0.018307640634234526
4786
109.65825273975327
4.478061513085561
2.2559687778759607
-0.018307640634234526
1337
8.39653775402209
3.4971705922053937
-0.011541834522372452
492
7.5693773995578395
2.666970223474735
-0.00552118422277495
371
2.915816195922744
1.598329404490762
-0.0036505070223149805
368
9.324951731917414
3.798060076126787
-0.0012375302083359047
175
5.476332793916273
2.4841948008810975
-0.007719950122860919
397
18.768608655282836
6.734454753829864
0.04447198576057981
156
13.743736622563183
4.437376799296897
-0.00593208905165396
241
9.895943305236493
3.6139582484966097
-0.003997759865035921
261
11.809410296749938
3.679617792015221
-0.0017129204680149945
300
11.47224626849637
4.85054591312108
-0.0019954280197228697
136
6.019768049130448
2.8412182086536872
-0.009367701217163432
552
3
4.785845437810836,3.262868676134869,2.462916323139231
1.600476389469286,9.466186794818217,-0.2708559547154201
2.3010022438294686,7.916694091249063,-1.0471979404727003
2.9650813008130084,13.767317073170735,1.4851162049268274
-0.9785175202156333,9.866415094339628,0.7176197687654986
-4.165217391304344,8.140298913043473,-1.0082758522010868
2.0172000000000003,3.8263999999999987,1.905603390891429
3.257808564231735,11.185188916876564,-2.5704032015365215
4.768653846153847,17.29576923076923,0.11935265511538475
10.271493775933603,11.245850622406637,2.128052175892115
-5.779157088122603,11.993869731800768,-1.3680360732107286
-3.298833333333333,5.4115999999999955,-2.2262458336666655
-6.846838235294118,11.777573529411766,4.488605637647055
6.492626811594208,8.001449275362317,0.08675569061956521
1.7900755296749542,1.398750669005836,0.8129009450998975
2.776414887364262,1.251967460630578,2.2344601154752484
1.7120484684949773,1.0641455550657075,2.14927885296949
0.954961492024608,1.1850042448326221,0.7773725103688574
2.734249280229727,2.1256588322833876,2.090866937275997
2.219474863640157,1.2541399230324612,0.9162168222299883
5.652717654885663,1.0847292145888487,4.82168154768353
2.804371782176808,2.26006107091382,3.4202071360413093
1.5878732929485204,2.7060209160960764,2.4837851016133285
3.645012027574035,1.4512794862317968,1.2996020912945814
3.4416814801308044,3.3382553652233002,2.3905860000967207
2.0794595186046987,1.4602520980296303,1.6711080518308183
Downstairs
6
0.0
1395.8334065270635
430.05855621454606
8797.841300073964
55729.74849764476
16019.81912032375
1395.8334065270635
0.0
35.789919146961374
1437.4413679170298
1490.7840218798874
362.1321280051731
430.05855621454606
35.789919146961374
0.0
533.0938293168681
1559.6709482347867
392.6453634205676
8797.841300073964
1437.4413679170298
533.0938293168681
0.0
23240.436388569728
3241.7241901561806
55729.74849764476
1490.7840218798874
1559.6709482347867
23240.436388569728
0.0
29132.274140508365
16019.81912032375
362.1321280051731
392.6453634205676
3241.7241901561806
29132.274140508365
0.0
5.741373758858052
22.159876398063204
3
11.524471723937381
-0.041224687995708026
4329
35.789919146961374
16.125193077199516
4.977148362024341
-0.041224687995708026
1257
10.635404674125821
3.3779026788388204
0.03162268875468191
150
0.0
0.0
-0.0014035105405018622
64
10.221211188250411
3.378610524410623
-0.028742270346908197
606
6.29109506098606
2.786051943920324
-0.040583591830951296
1518
10.073387672441024
3.8627933924645026
-0.0027272034494468245
734
3
4.696742803808274,3.622718006968463,2.5011804998889566
2.8093647493647516,9.138547008547004,0.42601892932132135
4.239379474940344,13.001312649164664,0.23754883572633287
-7.193399999999999,14.67873333333333,-1.0108113916799994
0.0,0.0,0.0
-3.46595709570957,7.78600660066007,0.3433855987227718
2.7633530961791792,7.379756258234516,-0.4394760438498027
7.925681198910081,6.942125340599451,2.937727151245232
3.673236926622159,2.4446518277701843,3.17442616357926
2.071359126484948,1.9554238101764532,2.6194910922993584
0.0,0.0,0.0
1.917726699512717,2.2443710068714635,2.1857961770488568
2.167776236597803,1.7056445532410718,1.1519310779389527
3.170531952862296,2.0941091560682694,1.792521441796902
Standing
3
0.0
111540.91103958618
333658.45046767785
111540.91103958618
0.0
378454.5546926858
333658.45046767785
378454.5546926858
0.0
0.451740174726425
2.0426426192806684
4
0.34140884936082816
-9.407510278653968
634
111540.91103958618
1.70123376991984
0.6689662602333609
78.66474126534537
114
1.0035429510317773
0.393197811336704
-7.937781196119968
307
0.4672290050182459
0.21169045941893255
-9.407510278653968
213
3
0.3955691602053053,0.1559348092236,0.30326704875098415
0.4450000000000003,9.9379810725552,-1.1578584626182957
0.5603508771929824,9.987719298245613,-0.8403993527192983
0.47338762214983765,9.903289902280115,-1.3872790022801287
0.3423474178403757,9.961361502347422,-0.9970989924413142
0.6444836443472266,0.24673455009042147,0.33005675690040565
0.3659845565912328,0.146650814637574,0.17855518553933833
0.1832261502289862,0.07408896883614957,0.11894896460759855
Walking
Jogging
Upstairs
Downstairs
Standing
