4
Jogging
5
0.0
753291.5428112043
2656456.9063900453
791127.3939436155
1132877.074494732
753291.5428112043
0.0
101439.18970796776
1251505.867714562
1015760.846492518
2656456.9063900453
101439.18970796776
0.0
105736.52056850659
157960.92110103267
791127.3939436155
1251505.867714562
105736.52056850659
0.0
1.0053958207420144E7
1132877.074494732
1015760.846492518
157960.92110103267
1.0053958207420144E7
0.0
12.74374346233784
42.09517494736295
0
14.148824198034635
-0.06900274540238285
65464
101439.18970796776
28.162796031691204
10.847178547724068
-0.06636866695764129
15609
21.066590842456964
8.242394249831039
-0.031217870955479204
11273
24.58317025212101
11.39096938416907
-0.0031443137086700768
2979
8.842880374070628
3.7852897357198474
-0.06900274540238285
12794
34.19227789567022
12.043938268152568
0.006079683166750616
22809
3
8.963684820945241,9.186275595398,5.927893599555574
0.02125357305913597,5.759924736304305,-0.12125020485499184
0.7789611629188272,16.61953181510697,0.055504034211031714
9.248848766255689,4.371849414973816,3.4969863202341926
1.4945216515609296,19.569999999999737,-2.8231992359852307
0.030380371716697954,0.765237710678546,-0.6568998134771747
-5.255407931211387,0.012280288921039769,-1.3771198180981306
9.950662550603766,2.268991795671268,6.449286529302321
5.52735823502107,4.846865125896733,4.875514361939883
11.217845312557365,5.327347606511391E-6,6.309896085519582
2.2080114661746113,3.219529628799189,1.7219221382458867
7.614229213737068,8.225272792751147,6.678225001467949
Walking
5
0.0
399803.65695752227
165455.4231249484
82598.4082548497
4170040.4520610673
399803.65695752227
0.0
479246.27696865454
95624.87563900888
7706242.346874046
165455.4231249484
479246.27696865454
0.0
88975.47378850341
4032957.8663426726
82598.4082548497
95624.87563900888
88975.47378850341
0.0
1217155.2653418614
4170040.4520610673
7706242.346874046
4032957.8663426726
1217155.2653418614
0.0
7.488905371130813
46.06563816696413
1
14.102967931186496
-0.17025431480580766
81287
82598.4082548497
17.09345939113514
4.989929523105221
-0.013664568955143452
6581
22.844679857917935
6.196180207192826
-0.034659267543729805
10309
36.841608772262944
7.943340580855071
0.10243812365782212
6913
26.10509955012515
9.305767986728725
-0.012160473140830352
4175
14.015628890396988
5.237225864939241
-0.17025431480580766
53309
3
5.763999482698519,5.030285569605375,4.032812122009931
1.6353064922681149,8.700466697946773,-0.07870406096916224
-3.9693258939370875,2.071046866129772,-3.1081109332928154
-3.153150625957912,14.952963540401726,-1.3524919838975564
3.0083500212642886,11.521053151453799,8.595496870533744
14.241964071856277,2.86268023952096,-2.504840579161677
2.087831297735811,8.40117889054377,-0.39324053233037826
4.540335439755723,2.5935152836129123,2.592400490638508
4.356966648143379,2.616888947946154,4.477388505523684
6.898141588130898,4.987721823209068,3.2018981321107916
2.9399676035578293,8.053945577458723,5.642494826910102
4.048517415680965,3.368812639778678,2.12299090072707
Upstairs
5
0.0
1110186.030738481
2010594.2268493029
1303790.0066584088
361092.07429196005
1110186.030738481
0.0
210500.12616152898
147231.0176736114
104769.77062848728
2010594.2268493029
210500.12616152898
0.0
6.04559490039204E7
265533.2483719008
1303790.0066584088
147231.0176736114
6.04559490039204E7
0.0
177288.64577153203
361092.07429196005
104769.77062848728
265533.2483719008
177288.64577153203
0.0
6.782441994497042
34.87632351359989
2
6.633334673123787
-0.05767917202066912
23558
104769.77062848728
8.343833202368252
3.0995964854198585
-0.05767917202066912
8118
13.181169387801646
5.6254840502184935
-0.014193108770220897
3851
10.216519798117288
4.544941455788975
-0.046908398481099955
4926
31.119902648680416
12.718350559136454
0.7651459334217217
3725
7.710648969140689
3.522666478642148
-0.022707819642243526
2938
3
5.274417489338293,4.850899320902922,3.5546943389163443
0.5452973027846201,8.225457325070035,0.32216169585703397
-0.7293367121212107,9.420178021433845,0.1121449708056179
0.3724389774084657,14.43099367826538,1.467666237600627
-0.16156447076735686,5.008859483150636,0.4395310929760453
-0.520737564026844,4.63657256644295,0.6290388153020146
6.830572088155228,6.733726074540486,-1.1848843002042269
2.6308289231335427,1.4106300133715075,1.6026493610770176
4.156828811393409,2.075074046953238,4.0201733550782075
1.4776448322368283,3.5355032873119288,3.160461135055511
9.970235844728936,6.835892209763726,6.2686019444130485
2.307273720500485,2.651363852581565,1.4944451552934184
Downstairs
5
0.0
13700.271536146838
32078.388297198206
89102.38308405902
311251.66926818935
13700.271536146838
0.0
204487.31890567322
23900.85715138425
314452.8817263085
32078.388297198206
204487.31890567322
0.0
63843.112937298494
881067.7265956297
89102.38308405902
23900.85715138425
63843.112937298494
0.0
696654.1007846709
311251.66926818935
314452.8817263085
881067.7265956297
696654.1007846709
0.0
6.690826662349752
35.03327297776484
3
7.450046814885873
-0.0829663546680739
19522
13700.271536146838
12.237699431496484
4.458677918218849
-0.007517132973905188
1705
27.58322616287897
12.692440275875265
0.17044509423722423
1446
17.058852211347187
6.282598029750149
-0.025626230446298318
2509
20.447278887471448
7.328677119470107
-0.010341118519074294
3101
8.049723772411062
3.870428134659513
-0.0829663546680739
10761
3
4.917052669845026,4.874683679503178,3.6852087797265636
0.43260040702796776,8.610919429822768,0.7361756461428121
0.028650787096774207,13.49496184281519,6.102603185337241
1.1482727614107886,1.1964218423236515,0.8635967987551856
3.7983231303308087,4.379647303308082,0.09788885970506149
0.062258270235407906,14.641673829732307,-1.51464425282167
-0.2775840989684985,8.082061848620047,0.6662234217080181
2.71867267024915,2.927229842266541,2.70338568943668
9.49592589166264,6.497682804015833,7.075995094412795
5.821496846746655,3.3949023781080747,1.8371525375141486
6.8110272216782,2.6568194031584937,3.764058715289043
2.45733931124353,2.293405928726662,2.4006248590774404
Jogging
Walking
Upstairs
Downstairs
