2
Iris-setosa
2
0.0
1066.8931557229716
1066.8931557229716
0.0
0.48413224966893975
1.2734854666494857
0
0.4255179828385736
3.0536178097748783
50
1066.8931557229716
0.7982030438262898
0.3866867936148268
3.0536178097748783
22
0.9391499087048928
0.34839699201556346
6.063797388103695
28
4
0.3524896872134225,0.3810243979546932,0.17351115943643966,0.10720950308167879
5.006,3.4179999999999997,1.4639999999999997,0.24400000000000005
5.295454545454546,3.7181818181818183,1.5181818181818185,0.30909090909090914
4.778571428571429,3.182142857142857,1.421428571428571,0.19285714285714292
0.24197062538617992,0.28724697128224563,0.16514456476895173,0.12309149097933277
0.24091975436299612,0.2611279967522331,0.17074378218090427,0.05394490624751237
Iris-virginica
3
0.0
155.40761243685412
438.0737139478326
155.40761243685412
0.0
49.033249838258904
438.0737139478326
49.033249838258904
0.0
0.8193394076348904
2.0938834826546113
1
1.2208092425156252
-0.7194297955470805
50
49.033249838258904
0.6549653363627231
0.4154109447661031
-0.7194297955470805
21
0.8406019094957686
0.598424184270203
0.46855789318551055
11
1.2795398478446136
0.5138125125826722
0.572659804213175
18
4
0.6358795932744126,0.3224966381726396,0.5518946956639624,0.2746500556366686
6.588000000000001,2.9739999999999998,5.552,2.026
6.600000000000001,3.119047619047619,5.538095238095239,2.195238095238095
7.5090909090909115,3.1363636363636362,6.336363636363637,2.045454545454546
6.01111111111111,2.7055555555555557,5.088888888888887,1.8166666666666664
0.24289915602980552,0.16917165134575954,0.2597617956439806,0.19615348703551053
0.2547726259021063,0.4153859103838927,0.3500649290423784,0.26594599588501355
0.39539836782800264,0.2127473569953302,0.31787694416866175,0.22029392130675624
Iris-setosa
Iris-virginica
