4
Jogging
5
0.0
1312629.18291739
56.0767071954762
1.008552805425885E7
1156848.2444623362
1312629.18291739
0.0
69.50874239750715
771073.1266865502
924541.6100077018
56.0767071954762
69.50874239750715
0.0
36.53600618201016
60.30578350056269
1.008552805425885E7
771073.1266865502
36.53600618201016
0.0
1192000.7464458263
1156848.2444623362
924541.6100077018
60.30578350056269
1192000.7464458263
0.0
12.758572642642665
40.687097878705984
0
23.424217684884738
-0.06822166835216939
64877
36.53600618201016
32.801746967789065
11.88357857285998
-0.02277536997466656
23320
27.714310342722847
11.105681101379796
-0.03642472518966339
18673
0.0
0.0
3.071613495220227E-7
2
8.043718276387294
3.3836131100402755
-0.06822166835216939
11177
20.62738721240258
8.105745614934847
-0.03741857828755646
11705
3
8.979657754780705,9.19317663278311,5.94160095950521
0.0401294524407722,5.690511614208719,-0.09203774941813501
-4.944520991466581,-0.24367694438250084,-1.5471752313893812
0.8036652280833204,16.98646757286024,-0.19714788577089962
19.91,10.42,-11.56
5.333425785094693E-4,0.5612227453699564,-0.6856058790373084
8.787448614523775,4.389913090559568,3.5434833582229848
7.702792500730726,8.072739591946823,6.527530964066552
10.179606556773866,2.4284665778893912,6.5487050464328425
0.0,0.0,0.0
1.9963882251244272,2.9063511167707037,1.5545550120563245
5.709187313407588,4.537795588706422,4.717259175080168
Walking
5
0.0
1461334.5168948688
3819248.2156782974
4807914.767758744
5162094.060686744
1461334.5168948688
0.0
82232.21014786717
113791.6654122644
79181.91155057756
3819248.2156782974
82232.21014786717
0.0
168623.80413042606
289388.0878186854
4807914.767758744
113791.6654122644
168623.80413042606
0.0
369174.2074723142
5162094.060686744
79181.91155057756
289388.0878186854
369174.2074723142
0.0
7.4880764889455715
45.05321431644353
1
13.625667929779464
-0.18724571103027549
81496
79181.91155057756
13.759513726671022
5.285766909872767
-0.18724571103027549
55053
25.01047470693651
9.16620961637568
-0.01391306312455931
4618
17.472370472915987
5.26100534495844
-0.012869655215450526
6073
35.978381054374715
7.556098343369844
0.12801914127023722
7771
21.413587850610547
5.761824961437369
-0.02802591880888694
7981
3
5.773810203271716,5.017102497765246,4.036365465801982
1.6315267018381256,8.70217290874399,-0.10323506429584078
1.9558533450856488,8.453380054365766,-0.41797885377461247
13.99625378951924,3.3400086617583264,-2.108115401905583
-4.397326775234641,2.2342646285196808,-3.333398945496458
2.543351154420276,12.091842709947246,8.265236333805158
-4.060494979200621,15.142186749780937,-2.462397918932466
3.979674565126636,3.5223804557295892,2.132234217201574
3.0101937199190956,7.88745206968251,5.64362188855248
4.7877837251213595,2.734861310067003,2.7664570562848554
6.52414909400277,4.663859973088023,3.2253037079156046
4.121307125104467,2.6515435728097763,3.990411900364137
Standing
5
0.0
17650.306194635614
84763.43889754628
26509.070915495584
1391.2858796195724
17650.306194635614
0.0
1214410.0011262426
117447.57163408834
5684.78392593185
84763.43889754628
1214410.0011262426
0.0
2335707.6263056695
26419.96723475823
26509.070915495584
117447.57163408834
2335707.6263056695
0.0
6834.519531770761
1391.2858796195724
5684.78392593185
26419.96723475823
6834.519531770761
0.0
2.772922340918341
14.807731186607299
2
8.288369827362576
-0.48862457876643034
8854
1391.2858796195724
8.512479789092515
1.5561843859536144
0.08298579233814218
748
3.200465378476562
1.2607900193920063
-0.10594577752877055
1154
6.359404641171149
1.466561668830386
-0.48862457876643034
5218
6.748328524903312
3.752954099922374
-0.14327698403254097
1389
6.078793214318992
1.6489116233039247
0.008853976540083353
345
3
2.967997359966423,1.0999157843961522,1.34338693673162
-0.7204337022814549,9.149540320758854,0.6881159463519293
-6.645721925133697,7.033943850267367,0.9011915387700518
-0.35945407279029373,9.44012998266901,2.798115019930662
-0.4205825986968184,9.716667305480804,0.5894447085090069
-0.8555363570914329,8.710079193664532,-0.78919191648668
6.927623188405805,5.956115942028992,0.6084859942028983
1.1135375508061458,0.9916794846742005,0.8914859884068994
1.4863297158913313,0.11145447190924898,0.23217297238447132
1.217108334807633,0.2522618951113665,1.0288677607817776
3.7409706400276588,0.4797340245981745,0.899955701460528
0.8911415644176156,1.07830157601847,1.1026919284839745
Stairs
5
0.0
19919.934501182004
91826.41993064604
373729.71758187655
258449.5965085414
19919.934501182004
0.0
131071.58534975877
389052.1149155778
564474.411470666
91826.41993064604
131071.58534975877
0.0
2591536.623625114
2863749.1637868267
373729.71758187655
389052.1149155778
2591536.623625114
0.0
2.630991303655626E7
258449.5965085414
564474.411470666
2863749.1637868267
2.630991303655626E7
0.0
6.733334932521496
40.53645249368048
3
11.1332877638705
-0.07815890078407647
43488
19919.934501182004
29.403164729809976
10.207642532044973
-0.003645792856549951
2390
30.303270124077322
9.080943128399511
-0.007681628316209332
3108
19.069250205245662
6.921550353967552
-0.03234113587686005
7901
11.976680599510605
4.18361703088471
-0.07815890078407647
14810
12.846087056740494
4.7425314191667285
-0.07750148556195671
15279
3
5.113908719184088,4.867630673869867,3.627180382141729
0.5212839304175884,8.442249092094384,0.5265730837472384
-8.939327623012549,2.5736050548117237,0.6036615518828472
10.129148202380952,5.4243646042470965,-0.4757902419562421
-0.3126734998101506,13.959382607138364,1.8634792768004076
-0.4415532480081028,7.263932437069526,1.3097412473328767
1.4112856140454269,8.263287248772867,-0.7320506845997792
5.748061460193757,7.942491084277772,5.784065901896327
4.249420343930035,6.7355233682829,5.81455122690142
4.348080528643806,3.0152504419694517,5.158160266718482
1.311618663045533,3.767753377135166,2.4166923878234345
4.396128301787455,2.351629992120983,1.616760595137168
Jogging
Walking
Standing
Stairs
