3
Walking
5
0.0
413297.569637247
6058695.124694722
88991.557692147
378284.7594419373
413297.569637247
0.0
4342056.41262444
102140.12695025439
196971.42246003216
6058695.124694722
4342056.41262444
0.0
1380500.5907385743
4679061.3812223235
88991.557692147
102140.12695025439
1380500.5907385743
0.0
100936.60904591091
378284.7594419373
196971.42246003216
4679061.3812223235
100936.60904591091
0.0
7.486034707571868
45.489183458117004
0
13.71135288256156
-0.1774516670687704
81276
88991.557692147
22.07286429296698
5.962424204744324
-0.031025051296898254
8899
36.31827968623538
7.671448827098997
0.11061710956457471
7276
13.093801477766094
5.211856466747205
-0.1774516670687704
53375
25.824320380228787
9.230144720594293
-0.013135211152702386
4510
17.687518172130794
5.119008406596428
-0.015777178827743765
7216
3
5.759021917968512,5.025418296646295,4.038094197660504
1.6290409306771303,8.661537004790459,-0.090058547786222
-3.5660831954152132,15.110489347567285,-2.02656888223396
2.441042743952723,11.866456429769103,8.464157987218272
2.0684705717791947,8.486742118114249,-0.36077295765570166
14.07972062084254,3.2949933481152995,-2.1350481086474487
-3.8149499356984453,2.123921751662967,-3.046708976856992
4.209604920421167,2.659067840377099,4.205977306846355
6.707612425209711,4.704077926752608,3.195323652223407
3.9811620955911113,3.389868162147645,2.1358121741709524
2.9548697189735393,7.890860966525536,5.730001707431003
4.663845167848297,2.62697133967937,2.6430665283502894
Sitting
5
0.0
353205.9059837098
21734.94962016765
2991.4636724974453
315953.40781320975
353205.9059837098
0.0
8154.274553236943
1851.3062419138842
66213.18814943692
21734.94962016765
8154.274553236943
0.0
1047.110960891715
34797.439526045266
2991.4636724974453
1851.3062419138842
1047.110960891715
0.0
3033.5906605183113
315953.40781320975
66213.18814943692
34797.439526045266
3033.5906605183113
0.0
5.932911826285945
21.846749877962985
1
16.50127024688681
-0.10247444663806982
11117
1047.110960891715
13.915923517934205
2.5342880742445644
-0.10247444663806982
3776
3.9441577864461763
2.6281694780152383
-0.07160284380916426
1759
9.814877697886352
3.9566658394206824
-0.047017829624016516
933
5.345479631076174
1.0989585198085319
0.07747756629267982
249
11.913715324090415
3.0591671296065432
-0.09964153322273503
4400
3
4.354775408822131,3.1473197472550534,3.8087411814004795
1.8687226769812268,2.2908041737879086,6.743946324098253
-0.2488135593220329,2.29193326271189,9.290944195180172
-4.248283115406479,0.9826719727117675,8.244556162592419
3.0375777063236935,8.51196141479102,-1.3203904469453351
-7.032891566265055,-1.0266666666666675,-6.7485542168674755
6.387265909090974,1.6813613636363773,6.4318150002272425
1.265230590165386,2.3130268857252427,0.3442402651712256
0.5048816388899471,2.619520038900755,0.2194087974029623
1.857671868219588,1.232794250369915,3.6155002148979682
0.5192298813111562,1.172370312886518,0.8793020498275141
1.3005013816991149,2.7222493200724016,1.748980956524066
Standing
5
0.0
111586.90041712832
19834.346239042163
1290309.9504328978
5721.363874467387
111586.90041712832
0.0
24466.215654200954
2315048.1935483064
6598.725133289011
19834.346239042163
24466.215654200954
0.0
97283.08678123538
1480.4459182625296
1290309.9504328978
2315048.1935483064
97283.08678123538
0.0
26326.24912670312
5721.363874467387
6598.725133289011
1480.4459182625296
26326.24912670312
0.0
2.7350173415534846
17.527571384694028
2
8.246029479233458
-0.31674159213989483
8868
1480.4459182625296
3.1835868157918448
1.2761633659914093
-0.07219706106707113
1171
6.8527465322922
3.7828781474599187
-0.07961349276664903
1265
7.334061729560938
1.6228834839047552
-0.009068232906605855
797
5.113754994852986
1.4696635011448864
-0.31674159213989483
5298
9.281541905460571
1.6862459221697312
0.6456650245831353
337
3
2.933449934152085,1.0819368205131996,1.3370069484633755
-0.6978044654939085,9.164070816418443,0.7092794918809188
-0.34161400512382495,9.4346029035013,2.7749938701964023
-0.49666403162055317,8.74400790513837,-0.7990833747035575
-6.506637390213301,7.160075282308649,0.8069758155583431
-0.43467157417893215,9.708267270667928,0.6013879682899209
6.910563798219585,5.98489614243323,0.6584569732937686
1.4993693402234116,0.11312458282800777,0.22033646260501388
3.7372469350646114,0.5309493973959142,0.8733428122693122
1.1277443290104825,0.9736268487242089,0.9510669765023404
1.2073938000022006,0.2504937520097651,1.0414135529683646
0.968814925440838,1.139884629402575,1.1176846785001138
Walking
Sitting
Standing
