4
Jogging
5
0.0
1436.9520500879703
2384.5483624935114
2542.1569358722545
2110.8890231141672
1436.9520500879703
0.0
-6223592.791339857
3086261.1390095134
-7.0878175543565E7
2384.5483624935114
-6223592.791339857
0.0
6903347.591995599
-5313987.66293481
2542.1569358722545
3086261.1390095134
6903347.591995599
0.0
5071147.418851881
2110.8890231141672
-7.0878175543565E7
-5313987.66293481
5071147.418851881
0.0
12.74043603037743
42.30032701764017
0
24.01196713713643
-0.30475936889539734
325978
-7.0878175543565E7
2.970031440960474
1.7323676839388655
-2.051859717244753E-6
16
8.115117779166368
3.3983834345923905
-0.30475936889539734
56864
22.052428823701014
8.309605646764128
-0.18305340567365747
64433
27.962164246196703
11.086607809610149
-0.1663382358029215
90531
34.166967778596245
11.949744735268558
0.014994753134421446
114134
3
8.986370635641533,9.192202934995244,5.904389375368613
0.005971922856810558,5.653608462142838,-0.08723017373273852
19.608750000000004,10.14375,-13.207606937500001
0.025733392743454,0.5172408816546324,-0.6777156096836112
8.247951295485386,4.718118133890932,3.340249965747257
0.7808984871370501,17.120511689752636,-0.2992003399498546
-5.274204837620346,-0.35539151986262857,-1.5580072152031337
0.4432888448853264,0.6504959646300481,1.7733997326259678
2.0528122533227626,2.878482896180206,1.5626808427882277
5.913769368170356,4.6795069090081896,4.752635130154074
10.217143994440077,2.3223085644893215,6.498751196989253
7.696536446014002,8.155591561249892,6.5628513576976895
Walking
5
0.0
2124416.8310329416
2510228.1207143837
8741214.531699957
2209376.326363207
2124416.8310329416
0.0
4456237.650334085
2449713.7306202194
9054340.391257199
2510228.1207143837
4456237.650334085
0.0
1.5446380222331323E7
1.104205136765275E7
8741214.531699957
2449713.7306202194
1.5446380222331323E7
0.0
-5811468.004814509
2209376.326363207
9054340.391257199
1.104205136765275E7
-5811468.004814509
0.0
7.4737184158457755
45.91957104537434
1
13.824513331835567
-0.866689720777136
406776
-5811468.004814509
26.57998380580925
9.192108377688072
-0.062195839457799273
21671
17.864621004713104
5.015343357986373
-0.0682047085784343
32673
36.816947235681404
7.787346803397931
0.4651998997134137
37036
13.987444073476274
5.2360070710222555
-0.866689720777136
269212
22.17902048983867
5.9890343323022455
-0.15577652835461087
46184
3
5.75523534697044,5.002872782691942,4.035321599080511
1.61231967984836,8.710798584363541,-0.08885513158230592
14.128338793779863,3.2574846569147526,-2.2632059796502184
-4.072484178098088,2.223735998683902,-3.2409439741987995
2.5912619467815237,11.75512241791765,8.433557945431442
2.0517769609563734,8.43081781112306,-0.4003645312635586
-3.5855482641823113,15.049685826909883,-1.857118301294832
2.998293492461272,7.964114147102032,5.58278741280725
4.577248234767078,2.651748375712918,2.554681516332301
6.775839775842461,4.834085316587464,3.20940369028404
3.988878306893291,3.422179613286471,2.135766600589403
4.2250634424407485,2.6285547536477494,4.2600682825468175
Sitting
5
0.0
34271.01555403487
352812.64882421255
1671886.2438339097
1441776.8273700776
34271.01555403487
0.0
21791.526563989355
118473.47691107723
43335.87414208333
352812.64882421255
21791.526563989355
0.0
1188193.6661434674
1877095.4753151836
1671886.2438339097
118473.47691107723
1188193.6661434674
0.0
6381730.859509932
1441776.8273700776
43335.87414208333
1877095.4753151836
6381730.859509932
0.0
5.936167039574352
24.562063611458534
2
16.551379722088882
-0.5090955729378911
54876
21791.526563989355
16.877317872979315
4.789476160442852
0.005911560795025528
7152
6.495536418266109
1.0180332009922404
-0.04329056153043509
1254
4.02306218867983
0.6054266422036221
-0.143025473567177
6004
17.068454585327974
3.2066361630017166
-0.5090955729378911
27133
3.1845532201047266
1.1004647092042334
-0.318267349580429
13333
3
4.3823504907208815,3.141760419943668,3.787789513037966
1.9120644726293814,2.217218638384608,6.747458941303913
3.886248601789815,7.542662192393563,1.5708224809843352
-7.022807017543878,-0.9616507177033515,-6.817607655502351
8.131287475016835,-2.3813174550299836,3.851973684210539
-1.5148310175800985,1.8583068588064122,8.959061266760036
5.866666166654836,2.460726768169252,7.603304217204932
1.9292789744372494,1.8060226823670655,4.591187443723303
0.5468238986506456,1.0832764446613519,0.8107436129131617
0.1598057853158102,0.4943151889926139,0.7731956218010309
2.168641866802116,2.479647981842441,0.5804705106265684
0.9393618729747389,0.368523466384252,0.764858274193187
Standing
5
0.0
3.204448278242336E7
2887128.6210923214
141700.182542481
513113.4957798573
3.204448278242336E7
0.0
5.8503690528569564E7
628442.7026400486
2404474.9984318623
2887128.6210923214
5.8503690528569564E7
0.0
160058.18074199453
618491.4797377321
141700.182542481
628442.7026400486
160058.18074199453
0.0
35482.29333331862
513113.4957798573
2404474.9984318623
618491.4797377321
35482.29333331862
0.0
2.732042901548148
21.315979966031797
3
8.253853036217437
-0.8787806198509194
44541
35482.29333331862
4.171420878150989
1.2912259138843107
-0.20728083744382997
6086
6.362948070454431
1.459718723173774
-0.8787806198509194
26431
7.170401920038078
3.761447004372618
-0.22241922158913097
6412
13.062126929814358
1.7399585513187255
0.6674005822084732
1610
12.637386810479398
1.6295576641611262
-0.04540142286828508
4002
3
2.922176223725934,1.0912420848322668,1.3436934631139936
-0.7196526795536781,9.163878224557367,0.7122593821423098
-0.3526043378245158,9.434643443970073,2.804244438711779
-0.4374246150354032,9.713551889826663,0.5827847025841139
-0.514759825327486,8.722833749220127,-0.7990012454772317
6.893416149068329,5.9760745341614765,0.6402830968944084
-6.532806096951473,7.110914542728594,0.8362996531734206
1.5046401754981702,0.10938986403559044,0.2609683034524842
1.205502622076276,0.25224341494677816,1.0283561062651267
3.7263512754189714,0.4669695761547036,0.874657993312904
1.0768710893983653,1.2730339869942433,1.0765559484886162
1.17386698818787,1.045244722092201,0.9341433560916519
Jogging
Walking
Sitting
Standing
