3
Jogging
5
0.0
1420.864681745642
6661.519486936763
11087.736045155101
497.47949371827826
1420.864681745642
0.0
3947.5555267392574
470.37515417189553
9711.712560055857
6661.519486936763
3947.5555267392574
0.0
4088.9002521128286
1055.4279682949148
11087.736045155101
470.37515417189553
4088.9002521128286
0.0
152.80292260947132
497.47949371827826
9711.712560055857
1055.4279682949148
152.80292260947132
0.0
12.799799396534256
39.28610080567091
0
14.06687010199476
-0.006391356379550619
3215
152.80292260947132
29.883391206733283
11.010181224925764
-0.00199185297849298
1132
27.354021173953853
11.246982339055924
-0.0029108206603510323
517
24.770604449053355
9.26013797922262
-0.006391356379550619
1072
4.618896438115865
1.7516399113116492
-0.0016935857835693752
284
23.155205042154744
11.314601668550278
-0.0022101900203788712
210
3
8.907622424496251,9.325215795213706,5.864748189617592
-0.013544404354585995,5.6966630908242655,-0.23502338320373065
-4.424235833038866,-1.907035337455831,-2.6245275282685485
0.4366913423597675,17.617208417794966,0.03406994197292064
4.484044234141793,6.781232316231347,2.6025938386194056
-0.003129119718309885,-0.04381357042253527,-0.17970886267605643
-0.319459380952381,19.56381475238102,-2.577106919047619
7.872345453649754,7.44145618149235,5.692021779687959
10.579439479370663,1.4723024835548755,6.538716500154474
7.301664801241937,4.863864335280029,5.043025121484331
1.61812255958801,1.3130314832716312,0.8555549283037984
11.045740820583699,0.014622825418816094,6.229704694934194
Walking
5
0.0
319.3540165425714
3516.9116437165717
85.91361300096045
581.3421645149919
319.3540165425714
0.0
13422.201793843904
176.71541735964675
2349.6159532351385
3516.9116437165717
13422.201793843904
0.0
2342.124566960043
41746.13795349829
85.91361300096045
176.71541735964675
2342.124566960043
0.0
807.2918634868369
581.3421645149919
2349.6159532351385
41746.13795349829
807.2918634868369
0.0
7.475123171236609
45.17553578425719
1
13.690247813073855
-0.008259219548416585
4082
85.91361300096045
20.631420069570726
8.978846851382604
-8.106963427183794E-4
239
12.614193044131866
4.543708286559744
-0.0010938050392757734
420
11.919468395565096
4.915957003165554
-0.008259219548416585
2417
34.570643957820614
11.968820778363117
0.01718729959181793
114
22.030266702181226
7.214922347953708
-0.003436553582694627
892
3
5.721150634657486,5.124173542282163,3.9882749983352648
1.7075693517883423,8.71955598040177,-0.10881429642332183
14.016778242677823,2.968786610878659,-1.7925343807531364
-3.6724999999999963,2.5882857142857136,-2.918001240476189
2.4224102660322764,8.236835680182054,-0.35336508067852784
2.9070532456140334,9.71523940350877,10.380875096491227
-1.1475690459641252,14.328069933856508,0.9870626894618846
2.8843644124941292,7.7721198962165055,5.594852742846455
3.913524824415022,2.509159148355545,2.3568091405770484
3.7847667462454284,3.1549409352747886,2.052055293427429
10.00846583244056,7.438612401885316,3.9099550725417442
4.993059565769058,2.8843934524856896,5.3480129958076175
Standing
5
0.0
66.16601583278774
24.451265952452378
5783.683926354756
343.33453058279224
66.16601583278774
0.0
5.33973346583493
294.7433617670084
69.33189065508063
24.451265952452378
5.33973346583493
0.0
82.09387704246556
20.754083567433945
5783.683926354756
294.7433617670084
82.09387704246556
0.0
3947.9746158463854
343.33453058279224
69.33189065508063
20.754083567433945
3947.9746158463854
0.0
2.8121653692805677
11.360410033435308
2
7.8559848925788165
-0.05876149371583849
468
5.33973346583493
5.238352251324359
3.6369998808220703
-0.01758320747224805
66
3.27842940678312
1.6195136515987842
0.003627178443515386
49
3.5044251408564913
1.285912091625449
0.08096290692290455
19
3.9717562475886963
1.4566014615855278
-0.05876149371583849
265
3.0053791158018726
1.5022938797791276
-0.015890625645075054
69
3
3.0212523103499773,1.0852176197247805,1.3339475533141238
-0.7350427350427352,9.137948717948717,0.7467094636752138
-0.04318181818181829,8.863636363636365,-0.8346041515151519
-6.578163265306122,7.107959183673471,0.9228571428571433
6.582105263157894,6.3373684210526315,0.17
-0.4754339622641512,9.701094339622639,0.626849369811321
-0.2592753623188404,9.45028985507246,2.753316231884058
3.604022180026904,0.6114714569440536,0.8710099946929909
1.1108249064497662,1.013159208433012,0.9033410208774975
0.7939463944077093,0.9359121641197808,0.9120185183305095
1.2316590423365825,0.2224755914557643,1.0093976185365336
1.680832530798337,0.11468590116051772,0.24369488820739255
Jogging
Walking
Standing
