4
Walking
5
0.0
75236.03640255838
1005738.9076113872
62147.305757011614
16317.353967136138
75236.03640255838
0.0
1311229.848967439
46455.875434103524
30621.343520786253
1005738.9076113872
1311229.848967439
0.0
1005974.0454914484
373525.99922412337
62147.305757011614
46455.875434103524
1005974.0454914484
0.0
21858.28076863118
16317.353967136138
30621.343520786253
373525.99922412337
21858.28076863118
0.0
7.502643289851902
45.1381863939187
0
13.57826446288814
-0.0942215556048385
40739
16317.353967136138
18.566463564736488
5.774005444160634
-0.011571055479235592
3386
36.214430937586194
7.36574559655726
0.10886092735337222
4038
13.061089161396476
5.319271623121472
-0.0942215556048385
27828
17.327573150566366
5.481865739322268
-0.006674120145575724
3131
22.601589551624283
9.330185208447556
-0.007067250069396347
2356
3
5.798854505921504,5.028562991643185,4.0266874803252355
1.688614379513493,8.69998947880406,-0.11406542710916194
-4.660164144713535,15.168878918783184,-3.003144370053165
2.573738845468052,12.297998784051506,8.004080615156008
1.9495599262253926,8.575360007618182,-0.44873687843179727
-4.222537235388058,2.1153880472692492,-3.053736419674237
14.069367572156198,3.458968590831923,-2.016147512308999
4.021902510359962,2.803462414465893,3.982893215083419
6.272904109898208,4.457706750753029,3.228148449003
3.9962082391441958,3.564330059595655,2.1267994927637472
4.981920748333931,2.6276466722248375,3.0721599473293635
3.06534517527822,8.06797659681417,5.691105694515852
Sitting
5
0.0
12686.607721827035
3094.1033539200716
15738.616984061797
319.39156743712715
12686.607721827035
0.0
19407.890825213297
65363.969352582695
446.74612976168595
3094.1033539200716
19407.890825213297
0.0
12373.17376622235
226.89729871850284
15738.616984061797
65363.969352582695
12373.17376622235
0.0
1242.4584512987383
319.39156743712715
446.74612976168595
226.89729871850284
1242.4584512987383
0.0
5.8549523742038225
21.48297279458147
1
16.56682453042355
-0.09541772144694188
5486
226.89729871850284
10.068650718868199
4.514516203802613
-0.027654864197089596
645
3.136457407384289
1.1415088212869071
-0.025156408038244843
1331
3.1289891633037206
0.5506465784046235
-0.02003148309909142
605
6.21835523476046
3.178415320783663
-0.09541772144694188
2776
4.916148264157924
1.1559005784574596
0.11662682644809144
129
3
4.377563004830855,3.1000642265416016,3.6783096747874184
1.8620798395916829,2.177225665329931,6.840752414509693
3.689891472868214,7.702976744186045,1.6492193534883712
5.908084147257708,2.4454169797144933,7.5743418106686615
8.12776859504127,-2.3629586776859486,3.9077851239669377
-1.459668587896255,1.9019236311239236,8.970137720821393
-6.926589147286821,-1.0012403100775196,-6.8382945736434095
2.014325285216664,1.6191038683218715,4.327327367103466
0.9573918261105338,0.3685670724569085,0.7816310807491834
0.18079976669028372,0.4570282715597285,0.7263439610669203
2.155760044068896,2.458810210175065,0.5684931994465584
0.7480740856986027,1.1395791491214657,0.8592530586494573
Standing
5
0.0
22535.74543892972
4230.309150942146
6770.358783030163
375.4011689274441
22535.74543892972
0.0
291559.21755789523
520183.14028212836
6899.021053927487
4230.309150942146
291559.21755789523
0.0
25254.05280320888
1341.7242977249846
6770.358783030163
520183.14028212836
25254.05280320888
0.0
1731.6932606662638
375.4011689274441
6899.021053927487
1341.7242977249846
1731.6932606662638
0.0
2.782977849442579
14.599227768230598
2
8.320137350392601
-0.24234464165811442
4392
375.4011689274441
8.403714587798625
1.582591606076686
0.3949520976495235
382
5.067266258211242
1.4904045627917533
-0.24234464165811442
2626
3.19975540904264
1.2339613968845535
-0.050345007178819845
525
5.485147758333756
3.686288209050637
-0.0729870292080328
678
3.5857141071126883
1.637190963752486
0.005418861290797106
181
3
2.9830998626919594,1.110990501611544,1.3404059979126879
-0.7154485428050995,9.13541666666664,0.6992859540072849
-6.56146596858639,7.0971204188481725,0.9312605916230351
-0.4276199543031207,9.70661843107382,0.6495150159939055
-0.3623047619047619,9.434590476190511,2.805965038095236
-0.8573303834808256,8.700604719764023,-0.8424568038348067
6.953812154696127,5.911049723756905,0.5964088397790056
1.2178387326032858,1.0367803388497778,0.857991047554171
1.2243917245429676,0.2555670234891519,1.0629750017595738
1.4744401908550164,0.11258785333069374,0.20873118399202986
3.7063369957595627,0.4530507976005741,0.8031668083218138
0.8749002153048168,1.0338834571988047,1.086905305457902
Stairs
5
0.0
582643.2361406721
135230.00639115382
7698714.233501006
69667.8753243784
582643.2361406721
0.0
28845.455794668356
632005.7515457341
22978.1362533971
135230.00639115382
28845.455794668356
0.0
98853.6451399244
5330.800530219059
7698714.233501006
632005.7515457341
98853.6451399244
0.0
115582.68157238088
69667.8753243784
22978.1362533971
5330.800530219059
115582.68157238088
0.0
6.738761316538208
37.41671120731953
3
10.71201747475625
-0.053590754029087584
21801
5330.800530219059
13.050194062481117
4.982455076622712
-0.041827885860883054
7285
18.495499474127257
6.915143952614136
-0.018506452779984015
3843
24.830625915458786
9.171187073601406
-0.004657184555449639
1431
11.305389702491588
4.1403549411956195
-0.053590754029087584
7972
26.70469373256328
10.10769409504938
0.027335874566710577
1270
3
5.087229714234673,4.837355210072865,3.6642798141078208
0.5624131138021142,8.511581973212232,0.48699102509059317
1.6326255312285445,8.083532029238143,-0.6162129700754974
-0.022172481134530374,14.51919114545929,1.3572003348946187
9.901709898672241,5.132193897274631,-0.6550120524109022
-0.4027778428248892,7.57015370735072,1.1549944468138489
-8.272206108661427,2.505339662204722,1.27558146062992
4.639473638322221,2.452123688865804,1.614382842636939
4.632889141595293,2.701496886292998,5.113498816177301
4.388339643482351,6.352489468988838,6.205150611709905
1.2792726008624407,3.5684084812827814,2.6054255032237914
5.8431070456660965,7.417547990153023,6.027521103909726
Walking
Sitting
Standing
Stairs
