2
Iris-versicolor
3
0.0
136.25222698589647
9.425882994681588
136.25222698589647
0.0
2.541399622124254
9.425882994681588
2.541399622124254
0.0
0.7472647487671997
2.0518091404180367
0
1.691254012871638
-0.49962864446489175
21
2.541399622124254
0.7970867093498822
0.5368339387879647
-0.49962864446489175
12
0.611955714017253
0.4607721677014844
0.08939982519226486
7
0.36055512754639896
0.36055512754639896
3.6740188211056157
2
4
0.5912859271275162,0.3586349782425657,0.4592436846650962,0.21679483388678855
6.047619047619047,2.880952380952381,4.409523809523809,1.4
5.966666666666666,2.7916666666666665,4.3999999999999995,1.3499999999999999
6.471428571428571,3.2142857142857144,4.757142857142858,1.5857142857142856
5.05,2.25,3.25,1.05
0.44789067930251036,0.2609713789020922,0.21742292260185764,0.15075567228888181
0.4923220007078342,0.06900655593424818,0.07867957924692573,0.16761634196950714
0.07071067811867283,0.3535533905932738,0.3535533905932738,0.070710678118654
Iris-virginica
3
0.0
164.11118812242375
17.02256244963739
164.11118812242375
0.0
48.28692081090101
17.02256244963739
48.28692081090101
0.0
0.739689738913956
1.9278300752652404
1
1.275143320382012
-0.6367293087919613
29
17.02256244963739
0.6336706254344299
0.34309093998293283
0.6227285103584821
13
0.56224167622059
0.3522900552836931
-0.6367293087919613
11
0.6526867548832286
0.4681806391830743
4.985080293859259
5
4
0.5596004908500342,0.2894278371311328,0.4973823102620065,0.21108446235169726
6.462068965517242,2.93448275862069,5.389655172413794,1.9793103448275864
5.992307692307692,2.7384615384615385,4.953846153846154,1.830769230769231
6.590909090909091,3.0727272727272723,5.527272727272727,2.1
7.4,3.14,6.22,2.1000000000000005
0.2059997510578328,0.259930957302323,0.11266014242980919,0.12506408613597175
0.24271195048677388,0.17372915179042103,0.20538212722099167,0.12649110640673664
0.23452078799118603,0.27928480087537455,0.23874672772627095,0.30822070014844555
Iris-versicolor
Iris-virginica
